Pod Name, Delete Start Timestamp, Deleted Confirmed Timestamp, Delete Latency (milliseconds)
pause-pod-1-1, 1765368304351, 1765368312395, 8044
pause-pod-1-2, 1765368304355, 1765368312568, 8213
pause-pod-1-3, 1765368304358, 1765368312855, 8497
pause-pod-1-4, 1765368304361, 1765368313041, 8680
pause-pod-1-5, 1765368304364, 1765368313222, 8858
pause-pod-1-6, 1765368304369, 1765368313431, 9062
pause-pod-1-7, 1765368304372, 1765368313622, 9250
pause-pod-1-8, 1765368304377, 1765368313785, 9408
pause-pod-1-9, 1765368304383, 1765368313934, 9551
pause-pod-1-10, 1765368304389, 1765368314084, 9695
pause-pod-1-11, 1765368304395, 1765368314225, 9830
pause-pod-1-12, 1765368304400, 1765368314368, 9968
pause-pod-1-13, 1765368304408, 1765368314507, 10099
pause-pod-1-14, 1765368304415, 1765368314671, 10256
pause-pod-1-15, 1765368304426, 1765368314845, 10419
pause-pod-1-16, 1765368304432, 1765368315031, 10599
pause-pod-1-17, 1765368304438, 1765368315234, 10796
pause-pod-1-18, 1765368304441, 1765368315447, 11006
pause-pod-1-19, 1765368304447, 1765368315634, 11187
pause-pod-1-20, 1765368304457, 1765368315812, 11355
pause-pod-1-21, 1765368304466, 1765368315993, 11527
pause-pod-1-22, 1765368304480, 1765368316204, 11724
pause-pod-1-23, 1765368304502, 1765368316410, 11908
pause-pod-1-24, 1765368304513, 1765368316624, 12111
pause-pod-1-25, 1765368304537, 1765368316780, 12243
pause-pod-1-26, 1765368304543, 1765368316935, 12392
pause-pod-1-27, 1765368304549, 1765368317079, 12530
pause-pod-1-28, 1765368304564, 1765368317228, 12664
pause-pod-1-29, 1765368304579, 1765368317365, 12786
pause-pod-1-30, 1765368304584, 1765368317516, 12932
pause-pod-1-31, 1765368304589, 1765368317729, 13140
pause-pod-1-32, 1765368304597, 1765368317881, 13284
pause-pod-1-33, 1765368304613, 1765368318017, 13404
pause-pod-1-34, 1765368304625, 1765368318169, 13544
pause-pod-1-35, 1765368304643, 1765368318316, 13673
pause-pod-1-36, 1765368304650, 1765368318473, 13823
pause-pod-1-37, 1765368304655, 1765368318619, 13964
pause-pod-1-38, 1765368304671, 1765368318769, 14098
pause-pod-1-39, 1765368304700, 1765368318915, 14215
pause-pod-1-40, 1765368304723, 1765368319066, 14343
pause-pod-1-41, 1765368304730, 1765368319214, 14484
pause-pod-1-42, 1765368304756, 1765368319382, 14626
pause-pod-1-43, 1765368304762, 1765368319541, 14779
pause-pod-1-44, 1765368304769, 1765368319695, 14926
pause-pod-1-45, 1765368304782, 1765368319842, 15060
pause-pod-1-46, 1765368304796, 1765368319998, 15202
pause-pod-1-47, 1765368304812, 1765368320190, 15378
pause-pod-1-48, 1765368304834, 1765368320394, 15560
pause-pod-1-49, 1765368304842, 1765368320591, 15749
pause-pod-1-50, 1765368304847, 1765368320770, 15923
pause-pod-1-51, 1765368304866, 1765368320940, 16074
pause-pod-1-52, 1765368304897, 1765368321122, 16225
pause-pod-1-53, 1765368305003, 1765368321313, 16310
pause-pod-1-54, 1765368305020, 1765368321504, 16484
pause-pod-1-55, 1765368305036, 1765368321675, 16639
pause-pod-1-56, 1765368305067, 1765368321819, 16752
pause-pod-1-57, 1765368305121, 1765368321983, 16862
pause-pod-1-58, 1765368305160, 1765368322162, 17002
pause-pod-1-59, 1765368305204, 1765368322350, 17146
pause-pod-1-60, 1765368305236, 1765368322530, 17294
pause-pod-1-61, 1765368305255, 1765368322733, 17478
pause-pod-1-62, 1765368305297, 1765368322926, 17629
pause-pod-1-63, 1765368305352, 1765368323130, 17778
pause-pod-1-64, 1765368305386, 1765368323312, 17926
pause-pod-1-65, 1765368305399, 1765368323487, 18088
pause-pod-1-66, 1765368305464, 1765368323683, 18219
pause-pod-1-67, 1765368305482, 1765368323868, 18386
pause-pod-1-68, 1765368305569, 1765368324067, 18498
pause-pod-1-69, 1765368305583, 1765368324243, 18660
pause-pod-1-70, 1765368305620, 1765368324427, 18807
pause-pod-1-71, 1765368305698, 1765368324601, 18903
pause-pod-1-72, 1765368305732, 1765368324783, 19051
pause-pod-1-73, 1765368305824, 1765368324978, 19154
pause-pod-1-74, 1765368305920, 1765368325158, 19238
pause-pod-1-75, 1765368305971, 1765368325318, 19347
pause-pod-1-76, 1765368306004, 1765368325507, 19503
pause-pod-1-77, 1765368306086, 1765368325698, 19612
pause-pod-1-78, 1765368306216, 1765368325864, 19648
pause-pod-1-79, 1765368306239, 1765368326035, 19796
pause-pod-1-80, 1765368306271, 1765368326220, 19949
pause-pod-1-81, 1765368306289, 1765368326412, 20123
pause-pod-1-82, 1765368306303, 1765368326619, 20316
pause-pod-1-83, 1765368306335, 1765368326808, 20473
pause-pod-1-84, 1765368306388, 1765368326990, 20602
pause-pod-1-85, 1765368306433, 1765368327168, 20735
pause-pod-1-86, 1765368306462, 1765368327356, 20894
pause-pod-1-87, 1765368306469, 1765368327535, 21066
pause-pod-1-88, 1765368306516, 1765368327724, 21208
pause-pod-1-89, 1765368306556, 1765368327903, 21347
pause-pod-1-90, 1765368306591, 1765368328096, 21505
pause-pod-1-91, 1765368306637, 1765368328284, 21647
pause-pod-1-92, 1765368306648, 1765368328464, 21816
pause-pod-1-93, 1765368306653, 1765368328641, 21988
pause-pod-1-94, 1765368306664, 1765368328839, 22175
pause-pod-1-95, 1765368306677, 1765368329022, 22345
pause-pod-1-96, 1765368306767, 1765368329214, 22447
pause-pod-1-97, 1765368306839, 1765368329413, 22574
pause-pod-1-98, 1765368306855, 1765368329619, 22764
pause-pod-1-99, 1765368306894, 1765368329823, 22929
pause-pod-1-100, 1765368306928, 1765368330036, 23108
pause-pod-1-101, 1765368306955, 1765368330230, 23275
pause-pod-1-102, 1765368306966, 1765368330439, 23473
pause-pod-1-103, 1765368306978, 1765368330631, 23653
pause-pod-1-104, 1765368306986, 1765368330814, 23828
pause-pod-1-105, 1765368307025, 1765368331001, 23976
pause-pod-1-106, 1765368307136, 1765368331197, 24061
pause-pod-1-107, 1765368307247, 1765368331369, 24122
pause-pod-1-108, 1765368307279, 1765368331561, 24282
pause-pod-1-109, 1765368307373, 1765368331736, 24363
pause-pod-1-110, 1765368307419, 1765368331882, 24463
pause-pod-1-111, 1765368307489, 1765368332083, 24594
pause-pod-1-112, 1765368307516, 1765368332283, 24767
pause-pod-1-113, 1765368307533, 1765368332464, 24931
pause-pod-1-114, 1765368307588, 1765368332649, 25061
pause-pod-1-115, 1765368307620, 1765368332839, 25219
pause-pod-1-116, 1765368307645, 1765368333026, 25381
pause-pod-1-117, 1765368307670, 1765368333227, 25557
pause-pod-1-118, 1765368307713, 1765368333442, 25729
pause-pod-1-119, 1765368307771, 1765368333636, 25865
pause-pod-1-120, 1765368307792, 1765368333802, 26010
pause-pod-1-121, 1765368307836, 1765368333989, 26153
pause-pod-1-122, 1765368307921, 1765368334149, 26228
pause-pod-1-123, 1765368307940, 1765368334295, 26355
pause-pod-1-124, 1765368307968, 1765368334465, 26497
pause-pod-1-125, 1765368308031, 1765368334659, 26628
pause-pod-1-126, 1765368308056, 1765368334865, 26809
pause-pod-1-127, 1765368308106, 1765368335076, 26970
pause-pod-1-128, 1765368308112, 1765368335249, 27137
pause-pod-1-129, 1765368308116, 1765368335431, 27315
pause-pod-1-130, 1765368308122, 1765368335627, 27505
pause-pod-1-131, 1765368308144, 1765368335806, 27662
pause-pod-1-132, 1765368308156, 1765368335967, 27811
pause-pod-1-133, 1765368308182, 1765368336144, 27962
pause-pod-1-134, 1765368308288, 1765368336344, 28056
pause-pod-1-135, 1765368308328, 1765368336544, 28216
pause-pod-1-136, 1765368308427, 1765368336743, 28316
pause-pod-1-137, 1765368308499, 1765368336932, 28433
pause-pod-1-138, 1765368308542, 1765368337102, 28560
pause-pod-1-139, 1765368308583, 1765368337288, 28705
pause-pod-1-140, 1765368308658, 1765368337459, 28801
pause-pod-1-141, 1765368308704, 1765368337674, 28970
pause-pod-1-142, 1765368308738, 1765368337867, 29129
pause-pod-1-143, 1765368308772, 1765368338060, 29288
pause-pod-1-144, 1765368308790, 1765368338251, 29461
pause-pod-1-145, 1765368308811, 1765368338445, 29634
pause-pod-1-146, 1765368308846, 1765368338650, 29804
pause-pod-1-147, 1765368308892, 1765368338849, 29957
pause-pod-1-148, 1765368308910, 1765368339053, 30143
pause-pod-1-149, 1765368308928, 1765368339251, 30323
pause-pod-1-150, 1765368308951, 1765368339436, 30485
pause-pod-2-1, 1765368462047, 1765368470325, 8278
pause-pod-2-2, 1765368462051, 1765368470483, 8432
pause-pod-2-3, 1765368462054, 1765368470637, 8583
pause-pod-2-4, 1765368462059, 1765368470790, 8731
pause-pod-2-5, 1765368462062, 1765368470965, 8903
pause-pod-2-6, 1765368462066, 1765368471150, 9084
pause-pod-2-7, 1765368462068, 1765368471302, 9234
pause-pod-2-8, 1765368462072, 1765368471450, 9378
pause-pod-2-9, 1765368462076, 1765368471591, 9515
pause-pod-2-10, 1765368462080, 1765368471739, 9659
pause-pod-2-11, 1765368462086, 1765368471885, 9799
pause-pod-2-12, 1765368462092, 1765368472054, 9962
pause-pod-2-13, 1765368462102, 1765368472230, 10128
pause-pod-2-14, 1765368462110, 1765368472434, 10324
pause-pod-2-15, 1765368462121, 1765368472628, 10507
pause-pod-2-16, 1765368462129, 1765368472799, 10670
pause-pod-2-17, 1765368462136, 1765368472996, 10860
pause-pod-2-18, 1765368462145, 1765368473200, 11055
pause-pod-2-19, 1765368462159, 1765368473380, 11221
pause-pod-2-20, 1765368462165, 1765368473572, 11407
pause-pod-2-21, 1765368462177, 1765368473750, 11573
pause-pod-2-22, 1765368462189, 1765368473940, 11751
pause-pod-2-23, 1765368462204, 1765368474121, 11917
pause-pod-2-24, 1765368462217, 1765368474319, 12102
pause-pod-2-25, 1765368462245, 1765368474495, 12250
pause-pod-2-26, 1765368462257, 1765368474677, 12420
pause-pod-2-27, 1765368462267, 1765368474857, 12590
pause-pod-2-28, 1765368462276, 1765368475043, 12767
pause-pod-2-29, 1765368462284, 1765368475213, 12929
pause-pod-2-30, 1765368462301, 1765368475362, 13061
pause-pod-2-31, 1765368462315, 1765368475548, 13233
pause-pod-2-32, 1765368462320, 1765368475741, 13421
pause-pod-2-33, 1765368462336, 1765368475921, 13585
pause-pod-2-34, 1765368462392, 1765368476104, 13712
pause-pod-2-35, 1765368462428, 1765368476296, 13868
pause-pod-2-36, 1765368462454, 1765368476485, 14031
pause-pod-2-37, 1765368462474, 1765368476668, 14194
pause-pod-2-38, 1765368462509, 1765368476850, 14341
pause-pod-2-39, 1765368462515, 1765368477022, 14507
pause-pod-2-40, 1765368462542, 1765368477204, 14662
pause-pod-2-41, 1765368462567, 1765368477367, 14800
pause-pod-2-42, 1765368462582, 1765368477543, 14961
pause-pod-2-43, 1765368462633, 1765368477714, 15081
pause-pod-2-44, 1765368462675, 1765368477892, 15217
pause-pod-2-45, 1765368462695, 1765368478074, 15379
pause-pod-2-46, 1765368462751, 1765368478257, 15506
pause-pod-2-47, 1765368462778, 1765368478449, 15671
pause-pod-2-48, 1765368462826, 1765368478646, 15820
pause-pod-2-49, 1765368462867, 1765368478809, 15942
pause-pod-2-50, 1765368462880, 1765368478986, 16106
pause-pod-2-51, 1765368462923, 1765368479165, 16242
pause-pod-2-52, 1765368462969, 1765368479344, 16375
pause-pod-2-53, 1765368463017, 1765368479537, 16520
pause-pod-2-54, 1765368463026, 1765368479729, 16703
pause-pod-2-55, 1765368463095, 1765368479926, 16831
pause-pod-2-56, 1765368463173, 1765368480120, 16947
pause-pod-2-57, 1765368463231, 1765368480319, 17088
pause-pod-2-58, 1765368463277, 1765368480512, 17235
pause-pod-2-59, 1765368463296, 1765368480693, 17397
pause-pod-2-60, 1765368463311, 1765368480868, 17557
pause-pod-2-61, 1765368463356, 1765368481062, 17706
pause-pod-2-62, 1765368463391, 1765368481272, 17881
pause-pod-2-63, 1765368463412, 1765368481467, 18055
pause-pod-2-64, 1765368463472, 1765368481669, 18197
pause-pod-2-65, 1765368463506, 1765368481873, 18367
pause-pod-2-66, 1765368463582, 1765368482064, 18482
pause-pod-2-67, 1765368463651, 1765368482244, 18593
pause-pod-2-68, 1765368463676, 1765368482429, 18753
pause-pod-2-69, 1765368463699, 1765368482619, 18920
pause-pod-2-70, 1765368463709, 1765368482815, 19106
pause-pod-2-71, 1765368463722, 1765368483016, 19294
pause-pod-2-72, 1765368463787, 1765368483215, 19428
pause-pod-2-73, 1765368463813, 1765368483414, 19601
pause-pod-2-74, 1765368463825, 1765368483608, 19783
pause-pod-2-75, 1765368463843, 1765368483773, 19930
pause-pod-2-76, 1765368463852, 1765368483951, 20099
pause-pod-2-77, 1765368463871, 1765368484145, 20274
pause-pod-2-78, 1765368463916, 1765368484306, 20390
pause-pod-2-79, 1765368463937, 1765368484477, 20540
pause-pod-2-80, 1765368464028, 1765368484665, 20637
pause-pod-2-81, 1765368464081, 1765368484855, 20774
pause-pod-2-82, 1765368464161, 1765368485044, 20883
pause-pod-2-83, 1765368464196, 1765368485232, 21036
pause-pod-2-84, 1765368464208, 1765368485442, 21234
pause-pod-2-85, 1765368464216, 1765368485628, 21412
pause-pod-2-86, 1765368464248, 1765368485810, 21562
pause-pod-2-87, 1765368464339, 1765368485997, 21658
pause-pod-2-88, 1765368464355, 1765368486174, 21819
pause-pod-2-89, 1765368464369, 1765368486375, 22006
pause-pod-2-90, 1765368464406, 1765368486557, 22151
pause-pod-2-91, 1765368464478, 1765368486746, 22268
pause-pod-2-92, 1765368464505, 1765368486943, 22438
pause-pod-2-93, 1765368464585, 1765368487137, 22552
pause-pod-2-94, 1765368464623, 1765368487336, 22713
pause-pod-2-95, 1765368464672, 1765368487541, 22869
pause-pod-2-96, 1765368464711, 1765368487742, 23031
pause-pod-2-97, 1765368464746, 1765368487923, 23177
pause-pod-2-98, 1765368464763, 1765368488144, 23381
pause-pod-2-99, 1765368464799, 1765368488324, 23525
pause-pod-2-100, 1765368464832, 1765368488527, 23695
pause-pod-2-101, 1765368464880, 1765368488740, 23860
pause-pod-2-102, 1765368464897, 1765368488912, 24015
pause-pod-2-103, 1765368464957, 1765368489112, 24155
pause-pod-2-104, 1765368465048, 1765368489304, 24256
pause-pod-2-105, 1765368465095, 1765368489471, 24376
pause-pod-2-106, 1765368465127, 1765368489650, 24523
pause-pod-2-107, 1765368465180, 1765368489826, 24646
pause-pod-2-108, 1765368465200, 1765368490006, 24806
pause-pod-2-109, 1765368465244, 1765368490209, 24965
pause-pod-2-110, 1765368465295, 1765368490409, 25114
pause-pod-2-111, 1765368465300, 1765368490587, 25287
pause-pod-2-112, 1765368465370, 1765368490784, 25414
pause-pod-2-113, 1765368465387, 1765368490964, 25577
pause-pod-2-114, 1765368465398, 1765368491144, 25746
pause-pod-2-115, 1765368465456, 1765368491332, 25876
pause-pod-2-116, 1765368465469, 1765368491488, 26019
pause-pod-2-117, 1765368465529, 1765368491666, 26137
pause-pod-2-118, 1765368465548, 1765368491846, 26298
pause-pod-2-119, 1765368465600, 1765368492027, 26427
pause-pod-2-120, 1765368465702, 1765368492211, 26509
pause-pod-2-121, 1765368465782, 1765368492378, 26596
pause-pod-2-122, 1765368465811, 1765368492564, 26753
pause-pod-2-123, 1765368465824, 1765368492771, 26947
pause-pod-2-124, 1765368465874, 1765368492949, 27075
pause-pod-2-125, 1765368465916, 1765368493140, 27224
pause-pod-2-126, 1765368465971, 1765368493311, 27340
pause-pod-2-127, 1765368465998, 1765368493478, 27480
pause-pod-2-128, 1765368466023, 1765368493657, 27634
pause-pod-2-129, 1765368466056, 1765368493838, 27782
pause-pod-2-130, 1765368466090, 1765368494019, 27929
pause-pod-2-131, 1765368466101, 1765368494220, 28119
pause-pod-2-132, 1765368466135, 1765368494419, 28284
pause-pod-2-133, 1765368466164, 1765368494618, 28454
pause-pod-2-134, 1765368466185, 1765368494798, 28613
pause-pod-2-135, 1765368466200, 1765368494978, 28778
pause-pod-2-136, 1765368466253, 1765368495191, 28938
pause-pod-2-137, 1765368466288, 1765368495375, 29087
pause-pod-2-138, 1765368466314, 1765368495568, 29254
pause-pod-2-139, 1765368466345, 1765368495775, 29430
pause-pod-2-140, 1765368466364, 1765368495955, 29591
pause-pod-2-141, 1765368466386, 1765368496163, 29777
pause-pod-2-142, 1765368466444, 1765368496344, 29900
pause-pod-2-143, 1765368466537, 1765368496546, 30009
pause-pod-2-144, 1765368466595, 1765368496754, 30159
pause-pod-2-145, 1765368466653, 1765368496945, 30292
pause-pod-2-146, 1765368466689, 1765368497125, 30436
pause-pod-2-147, 1765368466738, 1765368497314, 30576
pause-pod-2-148, 1765368466766, 1765368497490, 30724
pause-pod-2-149, 1765368466809, 1765368497671, 30862
pause-pod-2-150, 1765368466831, 1765368497869, 31038
pause-pod-3-1, 1765368620166, 1765368626520, 6354
pause-pod-3-2, 1765368620172, 1765368626758, 6586
pause-pod-3-3, 1765368620180, 1765368627501, 7321
pause-pod-3-4, 1765368620188, 1765368627795, 7607
pause-pod-3-5, 1765368620192, 1765368627943, 7751
pause-pod-3-6, 1765368620195, 1765368628142, 7947
pause-pod-3-7, 1765368620197, 1765368628312, 8115
pause-pod-3-8, 1765368620200, 1765368628482, 8282
pause-pod-3-9, 1765368620204, 1765368629052, 8848
pause-pod-3-10, 1765368620207, 1765368629203, 8996
pause-pod-3-11, 1765368620212, 1765368629348, 9136
pause-pod-3-12, 1765368620215, 1765368629498, 9283
pause-pod-3-13, 1765368620224, 1765368629640, 9416
pause-pod-3-14, 1765368620234, 1765368629785, 9551
pause-pod-3-15, 1765368620239, 1765368629938, 9699
pause-pod-3-16, 1765368620247, 1765368630115, 9868
pause-pod-3-17, 1765368620256, 1765368630296, 10040
pause-pod-3-18, 1765368620266, 1765368630455, 10189
pause-pod-3-19, 1765368620281, 1765368630626, 10345
pause-pod-3-20, 1765368620293, 1765368630795, 10502
pause-pod-3-21, 1765368620303, 1765368630978, 10675
pause-pod-3-22, 1765368620321, 1765368631170, 10849
pause-pod-3-23, 1765368620330, 1765368631356, 11026
pause-pod-3-24, 1765368620349, 1765368631559, 11210
pause-pod-3-25, 1765368620363, 1765368631738, 11375
pause-pod-3-26, 1765368620380, 1765368631941, 11561
pause-pod-3-27, 1765368620397, 1765368632117, 11720
pause-pod-3-28, 1765368620411, 1765368632283, 11872
pause-pod-3-29, 1765368620427, 1765368632468, 12041
pause-pod-3-30, 1765368620439, 1765368632656, 12217
pause-pod-3-31, 1765368620463, 1765368632840, 12377
pause-pod-3-32, 1765368620492, 1765368633044, 12552
pause-pod-3-33, 1765368620521, 1765368633241, 12720
pause-pod-3-34, 1765368620554, 1765368633448, 12894
pause-pod-3-35, 1765368620564, 1765368633631, 13067
pause-pod-3-36, 1765368620576, 1765368633797, 13221
pause-pod-3-37, 1765368620593, 1765368634001, 13408
pause-pod-3-38, 1765368620622, 1765368634183, 13561
pause-pod-3-39, 1765368620650, 1765368634336, 13686
pause-pod-3-40, 1765368620657, 1765368634474, 13817
pause-pod-3-41, 1765368620683, 1765368634640, 13957
pause-pod-3-42, 1765368620716, 1765368634807, 14091
pause-pod-3-43, 1765368620760, 1765368635006, 14246
pause-pod-3-44, 1765368620818, 1765368635216, 14398
pause-pod-3-45, 1765368620852, 1765368635422, 14570
pause-pod-3-46, 1765368620907, 1765368635611, 14704
pause-pod-3-47, 1765368620947, 1765368635811, 14864
pause-pod-3-48, 1765368620957, 1765368636006, 15049
pause-pod-3-49, 1765368620967, 1765368636198, 15231
pause-pod-3-50, 1765368620985, 1765368636397, 15412
pause-pod-3-51, 1765368621003, 1765368636613, 15610
pause-pod-3-52, 1765368621029, 1765368636798, 15769
pause-pod-3-53, 1765368621044, 1765368636994, 15950
pause-pod-3-54, 1765368621089, 1765368637158, 16069
pause-pod-3-55, 1765368621108, 1765368637347, 16239
pause-pod-3-56, 1765368621151, 1765368637542, 16391
pause-pod-3-57, 1765368621208, 1765368637741, 16533
pause-pod-3-58, 1765368621243, 1765368637924, 16681
pause-pod-3-59, 1765368621305, 1765368638122, 16817
pause-pod-3-60, 1765368621355, 1765368638294, 16939
pause-pod-3-61, 1765368621381, 1765368638481, 17100
pause-pod-3-62, 1765368621406, 1765368638670, 17264
pause-pod-3-63, 1765368621454, 1765368638872, 17418
pause-pod-3-64, 1765368621501, 1765368639079, 17578
pause-pod-3-65, 1765368621512, 1765368639254, 17742
pause-pod-3-66, 1765368621527, 1765368639422, 17895
pause-pod-3-67, 1765368621563, 1765368639587, 18024
pause-pod-3-68, 1765368621582, 1765368639767, 18185
pause-pod-3-69, 1765368621593, 1765368639957, 18364
pause-pod-3-70, 1765368621630, 1765368640148, 18518
pause-pod-3-71, 1765368621667, 1765368640332, 18665
pause-pod-3-72, 1765368621753, 1765368640519, 18766
pause-pod-3-73, 1765368621787, 1765368640711, 18924
pause-pod-3-74, 1765368621813, 1765368640871, 19058
pause-pod-3-75, 1765368621866, 1765368641050, 19184
pause-pod-3-76, 1765368621897, 1765368641224, 19327
pause-pod-3-77, 1765368621924, 1765368641408, 19484
pause-pod-3-78, 1765368621949, 1765368641571, 19622
pause-pod-3-79, 1765368621958, 1765368641755, 19797
pause-pod-3-80, 1765368621976, 1765368641951, 19975
pause-pod-3-81, 1765368622014, 1765368642121, 20107
pause-pod-3-82, 1765368622069, 1765368642315, 20246
pause-pod-3-83, 1765368622082, 1765368642481, 20399
pause-pod-3-84, 1765368622097, 1765368642662, 20565
pause-pod-3-85, 1765368622203, 1765368642845, 20642
pause-pod-3-86, 1765368622210, 1765368643036, 20826
pause-pod-3-87, 1765368622271, 1765368643221, 20950
pause-pod-3-88, 1765368622307, 1765368643395, 21088
pause-pod-3-89, 1765368622314, 1765368643576, 21262
pause-pod-3-90, 1765368622347, 1765368643757, 21410
pause-pod-3-91, 1765368622374, 1765368643931, 21557
pause-pod-3-92, 1765368622396, 1765368644129, 21733
pause-pod-3-93, 1765368622413, 1765368644298, 21885
pause-pod-3-94, 1765368622467, 1765368644493, 22026
pause-pod-3-95, 1765368622492, 1765368644683, 22191
pause-pod-3-96, 1765368622534, 1765368644852, 22318
pause-pod-3-97, 1765368622596, 1765368645041, 22445
pause-pod-3-98, 1765368622625, 1765368645238, 22613
pause-pod-3-99, 1765368622639, 1765368645428, 22789
pause-pod-3-100, 1765368622657, 1765368645598, 22941
pause-pod-3-101, 1765368622680, 1765368645783, 23103
pause-pod-3-102, 1765368622716, 1765368645968, 23252
pause-pod-3-103, 1765368622720, 1765368646160, 23440
pause-pod-3-104, 1765368622752, 1765368646359, 23607
pause-pod-3-105, 1765368622792, 1765368646565, 23773
pause-pod-3-106, 1765368622821, 1765368646760, 23939
pause-pod-3-107, 1765368622831, 1765368646956, 24125
pause-pod-3-108, 1765368622857, 1765368647120, 24263
pause-pod-3-109, 1765368622924, 1765368647294, 24370
pause-pod-3-110, 1765368623022, 1765368647465, 24443
pause-pod-3-111, 1765368623062, 1765368647653, 24591
pause-pod-3-112, 1765368623100, 1765368647847, 24747
pause-pod-3-113, 1765368623114, 1765368648030, 24916
pause-pod-3-114, 1765368623121, 1765368648212, 25091
pause-pod-3-115, 1765368623124, 1765368648396, 25272
pause-pod-3-116, 1765368623166, 1765368648572, 25406
pause-pod-3-117, 1765368623201, 1765368648763, 25562
pause-pod-3-118, 1765368623208, 1765368648953, 25745
pause-pod-3-119, 1765368623230, 1765368649139, 25909
pause-pod-3-120, 1765368623252, 1765368649319, 26067
pause-pod-3-121, 1765368623325, 1765368649493, 26168
pause-pod-3-122, 1765368623354, 1765368649679, 26325
pause-pod-3-123, 1765368623391, 1765368649860, 26469
pause-pod-3-124, 1765368623395, 1765368650033, 26638
pause-pod-3-125, 1765368623450, 1765368650198, 26748
pause-pod-3-126, 1765368623502, 1765368650406, 26904
pause-pod-3-127, 1765368623527, 1765368650586, 27059
pause-pod-3-128, 1765368623574, 1765368650759, 27185
pause-pod-3-129, 1765368623615, 1765368650934, 27319
pause-pod-3-130, 1765368623641, 1765368651124, 27483
pause-pod-3-131, 1765368623651, 1765368651299, 27648
pause-pod-3-132, 1765368623657, 1765368651495, 27838
pause-pod-3-133, 1765368623662, 1765368651697, 28035
pause-pod-3-134, 1765368623675, 1765368651870, 28195
pause-pod-3-135, 1765368623685, 1765368652053, 28368
pause-pod-3-136, 1765368623698, 1765368652215, 28517
pause-pod-3-137, 1765368623718, 1765368652396, 28678
pause-pod-3-138, 1765368623728, 1765368652588, 28860
pause-pod-3-139, 1765368623735, 1765368652770, 29035
pause-pod-3-140, 1765368623772, 1765368652956, 29184
pause-pod-3-141, 1765368623786, 1765368653160, 29374
pause-pod-3-142, 1765368623805, 1765368653344, 29539
pause-pod-3-143, 1765368623823, 1765368653553, 29730
pause-pod-3-144, 1765368623844, 1765368653744, 29900
pause-pod-3-145, 1765368623872, 1765368653917, 30045
pause-pod-3-146, 1765368623902, 1765368654092, 30190
pause-pod-3-147, 1765368623919, 1765368654277, 30358
pause-pod-3-148, 1765368623984, 1765368654454, 30470
pause-pod-3-149, 1765368624043, 1765368654617, 30574
pause-pod-3-150, 1765368624118, 1765368654794, 30676
pause-pod-4-1, 1765368778193, 1765368784867, 6674
pause-pod-4-2, 1765368778202, 1765368785185, 6983
pause-pod-4-3, 1765368778206, 1765368785476, 7270
pause-pod-4-4, 1765368778212, 1765368786441, 8229
pause-pod-4-5, 1765368778215, 1765368786601, 8386
pause-pod-4-6, 1765368778219, 1765368786750, 8531
pause-pod-4-7, 1765368778222, 1765368786912, 8690
pause-pod-4-8, 1765368778226, 1765368787078, 8852
pause-pod-4-9, 1765368778228, 1765368787238, 9010
pause-pod-4-10, 1765368778232, 1765368787407, 9175
pause-pod-4-11, 1765368778240, 1765368787599, 9359
pause-pod-4-12, 1765368778244, 1765368787759, 9515
pause-pod-4-13, 1765368778252, 1765368787906, 9654
pause-pod-4-14, 1765368778257, 1765368788050, 9793
pause-pod-4-15, 1765368778265, 1765368788203, 9938
pause-pod-4-16, 1765368778278, 1765368788349, 10071
pause-pod-4-17, 1765368778294, 1765368788491, 10197
pause-pod-4-18, 1765368778304, 1765368788655, 10351
pause-pod-4-19, 1765368778314, 1765368788844, 10530
pause-pod-4-20, 1765368778324, 1765368789042, 10718
pause-pod-4-21, 1765368778334, 1765368789251, 10917
pause-pod-4-22, 1765368778346, 1765368789433, 11087
pause-pod-4-23, 1765368778363, 1765368789595, 11232
pause-pod-4-24, 1765368778372, 1765368789787, 11415
pause-pod-4-25, 1765368778377, 1765368789967, 11590
pause-pod-4-26, 1765368778393, 1765368790156, 11763
pause-pod-4-27, 1765368778403, 1765368790355, 11952
pause-pod-4-28, 1765368778412, 1765368790546, 12134
pause-pod-4-29, 1765368778419, 1765368790742, 12323
pause-pod-4-30, 1765368778424, 1765368790918, 12494
pause-pod-4-31, 1765368778441, 1765368791117, 12676
pause-pod-4-32, 1765368778459, 1765368791316, 12857
pause-pod-4-33, 1765368778471, 1765368791467, 12996
pause-pod-4-34, 1765368778498, 1765368791632, 13134
pause-pod-4-35, 1765368778518, 1765368791812, 13294
pause-pod-4-36, 1765368778537, 1765368792013, 13476
pause-pod-4-37, 1765368778552, 1765368792185, 13633
pause-pod-4-38, 1765368778568, 1765368792369, 13801
pause-pod-4-39, 1765368778621, 1765368792552, 13931
pause-pod-4-40, 1765368778670, 1765368792718, 14048
pause-pod-4-41, 1765368778726, 1765368792891, 14165
pause-pod-4-42, 1765368778778, 1765368793090, 14312
pause-pod-4-43, 1765368778786, 1765368793255, 14469
pause-pod-4-44, 1765368778860, 1765368793422, 14562
pause-pod-4-45, 1765368778948, 1765368793619, 14671
pause-pod-4-46, 1765368778979, 1765368793793, 14814
pause-pod-4-47, 1765368779039, 1765368793973, 14934
pause-pod-4-48, 1765368779090, 1765368794169, 15079
pause-pod-4-49, 1765368779127, 1765368794380, 15253
pause-pod-4-50, 1765368779163, 1765368794567, 15404
pause-pod-4-51, 1765368779187, 1765368794764, 15577
pause-pod-4-52, 1765368779204, 1765368794964, 15760
pause-pod-4-53, 1765368779222, 1765368795147, 15925
pause-pod-4-54, 1765368779231, 1765368795350, 16119
pause-pod-4-55, 1765368779238, 1765368795544, 16306
pause-pod-4-56, 1765368779252, 1765368795732, 16480
pause-pod-4-57, 1765368779279, 1765368795911, 16632
pause-pod-4-58, 1765368779324, 1765368796106, 16782
pause-pod-4-59, 1765368779352, 1765368796300, 16948
pause-pod-4-60, 1765368779391, 1765368796484, 17093
pause-pod-4-61, 1765368779440, 1765368796697, 17257
pause-pod-4-62, 1765368779475, 1765368796882, 17407
pause-pod-4-63, 1765368779498, 1765368797077, 17579
pause-pod-4-64, 1765368779521, 1765368797245, 17724
pause-pod-4-65, 1765368779534, 1765368797448, 17914
pause-pod-4-66, 1765368779546, 1765368797622, 18076
pause-pod-4-67, 1765368779557, 1765368797785, 18228
pause-pod-4-68, 1765368779563, 1765368797955, 18392
pause-pod-4-69, 1765368779598, 1765368798164, 18566
pause-pod-4-70, 1765368779692, 1765368798334, 18642
pause-pod-4-71, 1765368779747, 1765368798524, 18777
pause-pod-4-72, 1765368779756, 1765368798726, 18970
pause-pod-4-73, 1765368779789, 1765368798911, 19122
pause-pod-4-74, 1765368779802, 1765368799098, 19296
pause-pod-4-75, 1765368779864, 1765368799280, 19416
pause-pod-4-76, 1765368779903, 1765368799456, 19553
pause-pod-4-77, 1765368779937, 1765368799632, 19695
pause-pod-4-78, 1765368779947, 1765368799820, 19873
pause-pod-4-79, 1765368779968, 1765368800008, 20040
pause-pod-4-80, 1765368779982, 1765368800179, 20197
pause-pod-4-81, 1765368780026, 1765368800356, 20330
pause-pod-4-82, 1765368780078, 1765368800526, 20448
pause-pod-4-83, 1765368780120, 1765368800709, 20589
pause-pod-4-84, 1765368780194, 1765368800898, 20704
pause-pod-4-85, 1765368780246, 1765368801097, 20851
pause-pod-4-86, 1765368780264, 1765368801272, 21008
pause-pod-4-87, 1765368780293, 1765368801455, 21162
pause-pod-4-88, 1765368780316, 1765368801635, 21319
pause-pod-4-89, 1765368780343, 1765368801826, 21483
pause-pod-4-90, 1765368780377, 1765368802015, 21638
pause-pod-4-91, 1765368780485, 1765368802204, 21719
pause-pod-4-92, 1765368780525, 1765368802363, 21838
pause-pod-4-93, 1765368780533, 1765368802542, 22009
pause-pod-4-94, 1765368780568, 1765368802708, 22140
pause-pod-4-95, 1765368780591, 1765368802875, 22284
pause-pod-4-96, 1765368780639, 1765368803069, 22430
pause-pod-4-97, 1765368780670, 1765368803261, 22591
pause-pod-4-98, 1765368780720, 1765368803448, 22728
pause-pod-4-99, 1765368780773, 1765368803652, 22879
pause-pod-4-100, 1765368780851, 1765368803824, 22973
pause-pod-4-101, 1765368780917, 1765368804008, 23091
pause-pod-4-102, 1765368780960, 1765368804197, 23237
pause-pod-4-103, 1765368780983, 1765368804400, 23417
pause-pod-4-104, 1765368781016, 1765368804557, 23541
pause-pod-4-105, 1765368781067, 1765368804750, 23683
pause-pod-4-106, 1765368781074, 1765368804931, 23857
pause-pod-4-107, 1765368781138, 1765368805094, 23956
pause-pod-4-108, 1765368781175, 1765368805258, 24083
pause-pod-4-109, 1765368781240, 1765368805440, 24200
pause-pod-4-110, 1765368781257, 1765368805639, 24382
pause-pod-4-111, 1765368781383, 1765368805828, 24445
pause-pod-4-112, 1765368781397, 1765368806002, 24605
pause-pod-4-113, 1765368781435, 1765368806187, 24752
pause-pod-4-114, 1765368781532, 1765368806380, 24848
pause-pod-4-115, 1765368781555, 1765368806567, 25012
pause-pod-4-116, 1765368781582, 1765368806758, 25176
pause-pod-4-117, 1765368781650, 1765368806944, 25294
pause-pod-4-118, 1765368781731, 1765368807106, 25375
pause-pod-4-119, 1765368781843, 1765368807299, 25456
pause-pod-4-120, 1765368781884, 1765368807479, 25595
pause-pod-4-121, 1765368781889, 1765368807648, 25759
pause-pod-4-122, 1765368781893, 1765368807826, 25933
pause-pod-4-123, 1765368781923, 1765368807987, 26064
pause-pod-4-124, 1765368781940, 1765368808189, 26249
pause-pod-4-125, 1765368781960, 1765368808366, 26406
pause-pod-4-126, 1765368781979, 1765368808541, 26562
pause-pod-4-127, 1765368782002, 1765368808724, 26722
pause-pod-4-128, 1765368782074, 1765368808917, 26843
pause-pod-4-129, 1765368782098, 1765368809113, 27015
pause-pod-4-130, 1765368782172, 1765368809303, 27131
pause-pod-4-131, 1765368782249, 1765368809497, 27248
pause-pod-4-132, 1765368782287, 1765368809669, 27382
pause-pod-4-133, 1765368782355, 1765368809856, 27501
pause-pod-4-134, 1765368782424, 1765368810041, 27617
pause-pod-4-135, 1765368782502, 1765368810201, 27699
pause-pod-4-136, 1765368782520, 1765368810390, 27870
pause-pod-4-137, 1765368782562, 1765368810569, 28007
pause-pod-4-138, 1765368782597, 1765368810748, 28151
pause-pod-4-139, 1765368782637, 1765368810924, 28287
pause-pod-4-140, 1765368782656, 1765368811103, 28447
pause-pod-4-141, 1765368782671, 1765368811275, 28604
pause-pod-4-142, 1765368782705, 1765368811454, 28749
pause-pod-4-143, 1765368782728, 1765368811625, 28897
pause-pod-4-144, 1765368782765, 1765368811788, 29023
pause-pod-4-145, 1765368782775, 1765368811936, 29161
pause-pod-4-146, 1765368782785, 1765368812086, 29301
pause-pod-4-147, 1765368782795, 1765368812248, 29453
pause-pod-4-148, 1765368782832, 1765368812395, 29563
pause-pod-4-149, 1765368782849, 1765368812549, 29700
pause-pod-4-150, 1765368782873, 1765368812684, 29811
pause-pod-5-1, 1765368936694, 1765368944748, 8054
pause-pod-5-2, 1765368936701, 1765368944913, 8212
pause-pod-5-3, 1765368936707, 1765368945074, 8367
pause-pod-5-4, 1765368936714, 1765368945359, 8645
pause-pod-5-5, 1765368936718, 1765368945579, 8861
pause-pod-5-6, 1765368936721, 1765368945761, 9040
pause-pod-5-7, 1765368936724, 1765368945935, 9211
pause-pod-5-8, 1765368936730, 1765368946094, 9364
pause-pod-5-9, 1765368936734, 1765368946253, 9519
pause-pod-5-10, 1765368936741, 1765368947348, 10607
pause-pod-5-11, 1765368936746, 1765368947543, 10797
pause-pod-5-12, 1765368936756, 1765368947719, 10963
pause-pod-5-13, 1765368936765, 1765368947906, 11141
pause-pod-5-14, 1765368936779, 1765368948120, 11341
pause-pod-5-15, 1765368936791, 1765368948322, 11531
pause-pod-5-16, 1765368936803, 1765368948539, 11736
pause-pod-5-17, 1765368936809, 1765368948730, 11921
pause-pod-5-18, 1765368936819, 1765368948926, 12107
pause-pod-5-19, 1765368936835, 1765368949128, 12293
pause-pod-5-20, 1765368936847, 1765368949317, 12470
pause-pod-5-21, 1765368936852, 1765368949522, 12670
pause-pod-5-22, 1765368936858, 1765368949715, 12857
pause-pod-5-23, 1765368936867, 1765368949910, 13043
pause-pod-5-24, 1765368936879, 1765368950105, 13226
pause-pod-5-25, 1765368936891, 1765368950293, 13402
pause-pod-5-26, 1765368936919, 1765368950489, 13570
pause-pod-5-27, 1765368936926, 1765368950704, 13778
pause-pod-5-28, 1765368936934, 1765368950879, 13945
pause-pod-5-29, 1765368936954, 1765368951063, 14109
pause-pod-5-30, 1765368936974, 1765368951263, 14289
pause-pod-5-31, 1765368936983, 1765368951469, 14486
pause-pod-5-32, 1765368937026, 1765368951661, 14635
pause-pod-5-33, 1765368937043, 1765368951843, 14800
pause-pod-5-34, 1765368937061, 1765368952058, 14997
pause-pod-5-35, 1765368937109, 1765368952251, 15142
pause-pod-5-36, 1765368937114, 1765368952423, 15309
pause-pod-5-37, 1765368937142, 1765368952583, 15441
pause-pod-5-38, 1765368937155, 1765368952772, 15617
pause-pod-5-39, 1765368937163, 1765368952974, 15811
pause-pod-5-40, 1765368937180, 1765368953164, 15984
pause-pod-5-41, 1765368937225, 1765368953364, 16139
pause-pod-5-42, 1765368937239, 1765368953551, 16312
pause-pod-5-43, 1765368937271, 1765368953715, 16444
pause-pod-5-44, 1765368937302, 1765368953900, 16598
pause-pod-5-45, 1765368937320, 1765368954085, 16765
pause-pod-5-46, 1765368937335, 1765368954279, 16944
pause-pod-5-47, 1765368937395, 1765368954456, 17061
pause-pod-5-48, 1765368937444, 1765368954637, 17193
pause-pod-5-49, 1765368937464, 1765368954821, 17357
pause-pod-5-50, 1765368937494, 1765368954998, 17504
pause-pod-5-51, 1765368937517, 1765368955195, 17678
pause-pod-5-52, 1765368937523, 1765368955382, 17859
pause-pod-5-53, 1765368937567, 1765368955553, 17986
pause-pod-5-54, 1765368937609, 1765368955756, 18147
pause-pod-5-55, 1765368937670, 1765368955937, 18267
pause-pod-5-56, 1765368937722, 1765368956155, 18433
pause-pod-5-57, 1765368937750, 1765368956355, 18605
pause-pod-5-58, 1765368937785, 1765368956552, 18767
pause-pod-5-59, 1765368937846, 1765368956752, 18906
pause-pod-5-60, 1765368937880, 1765368956951, 19071
pause-pod-5-61, 1765368937898, 1765368957141, 19243
pause-pod-5-62, 1765368937957, 1765368957337, 19380
pause-pod-5-63, 1765368938021, 1765368957530, 19509
pause-pod-5-64, 1765368938048, 1765368957734, 19686
pause-pod-5-65, 1765368938081, 1765368957915, 19834
pause-pod-5-66, 1765368938121, 1765368958095, 19974
pause-pod-5-67, 1765368938140, 1765368958311, 20171
pause-pod-5-68, 1765368938198, 1765368958519, 20321
pause-pod-5-69, 1765368938224, 1765368958718, 20494
pause-pod-5-70, 1765368938230, 1765368958921, 20691
pause-pod-5-71, 1765368938286, 1765368959129, 20843
pause-pod-5-72, 1765368938289, 1765368959330, 21041
pause-pod-5-73, 1765368938337, 1765368959537, 21200
pause-pod-5-74, 1765368938360, 1765368959750, 21390
pause-pod-5-75, 1765368938390, 1765368959958, 21568
pause-pod-5-76, 1765368938406, 1765368960156, 21750
pause-pod-5-77, 1765368938463, 1765368960367, 21904
pause-pod-5-78, 1765368938520, 1765368960558, 22038
pause-pod-5-79, 1765368938566, 1765368960749, 22183
pause-pod-5-80, 1765368938613, 1765368960944, 22331
pause-pod-5-81, 1765368938623, 1765368961155, 22532
pause-pod-5-82, 1765368938627, 1765368961382, 22755
pause-pod-5-83, 1765368938630, 1765368961586, 22956
pause-pod-5-84, 1765368938649, 1765368961793, 23144
pause-pod-5-85, 1765368938705, 1765368961993, 23288
pause-pod-5-86, 1765368938738, 1765368962195, 23457
pause-pod-5-87, 1765368938798, 1765368962409, 23611
pause-pod-5-88, 1765368938824, 1765368962595, 23771
pause-pod-5-89, 1765368938849, 1765368962791, 23942
pause-pod-5-90, 1765368938900, 1765368962976, 24076
pause-pod-5-91, 1765368938946, 1765368963171, 24225
pause-pod-5-92, 1765368939005, 1765368963377, 24372
pause-pod-5-93, 1765368939060, 1765368963563, 24503
pause-pod-5-94, 1765368939146, 1765368963732, 24586
pause-pod-5-95, 1765368939198, 1765368963912, 24714
pause-pod-5-96, 1765368939242, 1765368964102, 24860
pause-pod-5-97, 1765368939259, 1765368964258, 24999
pause-pod-5-98, 1765368939290, 1765368964445, 25155
pause-pod-5-99, 1765368939345, 1765368964621, 25276
pause-pod-5-100, 1765368939394, 1765368964817, 25423
pause-pod-5-101, 1765368939432, 1765368964997, 25565
pause-pod-5-102, 1765368939511, 1765368965193, 25682
pause-pod-5-103, 1765368939531, 1765368965376, 25845
pause-pod-5-104, 1765368939570, 1765368965576, 26006
pause-pod-5-105, 1765368939595, 1765368965786, 26191
pause-pod-5-106, 1765368939655, 1765368965996, 26341
pause-pod-5-107, 1765368939707, 1765368966174, 26467
pause-pod-5-108, 1765368939728, 1765368966367, 26639
pause-pod-5-109, 1765368939747, 1765368966558, 26811
pause-pod-5-110, 1765368939797, 1765368966733, 26936
pause-pod-5-111, 1765368939907, 1765368966931, 27024
pause-pod-5-112, 1765368939927, 1765368967110, 27183
pause-pod-5-113, 1765368939965, 1765368967276, 27311
pause-pod-5-114, 1765368939969, 1765368967461, 27492
pause-pod-5-115, 1765368939977, 1765368967679, 27702
pause-pod-5-116, 1765368940002, 1765368967870, 27868
pause-pod-5-117, 1765368940028, 1765368968045, 28017
pause-pod-5-118, 1765368940055, 1765368968240, 28185
pause-pod-5-119, 1765368940075, 1765368968433, 28358
pause-pod-5-120, 1765368940083, 1765368968620, 28537
pause-pod-5-121, 1765368940103, 1765368968816, 28713
pause-pod-5-122, 1765368940111, 1765368969005, 28894
pause-pod-5-123, 1765368940209, 1765368969185, 28976
pause-pod-5-124, 1765368940286, 1765368969358, 29072
pause-pod-5-125, 1765368940331, 1765368969520, 29189
pause-pod-5-126, 1765368940340, 1765368969698, 29358
pause-pod-5-127, 1765368940366, 1765368969875, 29509
pause-pod-5-128, 1765368940381, 1765368970062, 29681
pause-pod-5-129, 1765368940433, 1765368970268, 29835
pause-pod-5-130, 1765368940492, 1765368970445, 29953
pause-pod-5-131, 1765368940564, 1765368970627, 30063
pause-pod-5-132, 1765368940598, 1765368970807, 30209
pause-pod-5-133, 1765368940633, 1765368970972, 30339
pause-pod-5-134, 1765368940697, 1765368971151, 30454
pause-pod-5-135, 1765368940745, 1765368971341, 30596
pause-pod-5-136, 1765368940769, 1765368971517, 30748
pause-pod-5-137, 1765368940782, 1765368971694, 30912
pause-pod-5-138, 1765368940800, 1765368971891, 31091
pause-pod-5-139, 1765368940887, 1765368972093, 31206
pause-pod-5-140, 1765368940988, 1765368972272, 31284
pause-pod-5-141, 1765368941032, 1765368972456, 31424
pause-pod-5-142, 1765368941086, 1765368972648, 31562
pause-pod-5-143, 1765368941136, 1765368972841, 31705
pause-pod-5-144, 1765368941163, 1765368973035, 31872
pause-pod-5-145, 1765368941178, 1765368973240, 32062
pause-pod-5-146, 1765368941339, 1765368973395, 32056
pause-pod-5-147, 1765368941346, 1765368973593, 32247
pause-pod-5-148, 1765368941385, 1765368973782, 32397
pause-pod-5-149, 1765368941459, 1765368973954, 32495
pause-pod-5-150, 1765368941505, 1765368974139, 32634
pause-pod-6-1, 1765369096473, 1765369103492, 7019
pause-pod-6-2, 1765369096479, 1765369104829, 8350
pause-pod-6-3, 1765369096485, 1765369104999, 8514
pause-pod-6-4, 1765369096492, 1765369105161, 8669
pause-pod-6-5, 1765369096497, 1765369105328, 8831
pause-pod-6-6, 1765369096502, 1765369105499, 8997
pause-pod-6-7, 1765369096505, 1765369105657, 9152
pause-pod-6-8, 1765369096510, 1765369105831, 9321
pause-pod-6-9, 1765369096516, 1765369106006, 9490
pause-pod-6-10, 1765369096522, 1765369106169, 9647
pause-pod-6-11, 1765369096525, 1765369106330, 9805
pause-pod-6-12, 1765369096539, 1765369106481, 9942
pause-pod-6-13, 1765369096546, 1765369106691, 10145
pause-pod-6-14, 1765369096553, 1765369106848, 10295
pause-pod-6-15, 1765369096561, 1765369106995, 10434
pause-pod-6-16, 1765369096568, 1765369107147, 10579
pause-pod-6-17, 1765369096579, 1765369107290, 10711
pause-pod-6-18, 1765369096594, 1765369107451, 10857
pause-pod-6-19, 1765369096597, 1765369107645, 11048
pause-pod-6-20, 1765369096603, 1765369107833, 11230
pause-pod-6-21, 1765369096612, 1765369108027, 11415
pause-pod-6-22, 1765369096625, 1765369108207, 11582
pause-pod-6-23, 1765369096640, 1765369108386, 11746
pause-pod-6-24, 1765369096665, 1765369108560, 11895
pause-pod-6-25, 1765369096675, 1765369108767, 12092
pause-pod-6-26, 1765369096688, 1765369108979, 12291
pause-pod-6-27, 1765369096712, 1765369109148, 12436
pause-pod-6-28, 1765369096733, 1765369109341, 12608
pause-pod-6-29, 1765369096739, 1765369109542, 12803
pause-pod-6-30, 1765369096759, 1765369109745, 12986
pause-pod-6-31, 1765369096773, 1765369109913, 13140
pause-pod-6-32, 1765369096787, 1765369110110, 13323
pause-pod-6-33, 1765369096795, 1765369110318, 13523
pause-pod-6-34, 1765369096813, 1765369110513, 13700
pause-pod-6-35, 1765369096850, 1765369110712, 13862
pause-pod-6-36, 1765369096875, 1765369110898, 14023
pause-pod-6-37, 1765369096896, 1765369111097, 14201
pause-pod-6-38, 1765369096927, 1765369111267, 14340
pause-pod-6-39, 1765369096976, 1765369111472, 14496
pause-pod-6-40, 1765369097055, 1765369111685, 14630
pause-pod-6-41, 1765369097102, 1765369111874, 14772
pause-pod-6-42, 1765369097205, 1765369112081, 14876
pause-pod-6-43, 1765369097266, 1765369112293, 15027
pause-pod-6-44, 1765369097325, 1765369112509, 15184
pause-pod-6-45, 1765369097345, 1765369112682, 15337
pause-pod-6-46, 1765369097361, 1765369112887, 15526
pause-pod-6-47, 1765369097380, 1765369113067, 15687
pause-pod-6-48, 1765369097418, 1765369113269, 15851
pause-pod-6-49, 1765369097429, 1765369113462, 16033
pause-pod-6-50, 1765369097453, 1765369113668, 16215
pause-pod-6-51, 1765369097535, 1765369113848, 16313
pause-pod-6-52, 1765369097591, 1765369114030, 16439
pause-pod-6-53, 1765369097634, 1765369114206, 16572
pause-pod-6-54, 1765369097700, 1765369114371, 16671
pause-pod-6-55, 1765369097752, 1765369114561, 16809
pause-pod-6-56, 1765369097795, 1765369114734, 16939
pause-pod-6-57, 1765369097839, 1765369114936, 17097
pause-pod-6-58, 1765369097875, 1765369115124, 17249
pause-pod-6-59, 1765369097907, 1765369115330, 17423
pause-pod-6-60, 1765369097943, 1765369115502, 17559
pause-pod-6-61, 1765369097994, 1765369115712, 17718
pause-pod-6-62, 1765369098069, 1765369115899, 17830
pause-pod-6-63, 1765369098123, 1765369116097, 17974
pause-pod-6-64, 1765369098169, 1765369116324, 18155
pause-pod-6-65, 1765369098230, 1765369116508, 18278
pause-pod-6-66, 1765369098299, 1765369116690, 18391
pause-pod-6-67, 1765369098350, 1765369116873, 18523
pause-pod-6-68, 1765369098378, 1765369117044, 18666
pause-pod-6-69, 1765369098430, 1765369117219, 18789
pause-pod-6-70, 1765369098450, 1765369117409, 18959
pause-pod-6-71, 1765369098501, 1765369117598, 19097
pause-pod-6-72, 1765369098537, 1765369117784, 19247
pause-pod-6-73, 1765369098590, 1765369117974, 19384
pause-pod-6-74, 1765369098654, 1765369118175, 19521
pause-pod-6-75, 1765369098693, 1765369118387, 19694
pause-pod-6-76, 1765369098773, 1765369118560, 19787
pause-pod-6-77, 1765369098813, 1765369118735, 19922
pause-pod-6-78, 1765369098882, 1765369118952, 20070
pause-pod-6-79, 1765369098913, 1765369119166, 20253
pause-pod-6-80, 1765369098937, 1765369119360, 20423
pause-pod-6-81, 1765369098971, 1765369119522, 20551
pause-pod-6-82, 1765369098977, 1765369119731, 20754
pause-pod-6-83, 1765369098984, 1765369119911, 20927
pause-pod-6-84, 1765369098996, 1765369120096, 21100
pause-pod-6-85, 1765369099019, 1765369120265, 21246
pause-pod-6-86, 1765369099061, 1765369120419, 21358
pause-pod-6-87, 1765369099098, 1765369120570, 21472
pause-pod-6-88, 1765369099111, 1765369120720, 21609
pause-pod-6-89, 1765369099141, 1765369120864, 21723
pause-pod-6-90, 1765369099204, 1765369121020, 21816
pause-pod-6-91, 1765369099269, 1765369121183, 21914
pause-pod-6-92, 1765369099354, 1765369121330, 21976
pause-pod-6-93, 1765369099369, 1765369121486, 22117
pause-pod-6-94, 1765369099381, 1765369121634, 22253
pause-pod-6-95, 1765369099400, 1765369121790, 22390
pause-pod-6-96, 1765369099444, 1765369121941, 22497
pause-pod-6-97, 1765369099498, 1765369122095, 22597
pause-pod-6-98, 1765369099564, 1765369122245, 22681
pause-pod-6-99, 1765369099584, 1765369122396, 22812
pause-pod-6-100, 1765369099663, 1765369122548, 22885
pause-pod-6-101, 1765369099750, 1765369122697, 22947
pause-pod-6-102, 1765369099811, 1765369122851, 23040
pause-pod-6-103, 1765369099866, 1765369122993, 23127
pause-pod-6-104, 1765369099901, 1765369123142, 23241
pause-pod-6-105, 1765369099940, 1765369123300, 23360
pause-pod-6-106, 1765369099962, 1765369123459, 23497
pause-pod-6-107, 1765369100037, 1765369123646, 23609
pause-pod-6-108, 1765369100118, 1765369123845, 23727
pause-pod-6-109, 1765369100147, 1765369124030, 23883
pause-pod-6-110, 1765369100215, 1765369124225, 24010
pause-pod-6-111, 1765369100249, 1765369124397, 24148
pause-pod-6-112, 1765369100280, 1765369124576, 24296
pause-pod-6-113, 1765369100321, 1765369124769, 24448
pause-pod-6-114, 1765369100386, 1765369124960, 24574
pause-pod-6-115, 1765369100422, 1765369125133, 24711
pause-pod-6-116, 1765369100442, 1765369125323, 24881
pause-pod-6-117, 1765369100472, 1765369125514, 25042
pause-pod-6-118, 1765369100521, 1765369125698, 25177
pause-pod-6-119, 1765369100562, 1765369125867, 25305
pause-pod-6-120, 1765369100571, 1765369126059, 25488
pause-pod-6-121, 1765369100617, 1765369126245, 25628
pause-pod-6-122, 1765369100668, 1765369126446, 25778
pause-pod-6-123, 1765369100706, 1765369126610, 25904
pause-pod-6-124, 1765369100719, 1765369126809, 26090
pause-pod-6-125, 1765369100731, 1765369127009, 26278
pause-pod-6-126, 1765369100741, 1765369127179, 26438
pause-pod-6-127, 1765369100778, 1765369127370, 26592
pause-pod-6-128, 1765369100809, 1765369127561, 26752
pause-pod-6-129, 1765369100833, 1765369127732, 26899
pause-pod-6-130, 1765369100857, 1765369127892, 27035
pause-pod-6-131, 1765369100894, 1765369128081, 27187
pause-pod-6-132, 1765369100933, 1765369128273, 27340
pause-pod-6-133, 1765369100991, 1765369128468, 27477
pause-pod-6-134, 1765369101025, 1765369128630, 27605
pause-pod-6-135, 1765369101041, 1765369128805, 27764
pause-pod-6-136, 1765369101130, 1765369128991, 27861
pause-pod-6-137, 1765369101133, 1765369129182, 28049
pause-pod-6-138, 1765369101141, 1765369129367, 28226
pause-pod-6-139, 1765369101171, 1765369129551, 28380
pause-pod-6-140, 1765369101187, 1765369129728, 28541
pause-pod-6-141, 1765369101232, 1765369129906, 28674
pause-pod-6-142, 1765369101246, 1765369130085, 28839
pause-pod-6-143, 1765369101258, 1765369130266, 29008
pause-pod-6-144, 1765369101261, 1765369130470, 29209
pause-pod-6-145, 1765369101298, 1765369130660, 29362
pause-pod-6-146, 1765369101308, 1765369130846, 29538
pause-pod-6-147, 1765369101328, 1765369131028, 29700
pause-pod-6-148, 1765369101359, 1765369131206, 29847
pause-pod-6-149, 1765369101379, 1765369131397, 30018
pause-pod-6-150, 1765369101399, 1765369131607, 30208
