Pod Name, Creation Timestamp, Ready Timestamp, Latency (milliseconds)
pause-pod-1-1, 1765367488859, 1765367502632, 13773
pause-pod-1-2, 1765367488862, 1765367502883, 14021
pause-pod-1-3, 1765367488867, 1765367503170, 14303
pause-pod-1-4, 1765367488870, 1765367503449, 14579
pause-pod-1-5, 1765367488875, 1765367503712, 14837
pause-pod-1-6, 1765367488878, 1765367503996, 15118
pause-pod-1-7, 1765367488882, 1765367504280, 15398
pause-pod-1-8, 1765367488885, 1765367504536, 15651
pause-pod-1-9, 1765367488889, 1765367504820, 15931
pause-pod-1-10, 1765367488900, 1765367505119, 16219
pause-pod-1-11, 1765367488906, 1765367505411, 16505
pause-pod-1-12, 1765367488911, 1765367505668, 16757
pause-pod-1-13, 1765367488914, 1765367505936, 17022
pause-pod-1-14, 1765367488919, 1765367506227, 17308
pause-pod-1-15, 1765367488925, 1765367506511, 17586
pause-pod-1-16, 1765367488937, 1765367506791, 17854
pause-pod-1-17, 1765367488946, 1765367507085, 18139
pause-pod-1-18, 1765367488958, 1765367507359, 18401
pause-pod-1-19, 1765367488970, 1765367507634, 18664
pause-pod-1-20, 1765367488975, 1765367507901, 18926
pause-pod-1-21, 1765367488981, 1765367508178, 19197
pause-pod-1-22, 1765367489001, 1765367508455, 19454
pause-pod-1-23, 1765367489011, 1765367508729, 19718
pause-pod-1-24, 1765367489028, 1765367509016, 19988
pause-pod-1-25, 1765367489044, 1765367509302, 20258
pause-pod-1-26, 1765367489056, 1765367509585, 20529
pause-pod-1-27, 1765367489070, 1765367509886, 20816
pause-pod-1-28, 1765367489079, 1765367510174, 21095
pause-pod-1-29, 1765367489084, 1765367510466, 21382
pause-pod-1-30, 1765367489097, 1765367510757, 21660
pause-pod-1-31, 1765367489108, 1765367511015, 21907
pause-pod-1-32, 1765367489127, 1765367511287, 22160
pause-pod-1-33, 1765367489143, 1765367511583, 22440
pause-pod-1-34, 1765367489169, 1765367511873, 22704
pause-pod-1-35, 1765367489177, 1765367512162, 22985
pause-pod-1-36, 1765367489198, 1765367512445, 23247
pause-pod-1-37, 1765367489203, 1765367512693, 23490
pause-pod-1-38, 1765367489211, 1765367512990, 23779
pause-pod-1-39, 1765367489233, 1765367513283, 24050
pause-pod-1-40, 1765367489250, 1765367513572, 24322
pause-pod-1-41, 1765367489263, 1765367513840, 24577
pause-pod-1-42, 1765367489282, 1765367514133, 24851
pause-pod-1-43, 1765367489300, 1765367514438, 25138
pause-pod-1-44, 1765367489328, 1765367514723, 25395
pause-pod-1-45, 1765367489361, 1765367514999, 25638
pause-pod-1-46, 1765367489385, 1765367515278, 25893
pause-pod-1-47, 1765367489410, 1765367515546, 26136
pause-pod-1-48, 1765367489429, 1765367515813, 26384
pause-pod-1-49, 1765367489466, 1765367516099, 26633
pause-pod-1-50, 1765367489485, 1765367516390, 26905
pause-pod-1-51, 1765367489501, 1765367516666, 27165
pause-pod-1-52, 1765367489536, 1765367516984, 27448
pause-pod-1-53, 1765367489569, 1765367517262, 27693
pause-pod-1-54, 1765367489591, 1765367517542, 27951
pause-pod-1-55, 1765367489611, 1765367517808, 28197
pause-pod-1-56, 1765367489616, 1765367518104, 28488
pause-pod-1-57, 1765367489626, 1765367518405, 28779
pause-pod-1-58, 1765367489647, 1765367518705, 29058
pause-pod-1-59, 1765367489671, 1765367518990, 29319
pause-pod-1-60, 1765367489680, 1765367519292, 29612
pause-pod-1-61, 1765367489729, 1765367519579, 29850
pause-pod-1-62, 1765367489749, 1765367519857, 30108
pause-pod-1-63, 1765367489768, 1765367520162, 30394
pause-pod-1-64, 1765367489784, 1765367520448, 30664
pause-pod-1-65, 1765367489825, 1765367520747, 30922
pause-pod-1-66, 1765367489845, 1765367521032, 31187
pause-pod-1-67, 1765367489884, 1765367521319, 31435
pause-pod-1-68, 1765367489896, 1765367521597, 31701
pause-pod-1-69, 1765367489928, 1765367521894, 31966
pause-pod-1-70, 1765367489963, 1765367522187, 32224
pause-pod-1-71, 1765367490018, 1765367522485, 32467
pause-pod-1-72, 1765367490073, 1765367522761, 32688
pause-pod-1-73, 1765367490108, 1765367523016, 32908
pause-pod-1-74, 1765367490126, 1765367523306, 33180
pause-pod-1-75, 1765367490165, 1765367523599, 33434
pause-pod-1-76, 1765367490196, 1765367523883, 33687
pause-pod-1-77, 1765367490225, 1765367524189, 33964
pause-pod-1-78, 1765367490261, 1765367524439, 34178
pause-pod-1-79, 1765367490312, 1765367524699, 34387
pause-pod-1-80, 1765367490346, 1765367524982, 34636
pause-pod-1-81, 1765367490353, 1765367525273, 34920
pause-pod-1-82, 1765367490407, 1765367525566, 35159
pause-pod-1-83, 1765367490430, 1765367525857, 35427
pause-pod-1-84, 1765367490465, 1765367526172, 35707
pause-pod-1-85, 1765367490495, 1765367526447, 35952
pause-pod-1-86, 1765367490538, 1765367526730, 36192
pause-pod-1-87, 1765367490561, 1765367526993, 36432
pause-pod-1-88, 1765367490599, 1765367527279, 36680
pause-pod-1-89, 1765367490651, 1765367527561, 36910
pause-pod-1-90, 1765367490717, 1765367527852, 37135
pause-pod-1-91, 1765367490789, 1765367528144, 37355
pause-pod-1-92, 1765367490826, 1765367528426, 37600
pause-pod-1-93, 1765367490937, 1765367528716, 37779
pause-pod-1-94, 1765367490994, 1765367528996, 38002
pause-pod-1-95, 1765367491094, 1765367529277, 38183
pause-pod-1-96, 1765367491154, 1765367529545, 38391
pause-pod-1-97, 1765367491222, 1765367529800, 38578
pause-pod-1-98, 1765367491289, 1765367530092, 38803
pause-pod-1-99, 1765367491369, 1765367530375, 39006
pause-pod-1-100, 1765367491394, 1765367530660, 39266
pause-pod-2-1, 1765367613697, 1765367626714, 13017
pause-pod-2-2, 1765367613701, 1765367626963, 13262
pause-pod-2-3, 1765367613708, 1765367627226, 13518
pause-pod-2-4, 1765367613712, 1765367627654, 13942
pause-pod-2-5, 1765367613715, 1765367627902, 14187
pause-pod-2-6, 1765367613721, 1765367628159, 14438
pause-pod-2-7, 1765367613725, 1765367628432, 14707
pause-pod-2-8, 1765367613728, 1765367628713, 14985
pause-pod-2-9, 1765367613733, 1765367628993, 15260
pause-pod-2-10, 1765367613739, 1765367629264, 15525
pause-pod-2-11, 1765367613742, 1765367629567, 15825
pause-pod-2-12, 1765367613746, 1765367629856, 16110
pause-pod-2-13, 1765367613753, 1765367630149, 16396
pause-pod-2-14, 1765367613758, 1765367630427, 16669
pause-pod-2-15, 1765367613764, 1765367630715, 16951
pause-pod-2-16, 1765367613767, 1765367631028, 17261
pause-pod-2-17, 1765367613782, 1765367631303, 17521
pause-pod-2-18, 1765367613790, 1765367631595, 17805
pause-pod-2-19, 1765367613798, 1765367631899, 18101
pause-pod-2-20, 1765367613816, 1765367632192, 18376
pause-pod-2-21, 1765367613824, 1765367632508, 18684
pause-pod-2-22, 1765367613836, 1765367632796, 18960
pause-pod-2-23, 1765367613843, 1765367633078, 19235
pause-pod-2-24, 1765367613850, 1765367633382, 19532
pause-pod-2-25, 1765367613865, 1765367633673, 19808
pause-pod-2-26, 1765367613877, 1765367633940, 20063
pause-pod-2-27, 1765367613885, 1765367634248, 20363
pause-pod-2-28, 1765367613897, 1765367634535, 20638
pause-pod-2-29, 1765367613906, 1765367634804, 20898
pause-pod-2-30, 1765367613917, 1765367635076, 21159
pause-pod-2-31, 1765367613935, 1765367635347, 21412
pause-pod-2-32, 1765367613947, 1765367635626, 21679
pause-pod-2-33, 1765367613964, 1765367635909, 21945
pause-pod-2-34, 1765367613980, 1765367636186, 22206
pause-pod-2-35, 1765367614000, 1765367636488, 22488
pause-pod-2-36, 1765367614019, 1765367636772, 22753
pause-pod-2-37, 1765367614031, 1765367637051, 23020
pause-pod-2-38, 1765367614055, 1765367637309, 23254
pause-pod-2-39, 1765367614063, 1765367637574, 23511
pause-pod-2-40, 1765367614078, 1765367637856, 23778
pause-pod-2-41, 1765367614089, 1765367638131, 24042
pause-pod-2-42, 1765367614102, 1765367638415, 24313
pause-pod-2-43, 1765367614108, 1765367638674, 24566
pause-pod-2-44, 1765367614127, 1765367638961, 24834
pause-pod-2-45, 1765367614142, 1765367639267, 25125
pause-pod-2-46, 1765367614157, 1765367639560, 25403
pause-pod-2-47, 1765367614173, 1765367639846, 25673
pause-pod-2-48, 1765367614197, 1765367640123, 25926
pause-pod-2-49, 1765367614220, 1765367640406, 26186
pause-pod-2-50, 1765367614254, 1765367640689, 26435
pause-pod-2-51, 1765367614276, 1765367640980, 26704
pause-pod-2-52, 1765367614318, 1765367641288, 26970
pause-pod-2-53, 1765367614343, 1765367641579, 27236
pause-pod-2-54, 1765367614383, 1765367641855, 27472
pause-pod-2-55, 1765367614416, 1765367642147, 27731
pause-pod-2-56, 1765367614426, 1765367642440, 28014
pause-pod-2-57, 1765367614459, 1765367642725, 28266
pause-pod-2-58, 1765367614484, 1765367643022, 28538
pause-pod-2-59, 1765367614506, 1765367643289, 28783
pause-pod-2-60, 1765367614531, 1765367643577, 29046
pause-pod-2-61, 1765367614575, 1765367643857, 29282
pause-pod-2-62, 1765367614605, 1765367644133, 29528
pause-pod-2-63, 1765367614624, 1765367644388, 29764
pause-pod-2-64, 1765367614662, 1765367644641, 29979
pause-pod-2-65, 1765367614707, 1765367644908, 30201
pause-pod-2-66, 1765367614718, 1765367645184, 30466
pause-pod-2-67, 1765367614737, 1765367645469, 30732
pause-pod-2-68, 1765367614779, 1765367645773, 30994
pause-pod-2-69, 1765367614812, 1765367646065, 31253
pause-pod-2-70, 1765367614824, 1765367646357, 31533
pause-pod-2-71, 1765367614851, 1765367646625, 31774
pause-pod-2-72, 1765367614909, 1765367646916, 32007
pause-pod-2-73, 1765367614952, 1765367647196, 32244
pause-pod-2-74, 1765367615000, 1765367647455, 32455
pause-pod-2-75, 1765367615031, 1765367647748, 32717
pause-pod-2-76, 1765367615060, 1765367648040, 32980
pause-pod-2-77, 1765367615079, 1765367648336, 33257
pause-pod-2-78, 1765367615127, 1765367648615, 33488
pause-pod-2-79, 1765367615139, 1765367648926, 33787
pause-pod-2-80, 1765367615179, 1765367649190, 34011
pause-pod-2-81, 1765367615243, 1765367649459, 34216
pause-pod-2-82, 1765367615275, 1765367649705, 34430
pause-pod-2-83, 1765367615283, 1765367649975, 34692
pause-pod-2-84, 1765367615301, 1765367650251, 34950
pause-pod-2-85, 1765367615333, 1765367650533, 35200
pause-pod-2-86, 1765367615388, 1765367650830, 35442
pause-pod-2-87, 1765367615408, 1765367651091, 35683
pause-pod-2-88, 1765367615439, 1765367651380, 35941
pause-pod-2-89, 1765367615463, 1765367651629, 36166
pause-pod-2-90, 1765367615496, 1765367651913, 36417
pause-pod-2-91, 1765367615522, 1765367652216, 36694
pause-pod-2-92, 1765367615551, 1765367652512, 36961
pause-pod-2-93, 1765367615617, 1765367652793, 37176
pause-pod-2-94, 1765367615643, 1765367653070, 37427
pause-pod-2-95, 1765367615697, 1765367653353, 37656
pause-pod-2-96, 1765367615741, 1765367653607, 37866
pause-pod-2-97, 1765367615762, 1765367653878, 38116
pause-pod-2-98, 1765367615781, 1765367654148, 38367
pause-pod-2-99, 1765367615806, 1765367654429, 38623
pause-pod-2-100, 1765367615855, 1765367654724, 38869
pause-pod-3-1, 1765367738033, 1765367751973, 13940
pause-pod-3-2, 1765367738039, 1765367752227, 14188
pause-pod-3-3, 1765367738044, 1765367752475, 14431
pause-pod-3-4, 1765367738052, 1765367752731, 14679
pause-pod-3-5, 1765367738055, 1765367753000, 14945
pause-pod-3-6, 1765367738058, 1765367753287, 15229
pause-pod-3-7, 1765367738061, 1765367753549, 15488
pause-pod-3-8, 1765367738065, 1765367753817, 15752
pause-pod-3-9, 1765367738071, 1765367754094, 16023
pause-pod-3-10, 1765367738076, 1765367754381, 16305
pause-pod-3-11, 1765367738079, 1765367754649, 16570
pause-pod-3-12, 1765367738085, 1765367754927, 16842
pause-pod-3-13, 1765367738090, 1765367755215, 17125
pause-pod-3-14, 1765367738105, 1765367755454, 17349
pause-pod-3-15, 1765367738112, 1765367755713, 17601
pause-pod-3-16, 1765367738128, 1765367755985, 17857
pause-pod-3-17, 1765367738136, 1765367756277, 18141
pause-pod-3-18, 1765367738140, 1765367756558, 18418
pause-pod-3-19, 1765367738148, 1765367756836, 18688
pause-pod-3-20, 1765367738156, 1765367757122, 18966
pause-pod-3-21, 1765367738169, 1765367757421, 19252
pause-pod-3-22, 1765367738182, 1765367757689, 19507
pause-pod-3-23, 1765367738190, 1765367757950, 19760
pause-pod-3-24, 1765367738196, 1765367758238, 20042
pause-pod-3-25, 1765367738199, 1765367758530, 20331
pause-pod-3-26, 1765367738207, 1765367758810, 20603
pause-pod-3-27, 1765367738220, 1765367759093, 20873
pause-pod-3-28, 1765367738234, 1765367759368, 21134
pause-pod-3-29, 1765367738249, 1765367759663, 21414
pause-pod-3-30, 1765367738264, 1765367759961, 21697
pause-pod-3-31, 1765367738278, 1765367760242, 21964
pause-pod-3-32, 1765367738303, 1765367760528, 22225
pause-pod-3-33, 1765367738317, 1765367760803, 22486
pause-pod-3-34, 1765367738329, 1765367761064, 22735
pause-pod-3-35, 1765367738358, 1765367761346, 22988
pause-pod-3-36, 1765367738371, 1765367761667, 23296
pause-pod-3-37, 1765367738376, 1765367761942, 23566
pause-pod-3-38, 1765367738389, 1765367762233, 23844
pause-pod-3-39, 1765367738404, 1765367762527, 24123
pause-pod-3-40, 1765367738420, 1765367762797, 24377
pause-pod-3-41, 1765367738433, 1765367763078, 24645
pause-pod-3-42, 1765367738456, 1765367763367, 24911
pause-pod-3-43, 1765367738465, 1765367763665, 25200
pause-pod-3-44, 1765367738483, 1765367763919, 25436
pause-pod-3-45, 1765367738505, 1765367764186, 25681
pause-pod-3-46, 1765367738516, 1765367764435, 25919
pause-pod-3-47, 1765367738536, 1765367764701, 26165
pause-pod-3-48, 1765367738557, 1765367764984, 26427
pause-pod-3-49, 1765367738586, 1765367765249, 26663
pause-pod-3-50, 1765367738597, 1765367765541, 26944
pause-pod-3-51, 1765367738649, 1765367765829, 27180
pause-pod-3-52, 1765367738688, 1765367766124, 27436
pause-pod-3-53, 1765367738726, 1765367766420, 27694
pause-pod-3-54, 1765367738751, 1765367766703, 27952
pause-pod-3-55, 1765367738778, 1765367766995, 28217
pause-pod-3-56, 1765367738807, 1765367767268, 28461
pause-pod-3-57, 1765367738845, 1765367767581, 28736
pause-pod-3-58, 1765367738866, 1765367767890, 29024
pause-pod-3-59, 1765367738893, 1765367768189, 29296
pause-pod-3-60, 1765367738908, 1765367768459, 29551
pause-pod-3-61, 1765367738955, 1765367768750, 29795
pause-pod-3-62, 1765367738983, 1765367769025, 30042
pause-pod-3-63, 1765367739029, 1765367769326, 30297
pause-pod-3-64, 1765367739035, 1765367769593, 30558
pause-pod-3-65, 1765367739091, 1765367769880, 30789
pause-pod-3-66, 1765367739112, 1765367770154, 31042
pause-pod-3-67, 1765367739136, 1765367770446, 31310
pause-pod-3-68, 1765367739155, 1765367770725, 31570
pause-pod-3-69, 1765367739197, 1765367770977, 31780
pause-pod-3-70, 1765367739211, 1765367771232, 32021
pause-pod-3-71, 1765367739225, 1765367771506, 32281
pause-pod-3-72, 1765367739263, 1765367771767, 32504
pause-pod-3-73, 1765367739319, 1765367772032, 32713
pause-pod-3-74, 1765367739356, 1765367772313, 32957
pause-pod-3-75, 1765367739407, 1765367772623, 33216
pause-pod-3-76, 1765367739455, 1765367772899, 33444
pause-pod-3-77, 1765367739482, 1765367773178, 33696
pause-pod-3-78, 1765367739511, 1765367773439, 33928
pause-pod-3-79, 1765367739557, 1765367773710, 34153
pause-pod-3-80, 1765367739586, 1765367774002, 34416
pause-pod-3-81, 1765367739592, 1765367774283, 34691
pause-pod-3-82, 1765367739601, 1765367774561, 34960
pause-pod-3-83, 1765367739614, 1765367774849, 35235
pause-pod-3-84, 1765367739638, 1765367775126, 35488
pause-pod-3-85, 1765367739653, 1765367775420, 35767
pause-pod-3-86, 1765367739681, 1765367775710, 36029
pause-pod-3-87, 1765367739698, 1765367775989, 36291
pause-pod-3-88, 1765367739768, 1765367776269, 36501
pause-pod-3-89, 1765367739821, 1765367776559, 36738
pause-pod-3-90, 1765367739860, 1765367776857, 36997
pause-pod-3-91, 1765367739905, 1765367777140, 37235
pause-pod-3-92, 1765367739943, 1765367777400, 37457
pause-pod-3-93, 1765367739996, 1765367777707, 37711
pause-pod-3-94, 1765367740047, 1765367778004, 37957
pause-pod-3-95, 1765367740069, 1765367778307, 38238
pause-pod-3-96, 1765367740117, 1765367778613, 38496
pause-pod-3-97, 1765367740157, 1765367778902, 38745
pause-pod-3-98, 1765367740189, 1765367779186, 38997
pause-pod-3-99, 1765367740238, 1765367779474, 39236
pause-pod-3-100, 1765367740275, 1765367779764, 39489
pause-pod-4-1, 1765367863813, 1765367875919, 12106
pause-pod-4-2, 1765367863820, 1765367877718, 13898
pause-pod-4-3, 1765367863824, 1765367877968, 14144
pause-pod-4-4, 1765367863829, 1765367878213, 14384
pause-pod-4-5, 1765367863833, 1765367878468, 14635
pause-pod-4-6, 1765367863840, 1765367878751, 14911
pause-pod-4-7, 1765367863844, 1765367879030, 15186
pause-pod-4-8, 1765367863847, 1765367879313, 15466
pause-pod-4-9, 1765367863849, 1765367879614, 15765
pause-pod-4-10, 1765367863854, 1765367879907, 16053
pause-pod-4-11, 1765367863859, 1765367880205, 16346
pause-pod-4-12, 1765367863866, 1765367880503, 16637
pause-pod-4-13, 1765367863872, 1765367880785, 16913
pause-pod-4-14, 1765367863876, 1765367881058, 17182
pause-pod-4-15, 1765367863888, 1765367881342, 17454
pause-pod-4-16, 1765367863895, 1765367881630, 17735
pause-pod-4-17, 1765367863901, 1765367881929, 18028
pause-pod-4-18, 1765367863908, 1765367882228, 18320
pause-pod-4-19, 1765367863919, 1765367882502, 18583
pause-pod-4-20, 1765367863925, 1765367882794, 18869
pause-pod-4-21, 1765367863932, 1765367883084, 19152
pause-pod-4-22, 1765367863945, 1765367883372, 19427
pause-pod-4-23, 1765367863956, 1765367883685, 19729
pause-pod-4-24, 1765367863964, 1765367883959, 19995
pause-pod-4-25, 1765367863979, 1765367884251, 20272
pause-pod-4-26, 1765367863990, 1765367884494, 20504
pause-pod-4-27, 1765367864001, 1765367884767, 20766
pause-pod-4-28, 1765367864005, 1765367885040, 21035
pause-pod-4-29, 1765367864017, 1765367885323, 21306
pause-pod-4-30, 1765367864037, 1765367885605, 21568
pause-pod-4-31, 1765367864045, 1765367885902, 21857
pause-pod-4-32, 1765367864057, 1765367886172, 22115
pause-pod-4-33, 1765367864061, 1765367886453, 22392
pause-pod-4-34, 1765367864080, 1765367886740, 22660
pause-pod-4-35, 1765367864105, 1765367886993, 22888
pause-pod-4-36, 1765367864110, 1765367887259, 23149
pause-pod-4-37, 1765367864124, 1765367887538, 23414
pause-pod-4-38, 1765367864138, 1765367887824, 23686
pause-pod-4-39, 1765367864150, 1765367888118, 23968
pause-pod-4-40, 1765367864174, 1765367888409, 24235
pause-pod-4-41, 1765367864191, 1765367888704, 24513
pause-pod-4-42, 1765367864209, 1765367889001, 24792
pause-pod-4-43, 1765367864234, 1765367889286, 25052
pause-pod-4-44, 1765367864254, 1765367889565, 25311
pause-pod-4-45, 1765367864263, 1765367889840, 25577
pause-pod-4-46, 1765367864290, 1765367890138, 25848
pause-pod-4-47, 1765367864302, 1765367890417, 26115
pause-pod-4-48, 1765367864319, 1765367890720, 26401
pause-pod-4-49, 1765367864339, 1765367890997, 26658
pause-pod-4-50, 1765367864353, 1765367891268, 26915
pause-pod-4-51, 1765367864371, 1765367891540, 27169
pause-pod-4-52, 1765367864386, 1765367891810, 27424
pause-pod-4-53, 1765367864405, 1765367892097, 27692
pause-pod-4-54, 1765367864426, 1765367892369, 27943
pause-pod-4-55, 1765367864468, 1765367892646, 28178
pause-pod-4-56, 1765367864484, 1765367892930, 28446
pause-pod-4-57, 1765367864507, 1765367893219, 28712
pause-pod-4-58, 1765367864528, 1765367893492, 28964
pause-pod-4-59, 1765367864553, 1765367893774, 29221
pause-pod-4-60, 1765367864566, 1765367894058, 29492
pause-pod-4-61, 1765367864603, 1765367894350, 29747
pause-pod-4-62, 1765367864615, 1765367894649, 30034
pause-pod-4-63, 1765367864662, 1765367894954, 30292
pause-pod-4-64, 1765367864708, 1765367895241, 30533
pause-pod-4-65, 1765367864716, 1765367895508, 30792
pause-pod-4-66, 1765367864728, 1765367895794, 31066
pause-pod-4-67, 1765367864766, 1765367896099, 31333
pause-pod-4-68, 1765367864774, 1765367896382, 31608
pause-pod-4-69, 1765367864799, 1765367896666, 31867
pause-pod-4-70, 1765367864815, 1765367896963, 32148
pause-pod-4-71, 1765367864832, 1765367897204, 32372
pause-pod-4-72, 1765367864841, 1765367897491, 32650
pause-pod-4-73, 1765367864891, 1765367897755, 32864
pause-pod-4-74, 1765367864901, 1765367898019, 33118
pause-pod-4-75, 1765367864937, 1765367898317, 33380
pause-pod-4-76, 1765367864957, 1765367898604, 33647
pause-pod-4-77, 1765367865004, 1765367898886, 33882
pause-pod-4-78, 1765367865033, 1765367899163, 34130
pause-pod-4-79, 1765367865077, 1765367899448, 34371
pause-pod-4-80, 1765367865086, 1765367899745, 34659
pause-pod-4-81, 1765367865128, 1765367900027, 34899
pause-pod-4-82, 1765367865160, 1765367900303, 35143
pause-pod-4-83, 1765367865194, 1765367900599, 35405
pause-pod-4-84, 1765367865257, 1765367900905, 35648
pause-pod-4-85, 1765367865273, 1765367901187, 35914
pause-pod-4-86, 1765367865340, 1765367901459, 36119
pause-pod-4-87, 1765367865400, 1765367901755, 36355
pause-pod-4-88, 1765367865421, 1765367902032, 36611
pause-pod-4-89, 1765367865500, 1765367902308, 36808
pause-pod-4-90, 1765367865528, 1765367902612, 37084
pause-pod-4-91, 1765367865592, 1765367902881, 37289
pause-pod-4-92, 1765367865667, 1765367903181, 37514
pause-pod-4-93, 1765367865701, 1765367903471, 37770
pause-pod-4-94, 1765367865714, 1765367903744, 38030
pause-pod-4-95, 1765367865753, 1765367904034, 38281
pause-pod-4-96, 1765367865771, 1765367904336, 38565
pause-pod-4-97, 1765367865815, 1765367904601, 38786
pause-pod-4-98, 1765367865847, 1765367904874, 39027
pause-pod-4-99, 1765367865878, 1765367905168, 39290
pause-pod-4-100, 1765367865934, 1765367905422, 39488
pause-pod-5-1, 1765367989978, 1765368003138, 13160
pause-pod-5-2, 1765367989984, 1765368004289, 14305
pause-pod-5-3, 1765367989989, 1765368004577, 14588
pause-pod-5-4, 1765367989995, 1765368004870, 14875
pause-pod-5-5, 1765367990000, 1765368005130, 15130
pause-pod-5-6, 1765367990005, 1765368005377, 15372
pause-pod-5-7, 1765367990009, 1765368005636, 15627
pause-pod-5-8, 1765367990013, 1765368005888, 15875
pause-pod-5-9, 1765367990020, 1765368006133, 16113
pause-pod-5-10, 1765367990023, 1765368006441, 16418
pause-pod-5-11, 1765367990039, 1765368006728, 16689
pause-pod-5-12, 1765367990045, 1765368006998, 16953
pause-pod-5-13, 1765367990053, 1765368007270, 17217
pause-pod-5-14, 1765367990058, 1765368007573, 17515
pause-pod-5-15, 1765367990062, 1765368007858, 17796
pause-pod-5-16, 1765367990079, 1765368008162, 18083
pause-pod-5-17, 1765367990089, 1765368008447, 18358
pause-pod-5-18, 1765367990107, 1765368008754, 18647
pause-pod-5-19, 1765367990121, 1765368009054, 18933
pause-pod-5-20, 1765367990128, 1765368009385, 19257
pause-pod-5-21, 1765367990137, 1765368009642, 19505
pause-pod-5-22, 1765367990140, 1765368009929, 19789
pause-pod-5-23, 1765367990150, 1765368010217, 20067
pause-pod-5-24, 1765367990160, 1765368010498, 20338
pause-pod-5-25, 1765367990174, 1765368010794, 20620
pause-pod-5-26, 1765367990181, 1765368011052, 20871
pause-pod-5-27, 1765367990189, 1765368011309, 21120
pause-pod-5-28, 1765367990199, 1765368011593, 21394
pause-pod-5-29, 1765367990215, 1765368011862, 21647
pause-pod-5-30, 1765367990222, 1765368012142, 21920
pause-pod-5-31, 1765367990240, 1765368012435, 22195
pause-pod-5-32, 1765367990257, 1765368012721, 22464
pause-pod-5-33, 1765367990283, 1765368012998, 22715
pause-pod-5-34, 1765367990289, 1765368013289, 23000
pause-pod-5-35, 1765367990313, 1765368013547, 23234
pause-pod-5-36, 1765367990332, 1765368013813, 23481
pause-pod-5-37, 1765367990346, 1765368014119, 23773
pause-pod-5-38, 1765367990367, 1765368014402, 24035
pause-pod-5-39, 1765367990381, 1765368014705, 24324
pause-pod-5-40, 1765367990406, 1765368014994, 24588
pause-pod-5-41, 1765367990427, 1765368015299, 24872
pause-pod-5-42, 1765367990442, 1765368015594, 25152
pause-pod-5-43, 1765367990464, 1765368015885, 25421
pause-pod-5-44, 1765367990479, 1765368016174, 25695
pause-pod-5-45, 1765367990490, 1765368016466, 25976
pause-pod-5-46, 1765367990514, 1765368016764, 26250
pause-pod-5-47, 1765367990527, 1765368017054, 26527
pause-pod-5-48, 1765367990550, 1765368017340, 26790
pause-pod-5-49, 1765367990592, 1765368017633, 27041
pause-pod-5-50, 1765367990606, 1765368017936, 27330
pause-pod-5-51, 1765367990642, 1765368018231, 27589
pause-pod-5-52, 1765367990655, 1765368018528, 27873
pause-pod-5-53, 1765367990678, 1765368018804, 28126
pause-pod-5-54, 1765367990710, 1765368019090, 28380
pause-pod-5-55, 1765367990728, 1765368019410, 28682
pause-pod-5-56, 1765367990750, 1765368019695, 28945
pause-pod-5-57, 1765367990774, 1765368020017, 29243
pause-pod-5-58, 1765367990795, 1765368020296, 29501
pause-pod-5-59, 1765367990816, 1765368020585, 29769
pause-pod-5-60, 1765367990834, 1765368020864, 30030
pause-pod-5-61, 1765367990851, 1765368021140, 30289
pause-pod-5-62, 1765367990888, 1765368021409, 30521
pause-pod-5-63, 1765367990912, 1765368021700, 30788
pause-pod-5-64, 1765367990919, 1765368021964, 31045
pause-pod-5-65, 1765367990950, 1765368022233, 31283
pause-pod-5-66, 1765367990969, 1765368022529, 31560
pause-pod-5-67, 1765367990990, 1765368022826, 31836
pause-pod-5-68, 1765367991037, 1765368023148, 32111
pause-pod-5-69, 1765367991065, 1765368023428, 32363
pause-pod-5-70, 1765367991115, 1765368023714, 32599
pause-pod-5-71, 1765367991149, 1765368023994, 32845
pause-pod-5-72, 1765367991212, 1765368024260, 33048
pause-pod-5-73, 1765367991260, 1765368024545, 33285
pause-pod-5-74, 1765367991321, 1765368024820, 33499
pause-pod-5-75, 1765367991389, 1765368025124, 33735
pause-pod-5-76, 1765367991417, 1765368025379, 33962
pause-pod-5-77, 1765367991453, 1765368025654, 34201
pause-pod-5-78, 1765367991494, 1765368025969, 34475
pause-pod-5-79, 1765367991541, 1765368026256, 34715
pause-pod-5-80, 1765367991586, 1765368026542, 34956
pause-pod-5-81, 1765367991637, 1765368026831, 35194
pause-pod-5-82, 1765367991683, 1765368027120, 35437
pause-pod-5-83, 1765367991713, 1765368027396, 35683
pause-pod-5-84, 1765367991756, 1765368027670, 35914
pause-pod-5-85, 1765367991789, 1765368027942, 36153
pause-pod-5-86, 1765367991840, 1765368028228, 36388
pause-pod-5-87, 1765367991861, 1765368028494, 36633
pause-pod-5-88, 1765367991896, 1765368028760, 36864
pause-pod-5-89, 1765367991925, 1765368029052, 37127
pause-pod-5-90, 1765367991950, 1765368029329, 37379
pause-pod-5-91, 1765367991995, 1765368029619, 37624
pause-pod-5-92, 1765367992042, 1765368029897, 37855
pause-pod-5-93, 1765367992110, 1765368030183, 38073
pause-pod-5-94, 1765367992158, 1765368030472, 38314
pause-pod-5-95, 1765367992221, 1765368030771, 38550
pause-pod-5-96, 1765367992310, 1765368031038, 38728
pause-pod-5-97, 1765367992346, 1765368031305, 38959
pause-pod-5-98, 1765367992375, 1765368031577, 39202
pause-pod-5-99, 1765367992446, 1765368031886, 39440
pause-pod-5-100, 1765367992514, 1765368032167, 39653
pause-pod-6-1, 1765368115442, 1765368129483, 14041
pause-pod-6-2, 1765368115447, 1765368129729, 14282
pause-pod-6-3, 1765368115451, 1765368129994, 14543
pause-pod-6-4, 1765368115457, 1765368130263, 14806
pause-pod-6-5, 1765368115460, 1765368130514, 15054
pause-pod-6-6, 1765368115467, 1765368130778, 15311
pause-pod-6-7, 1765368115473, 1765368131027, 15554
pause-pod-6-8, 1765368115479, 1765368131296, 15817
pause-pod-6-9, 1765368115485, 1765368131587, 16102
pause-pod-6-10, 1765368115501, 1765368131850, 16349
pause-pod-6-11, 1765368115510, 1765368132137, 16627
pause-pod-6-12, 1765368115516, 1765368132449, 16933
pause-pod-6-13, 1765368115524, 1765368132728, 17204
pause-pod-6-14, 1765368115532, 1765368132988, 17456
pause-pod-6-15, 1765368115541, 1765368133287, 17746
pause-pod-6-16, 1765368115548, 1765368133543, 17995
pause-pod-6-17, 1765368115569, 1765368133824, 18255
pause-pod-6-18, 1765368115572, 1765368134116, 18544
pause-pod-6-19, 1765368115581, 1765368134393, 18812
pause-pod-6-20, 1765368115589, 1765368134694, 19105
pause-pod-6-21, 1765368115593, 1765368134974, 19381
pause-pod-6-22, 1765368115600, 1765368135271, 19671
pause-pod-6-23, 1765368115608, 1765368135548, 19940
pause-pod-6-24, 1765368115613, 1765368135822, 20209
pause-pod-6-25, 1765368115625, 1765368136086, 20461
pause-pod-6-26, 1765368115644, 1765368136337, 20693
pause-pod-6-27, 1765368115648, 1765368136606, 20958
pause-pod-6-28, 1765368115660, 1765368136891, 21231
pause-pod-6-29, 1765368115666, 1765368137176, 21510
pause-pod-6-30, 1765368115680, 1765368137460, 21780
pause-pod-6-31, 1765368115702, 1765368137740, 22038
pause-pod-6-32, 1765368115724, 1765368138041, 22317
pause-pod-6-33, 1765368115738, 1765368138326, 22588
pause-pod-6-34, 1765368115751, 1765368138633, 22882
pause-pod-6-35, 1765368115766, 1765368138936, 23170
pause-pod-6-36, 1765368115790, 1765368139215, 23425
pause-pod-6-37, 1765368115812, 1765368139507, 23695
pause-pod-6-38, 1765368115825, 1765368139799, 23974
pause-pod-6-39, 1765368115840, 1765368140091, 24251
pause-pod-6-40, 1765368115855, 1765368140370, 24515
pause-pod-6-41, 1765368115873, 1765368140665, 24792
pause-pod-6-42, 1765368115889, 1765368140952, 25063
pause-pod-6-43, 1765368115908, 1765368141220, 25312
pause-pod-6-44, 1765368115913, 1765368141477, 25564
pause-pod-6-45, 1765368115932, 1765368141751, 25819
pause-pod-6-46, 1765368115956, 1765368142035, 26079
pause-pod-6-47, 1765368115974, 1765368142335, 26361
pause-pod-6-48, 1765368115990, 1765368142626, 26636
pause-pod-6-49, 1765368116007, 1765368142901, 26894
pause-pod-6-50, 1765368116021, 1765368143188, 27167
pause-pod-6-51, 1765368116043, 1765368143476, 27433
pause-pod-6-52, 1765368116050, 1765368143772, 27722
pause-pod-6-53, 1765368116075, 1765368144070, 27995
pause-pod-6-54, 1765368116094, 1765368144350, 28256
pause-pod-6-55, 1765368116140, 1765368144601, 28461
pause-pod-6-56, 1765368116165, 1765368144870, 28705
pause-pod-6-57, 1765368116195, 1765368145136, 28941
pause-pod-6-58, 1765368116225, 1765368145393, 29168
pause-pod-6-59, 1765368116236, 1765368145690, 29454
pause-pod-6-60, 1765368116270, 1765368145966, 29696
pause-pod-6-61, 1765368116278, 1765368146243, 29965
pause-pod-6-62, 1765368116290, 1765368146510, 30220
pause-pod-6-63, 1765368116316, 1765368146797, 30481
pause-pod-6-64, 1765368116338, 1765368147087, 30749
pause-pod-6-65, 1765368116371, 1765368147362, 30991
pause-pod-6-66, 1765368116378, 1765368147633, 31255
pause-pod-6-67, 1765368116412, 1765368147890, 31478
pause-pod-6-68, 1765368116427, 1765368148177, 31750
pause-pod-6-69, 1765368116465, 1765368148479, 32014
pause-pod-6-70, 1765368116497, 1765368148779, 32282
pause-pod-6-71, 1765368116511, 1765368149081, 32570
pause-pod-6-72, 1765368116539, 1765368149377, 32838
pause-pod-6-73, 1765368116565, 1765368149652, 33087
pause-pod-6-74, 1765368116605, 1765368149946, 33341
pause-pod-6-75, 1765368116613, 1765368150248, 33635
pause-pod-6-76, 1765368116640, 1765368150545, 33905
pause-pod-6-77, 1765368116688, 1765368150846, 34158
pause-pod-6-78, 1765368116725, 1765368151151, 34426
pause-pod-6-79, 1765368116739, 1765368151418, 34679
pause-pod-6-80, 1765368116801, 1765368151697, 34896
pause-pod-6-81, 1765368116814, 1765368151975, 35161
pause-pod-6-82, 1765368116860, 1765368152263, 35403
pause-pod-6-83, 1765368116872, 1765368152563, 35691
pause-pod-6-84, 1765368116893, 1765368152872, 35979
pause-pod-6-85, 1765368116937, 1765368153142, 36205
pause-pod-6-86, 1765368116957, 1765368153426, 36469
pause-pod-6-87, 1765368116989, 1765368153709, 36720
pause-pod-6-88, 1765368117020, 1765368153987, 36967
pause-pod-6-89, 1765368117066, 1765368154256, 37190
pause-pod-6-90, 1765368117117, 1765368154509, 37392
pause-pod-6-91, 1765368117164, 1765368154766, 37602
pause-pod-6-92, 1765368117211, 1765368155036, 37825
pause-pod-6-93, 1765368117241, 1765368155330, 38089
pause-pod-6-94, 1765368117296, 1765368155610, 38314
pause-pod-6-95, 1765368117315, 1765368155884, 38569
pause-pod-6-96, 1765368117390, 1765368156166, 38776
pause-pod-6-97, 1765368117429, 1765368156454, 39025
pause-pod-6-98, 1765368117449, 1765368156698, 39249
pause-pod-6-99, 1765368117508, 1765368156982, 39474
pause-pod-6-100, 1765368117529, 1765368157243, 39714
