Pod Name, Creation Timestamp, Ready Timestamp, Latency (milliseconds)
pause-pod-1-1, 1765368241899, 1765368259391, 17492
pause-pod-1-2, 1765368241905, 1765368260203, 18298
pause-pod-1-3, 1765368241909, 1765368262102, 20193
pause-pod-1-4, 1765368241912, 1765368262527, 20615
pause-pod-1-5, 1765368241917, 1765368262804, 20887
pause-pod-1-6, 1765368241921, 1765368263060, 21139
pause-pod-1-7, 1765368241925, 1765368263319, 21394
pause-pod-1-8, 1765368241929, 1765368263602, 21673
pause-pod-1-9, 1765368241933, 1765368263856, 21923
pause-pod-1-10, 1765368241937, 1765368264104, 22167
pause-pod-1-11, 1765368241947, 1765368264346, 22399
pause-pod-1-12, 1765368241958, 1765368264647, 22689
pause-pod-1-13, 1765368241964, 1765368264906, 22942
pause-pod-1-14, 1765368241971, 1765368265154, 23183
pause-pod-1-15, 1765368241976, 1765368265405, 23429
pause-pod-1-16, 1765368241990, 1765368265681, 23691
pause-pod-1-17, 1765368242013, 1765368265919, 23906
pause-pod-1-18, 1765368242019, 1765368266198, 24179
pause-pod-1-19, 1765368242025, 1765368266483, 24458
pause-pod-1-20, 1765368242040, 1765368266781, 24741
pause-pod-1-21, 1765368242068, 1765368267044, 24976
pause-pod-1-22, 1765368242080, 1765368267328, 25248
pause-pod-1-23, 1765368242087, 1765368267614, 25527
pause-pod-1-24, 1765368242096, 1765368267875, 25779
pause-pod-1-25, 1765368242121, 1765368268176, 26055
pause-pod-1-26, 1765368242140, 1765368268472, 26332
pause-pod-1-27, 1765368242154, 1765368268772, 26618
pause-pod-1-28, 1765368242163, 1765368269064, 26901
pause-pod-1-29, 1765368242178, 1765368269353, 27175
pause-pod-1-30, 1765368242200, 1765368269612, 27412
pause-pod-1-31, 1765368242213, 1765368269926, 27713
pause-pod-1-32, 1765368242222, 1765368270232, 28010
pause-pod-1-33, 1765368242248, 1765368270515, 28267
pause-pod-1-34, 1765368242257, 1765368270797, 28540
pause-pod-1-35, 1765368242291, 1765368271075, 28784
pause-pod-1-36, 1765368242310, 1765368271352, 29042
pause-pod-1-37, 1765368242345, 1765368271641, 29296
pause-pod-1-38, 1765368242362, 1765368271930, 29568
pause-pod-1-39, 1765368242374, 1765368272222, 29848
pause-pod-1-40, 1765368242403, 1765368272533, 30130
pause-pod-1-41, 1765368242421, 1765368272831, 30410
pause-pod-1-42, 1765368242438, 1765368273114, 30676
pause-pod-1-43, 1765368242456, 1765368273398, 30942
pause-pod-1-44, 1765368242471, 1765368273700, 31229
pause-pod-1-45, 1765368242502, 1765368273971, 31469
pause-pod-1-46, 1765368242526, 1765368274277, 31751
pause-pod-1-47, 1765368242552, 1765368274530, 31978
pause-pod-1-48, 1765368242568, 1765368274827, 32259
pause-pod-1-49, 1765368242606, 1765368275108, 32502
pause-pod-1-50, 1765368242642, 1765368275403, 32761
pause-pod-1-51, 1765368242658, 1765368275689, 33031
pause-pod-1-52, 1765368242676, 1765368275982, 33306
pause-pod-1-53, 1765368242699, 1765368276289, 33590
pause-pod-1-54, 1765368242725, 1765368276584, 33859
pause-pod-1-55, 1765368242748, 1765368276875, 34127
pause-pod-1-56, 1765368242762, 1765368277165, 34403
pause-pod-1-57, 1765368242800, 1765368277465, 34665
pause-pod-1-58, 1765368242813, 1765368277755, 34942
pause-pod-1-59, 1765368242832, 1765368278046, 35214
pause-pod-1-60, 1765368242853, 1765368278326, 35473
pause-pod-1-61, 1765368242888, 1765368278624, 35736
pause-pod-1-62, 1765368242911, 1765368278923, 36012
pause-pod-1-63, 1765368242926, 1765368279213, 36287
pause-pod-1-64, 1765368242950, 1765368279483, 36533
pause-pod-1-65, 1765368242984, 1765368279747, 36763
pause-pod-1-66, 1765368243007, 1765368280038, 37031
pause-pod-1-67, 1765368243044, 1765368280333, 37289
pause-pod-1-68, 1765368243086, 1765368280634, 37548
pause-pod-1-69, 1765368243100, 1765368280915, 37815
pause-pod-1-70, 1765368243134, 1765368281200, 38066
pause-pod-1-71, 1765368243146, 1765368281484, 38338
pause-pod-1-72, 1765368243162, 1765368281738, 38576
pause-pod-1-73, 1765368243189, 1765368282015, 38826
pause-pod-1-74, 1765368243206, 1765368282314, 39108
pause-pod-1-75, 1765368243249, 1765368282614, 39365
pause-pod-1-76, 1765368243267, 1765368282900, 39633
pause-pod-1-77, 1765368243328, 1765368283199, 39871
pause-pod-1-78, 1765368243357, 1765368283467, 40110
pause-pod-1-79, 1765368243395, 1765368283746, 40351
pause-pod-1-80, 1765368243406, 1765368284034, 40628
pause-pod-1-81, 1765368243448, 1765368284341, 40893
pause-pod-1-82, 1765368243461, 1765368284632, 41171
pause-pod-1-83, 1765368243517, 1765368284934, 41417
pause-pod-1-84, 1765368243542, 1765368285243, 41701
pause-pod-1-85, 1765368243608, 1765368285529, 41921
pause-pod-1-86, 1765368243643, 1765368285818, 42175
pause-pod-1-87, 1765368243709, 1765368286124, 42415
pause-pod-1-88, 1765368243730, 1765368286420, 42690
pause-pod-1-89, 1765368243762, 1765368286728, 42966
pause-pod-1-90, 1765368243796, 1765368287028, 43232
pause-pod-1-91, 1765368243825, 1765368287315, 43490
pause-pod-1-92, 1765368243846, 1765368287605, 43759
pause-pod-1-93, 1765368243853, 1765368287913, 44060
pause-pod-1-94, 1765368243860, 1765368288229, 44369
pause-pod-1-95, 1765368243893, 1765368288521, 44628
pause-pod-1-96, 1765368243907, 1765368288837, 44930
pause-pod-1-97, 1765368243935, 1765368289128, 45193
pause-pod-1-98, 1765368244018, 1765368289415, 45397
pause-pod-1-99, 1765368244046, 1765368289705, 45659
pause-pod-1-100, 1765368244100, 1765368289948, 45848
pause-pod-1-101, 1765368244108, 1765368290236, 46128
pause-pod-1-102, 1765368244161, 1765368290521, 46360
pause-pod-1-103, 1765368244180, 1765368290824, 46644
pause-pod-1-104, 1765368244291, 1765368291120, 46829
pause-pod-1-105, 1765368244336, 1765368291401, 47065
pause-pod-1-106, 1765368244400, 1765368291687, 47287
pause-pod-1-107, 1765368244473, 1765368291975, 47502
pause-pod-1-108, 1765368244490, 1765368292269, 47779
pause-pod-1-109, 1765368244552, 1765368292565, 48013
pause-pod-1-110, 1765368244621, 1765368292862, 48241
pause-pod-1-111, 1765368244649, 1765368293142, 48493
pause-pod-1-112, 1765368244705, 1765368293440, 48735
pause-pod-1-113, 1765368244761, 1765368293730, 48969
pause-pod-1-114, 1765368244793, 1765368294015, 49222
pause-pod-1-115, 1765368244815, 1765368294294, 49479
pause-pod-1-116, 1765368244847, 1765368294572, 49725
pause-pod-1-117, 1765368244886, 1765368294859, 49973
pause-pod-1-118, 1765368244945, 1765368295138, 50193
pause-pod-1-119, 1765368244975, 1765368295405, 50430
pause-pod-1-120, 1765368245031, 1765368295676, 50645
pause-pod-1-121, 1765368245063, 1765368295975, 50912
pause-pod-1-122, 1765368245108, 1765368296265, 51157
pause-pod-1-123, 1765368245185, 1765368296563, 51378
pause-pod-1-124, 1765368245260, 1765368296871, 51611
pause-pod-1-125, 1765368245390, 1765368297154, 51764
pause-pod-1-126, 1765368245411, 1765368297453, 52042
pause-pod-1-127, 1765368245469, 1765368297729, 52260
pause-pod-1-128, 1765368245485, 1765368298003, 52518
pause-pod-1-129, 1765368245585, 1765368298308, 52723
pause-pod-1-130, 1765368245640, 1765368298609, 52969
pause-pod-1-131, 1765368245663, 1765368298907, 53244
pause-pod-1-132, 1765368245700, 1765368299193, 53493
pause-pod-1-133, 1765368245776, 1765368299469, 53693
pause-pod-1-134, 1765368245834, 1765368299771, 53937
pause-pod-1-135, 1765368245862, 1765368300087, 54225
pause-pod-1-136, 1765368245947, 1765368300343, 54396
pause-pod-1-137, 1765368245987, 1765368300608, 54621
pause-pod-1-138, 1765368246055, 1765368300885, 54830
pause-pod-1-139, 1765368246150, 1765368301168, 55018
pause-pod-1-140, 1765368246206, 1765368301457, 55251
pause-pod-1-141, 1765368246257, 1765368301722, 55465
pause-pod-1-142, 1765368246403, 1765368301972, 55569
pause-pod-1-143, 1765368246497, 1765368302223, 55726
pause-pod-1-144, 1765368246575, 1765368302487, 55912
pause-pod-1-145, 1765368246679, 1765368302739, 56060
pause-pod-1-146, 1765368246715, 1765368302990, 56275
pause-pod-1-147, 1765368246830, 1765368303247, 56417
pause-pod-1-148, 1765368246883, 1765368303503, 56620
pause-pod-1-149, 1765368246976, 1765368303762, 56786
pause-pod-1-150, 1765368247032, 1765368304017, 56985
pause-pod-2-1, 1765368399465, 1765368419452, 19987
pause-pod-2-2, 1765368399468, 1765368419954, 20486
pause-pod-2-3, 1765368399473, 1765368420199, 20726
pause-pod-2-4, 1765368399477, 1765368420456, 20979
pause-pod-2-5, 1765368399481, 1765368420737, 21256
pause-pod-2-6, 1765368399485, 1765368420998, 21513
pause-pod-2-7, 1765368399488, 1765368421284, 21796
pause-pod-2-8, 1765368399495, 1765368421547, 22052
pause-pod-2-9, 1765368399505, 1765368421798, 22293
pause-pod-2-10, 1765368399511, 1765368422042, 22531
pause-pod-2-11, 1765368399517, 1765368422319, 22802
pause-pod-2-12, 1765368399525, 1765368422586, 23061
pause-pod-2-13, 1765368399536, 1765368422841, 23305
pause-pod-2-14, 1765368399541, 1765368423105, 23564
pause-pod-2-15, 1765368399548, 1765368423377, 23829
pause-pod-2-16, 1765368399561, 1765368423661, 24100
pause-pod-2-17, 1765368399570, 1765368423914, 24344
pause-pod-2-18, 1765368399578, 1765368424192, 24614
pause-pod-2-19, 1765368399591, 1765368424449, 24858
pause-pod-2-20, 1765368399597, 1765368424727, 25130
pause-pod-2-21, 1765368399608, 1765368425019, 25411
pause-pod-2-22, 1765368399623, 1765368425295, 25672
pause-pod-2-23, 1765368399630, 1765368425585, 25955
pause-pod-2-24, 1765368399641, 1765368425864, 26223
pause-pod-2-25, 1765368399649, 1765368426170, 26521
pause-pod-2-26, 1765368399661, 1765368426453, 26792
pause-pod-2-27, 1765368399674, 1765368426730, 27056
pause-pod-2-28, 1765368399693, 1765368426995, 27302
pause-pod-2-29, 1765368399707, 1765368427274, 27567
pause-pod-2-30, 1765368399718, 1765368427554, 27836
pause-pod-2-31, 1765368399733, 1765368427860, 28127
pause-pod-2-32, 1765368399751, 1765368428133, 28382
pause-pod-2-33, 1765368399765, 1765368428424, 28659
pause-pod-2-34, 1765368399788, 1765368428706, 28918
pause-pod-2-35, 1765368399802, 1765368429009, 29207
pause-pod-2-36, 1765368399815, 1765368429283, 29468
pause-pod-2-37, 1765368399843, 1765368429549, 29706
pause-pod-2-38, 1765368399849, 1765368429820, 29971
pause-pod-2-39, 1765368399876, 1765368430120, 30244
pause-pod-2-40, 1765368399887, 1765368430407, 30520
pause-pod-2-41, 1765368399902, 1765368430686, 30784
pause-pod-2-42, 1765368399908, 1765368430967, 31059
pause-pod-2-43, 1765368399916, 1765368431220, 31304
pause-pod-2-44, 1765368399938, 1765368431500, 31562
pause-pod-2-45, 1765368399968, 1765368431768, 31800
pause-pod-2-46, 1765368399989, 1765368432052, 32063
pause-pod-2-47, 1765368400012, 1765368432334, 32322
pause-pod-2-48, 1765368400033, 1765368432621, 32588
pause-pod-2-49, 1765368400046, 1765368432905, 32859
pause-pod-2-50, 1765368400061, 1765368433200, 33139
pause-pod-2-51, 1765368400084, 1765368433466, 33382
pause-pod-2-52, 1765368400108, 1765368433757, 33649
pause-pod-2-53, 1765368400140, 1765368434043, 33903
pause-pod-2-54, 1765368400163, 1765368434341, 34178
pause-pod-2-55, 1765368400199, 1765368434635, 34436
pause-pod-2-56, 1765368400267, 1765368434930, 34663
pause-pod-2-57, 1765368400282, 1765368435216, 34934
pause-pod-2-58, 1765368400335, 1765368435499, 35164
pause-pod-2-59, 1765368400355, 1765368435786, 35431
pause-pod-2-60, 1765368400398, 1765368436089, 35691
pause-pod-2-61, 1765368400413, 1765368436386, 35973
pause-pod-2-62, 1765368400426, 1765368436690, 36264
pause-pod-2-63, 1765368400458, 1765368436970, 36512
pause-pod-2-64, 1765368400480, 1765368437244, 36764
pause-pod-2-65, 1765368400530, 1765368437534, 37004
pause-pod-2-66, 1765368400562, 1765368437838, 37276
pause-pod-2-67, 1765368400589, 1765368438139, 37550
pause-pod-2-68, 1765368400621, 1765368438413, 37792
pause-pod-2-69, 1765368400672, 1765368438713, 38041
pause-pod-2-70, 1765368400732, 1765368438998, 38266
pause-pod-2-71, 1765368400764, 1765368439316, 38552
pause-pod-2-72, 1765368400794, 1765368439600, 38806
pause-pod-2-73, 1765368400878, 1765368439888, 39010
pause-pod-2-74, 1765368400890, 1765368440164, 39274
pause-pod-2-75, 1765368400923, 1765368440447, 39524
pause-pod-2-76, 1765368400960, 1765368440736, 39776
pause-pod-2-77, 1765368400990, 1765368441015, 40025
pause-pod-2-78, 1765368401039, 1765368441307, 40268
pause-pod-2-79, 1765368401108, 1765368441596, 40488
pause-pod-2-80, 1765368401137, 1765368441890, 40753
pause-pod-2-81, 1765368401191, 1765368442148, 40957
pause-pod-2-82, 1765368401214, 1765368442454, 41240
pause-pod-2-83, 1765368401245, 1765368442726, 41481
pause-pod-2-84, 1765368401260, 1765368443005, 41745
pause-pod-2-85, 1765368401302, 1765368443306, 42004
pause-pod-2-86, 1765368401330, 1765368443598, 42268
pause-pod-2-87, 1765368401366, 1765368443882, 42516
pause-pod-2-88, 1765368401443, 1765368444162, 42719
pause-pod-2-89, 1765368401521, 1765368444453, 42932
pause-pod-2-90, 1765368401555, 1765368444702, 43147
pause-pod-2-91, 1765368401612, 1765368444983, 43371
pause-pod-2-92, 1765368401703, 1765368445276, 43573
pause-pod-2-93, 1765368401746, 1765368445535, 43789
pause-pod-2-94, 1765368401756, 1765368445893, 44137
pause-pod-2-95, 1765368401814, 1765368446166, 44352
pause-pod-2-96, 1765368401880, 1765368446452, 44572
pause-pod-2-97, 1765368401932, 1765368446739, 44807
pause-pod-2-98, 1765368401950, 1765368447002, 45052
pause-pod-2-99, 1765368401985, 1765368447275, 45290
pause-pod-2-100, 1765368402012, 1765368447558, 45546
pause-pod-2-101, 1765368402074, 1765368447819, 45745
pause-pod-2-102, 1765368402135, 1765368448100, 45965
pause-pod-2-103, 1765368402195, 1765368448376, 46181
pause-pod-2-104, 1765368402217, 1765368448668, 46451
pause-pod-2-105, 1765368402287, 1765368448948, 46661
pause-pod-2-106, 1765368402317, 1765368449236, 46919
pause-pod-2-107, 1765368402374, 1765368449518, 47144
pause-pod-2-108, 1765368402385, 1765368449801, 47416
pause-pod-2-109, 1765368402443, 1765368450083, 47640
pause-pod-2-110, 1765368402491, 1765368450374, 47883
pause-pod-2-111, 1765368402525, 1765368450660, 48135
pause-pod-2-112, 1765368402561, 1765368450927, 48366
pause-pod-2-113, 1765368402661, 1765368451217, 48556
pause-pod-2-114, 1765368402704, 1765368451515, 48811
pause-pod-2-115, 1765368402712, 1765368451801, 49089
pause-pod-2-116, 1765368402791, 1765368452084, 49293
pause-pod-2-117, 1765368402926, 1765368452375, 49449
pause-pod-2-118, 1765368402948, 1765368452672, 49724
pause-pod-2-119, 1765368402964, 1765368452942, 49978
pause-pod-2-120, 1765368402970, 1765368453225, 50255
pause-pod-2-121, 1765368402997, 1765368453508, 50511
pause-pod-2-122, 1765368403008, 1765368453780, 50772
pause-pod-2-123, 1765368403029, 1765368454075, 51046
pause-pod-2-124, 1765368403068, 1765368454365, 51297
pause-pod-2-125, 1765368403083, 1765368454641, 51558
pause-pod-2-126, 1765368403114, 1765368454926, 51812
pause-pod-2-127, 1765368403152, 1765368455222, 52070
pause-pod-2-128, 1765368403209, 1765368455508, 52299
pause-pod-2-129, 1765368403230, 1765368455802, 52572
pause-pod-2-130, 1765368403311, 1765368456076, 52765
pause-pod-2-131, 1765368403341, 1765368456374, 53033
pause-pod-2-132, 1765368403448, 1765368456681, 53233
pause-pod-2-133, 1765368403500, 1765368456959, 53459
pause-pod-2-134, 1765368403563, 1765368457202, 53639
pause-pod-2-135, 1765368403606, 1765368457487, 53881
pause-pod-2-136, 1765368403636, 1765368457783, 54147
pause-pod-2-137, 1765368403697, 1765368458081, 54384
pause-pod-2-138, 1765368403760, 1765368458373, 54613
pause-pod-2-139, 1765368403870, 1765368458671, 54801
pause-pod-2-140, 1765368403886, 1765368458967, 55081
pause-pod-2-141, 1765368403903, 1765368459255, 55352
pause-pod-2-142, 1765368403908, 1765368459533, 55625
pause-pod-2-143, 1765368403950, 1765368459789, 55839
pause-pod-2-144, 1765368403997, 1765368460074, 56077
pause-pod-2-145, 1765368404070, 1765368460365, 56295
pause-pod-2-146, 1765368404119, 1765368460653, 56534
pause-pod-2-147, 1765368404135, 1765368460919, 56784
pause-pod-2-148, 1765368404150, 1765368461183, 57033
pause-pod-2-149, 1765368404233, 1765368461476, 57243
pause-pod-2-150, 1765368404346, 1765368461727, 57381
pause-pod-3-1, 1765368557916, 1765368576273, 18357
pause-pod-3-2, 1765368557922, 1765368577351, 19429
pause-pod-3-3, 1765368557929, 1765368578927, 20998
pause-pod-3-4, 1765368557933, 1765368579208, 21275
pause-pod-3-5, 1765368557936, 1765368579464, 21528
pause-pod-3-6, 1765368557940, 1765368579728, 21788
pause-pod-3-7, 1765368557945, 1765368579991, 22046
pause-pod-3-8, 1765368557952, 1765368580245, 22293
pause-pod-3-9, 1765368557957, 1765368580510, 22553
pause-pod-3-10, 1765368557962, 1765368580756, 22794
pause-pod-3-11, 1765368557966, 1765368581005, 23039
pause-pod-3-12, 1765368557970, 1765368581246, 23276
pause-pod-3-13, 1765368557974, 1765368581488, 23514
pause-pod-3-14, 1765368557981, 1765368581751, 23770
pause-pod-3-15, 1765368557990, 1765368582032, 24042
pause-pod-3-16, 1765368558001, 1765368582283, 24282
pause-pod-3-17, 1765368558004, 1765368582564, 24560
pause-pod-3-18, 1765368558014, 1765368582845, 24831
pause-pod-3-19, 1765368558027, 1765368583139, 25112
pause-pod-3-20, 1765368558041, 1765368583413, 25372
pause-pod-3-21, 1765368558057, 1765368583721, 25664
pause-pod-3-22, 1765368558065, 1765368583997, 25932
pause-pod-3-23, 1765368558075, 1765368584297, 26222
pause-pod-3-24, 1765368558084, 1765368584589, 26505
pause-pod-3-25, 1765368558105, 1765368584890, 26785
pause-pod-3-26, 1765368558128, 1765368585171, 27043
pause-pod-3-27, 1765368558142, 1765368585441, 27299
pause-pod-3-28, 1765368558154, 1765368585729, 27575
pause-pod-3-29, 1765368558167, 1765368586004, 27837
pause-pod-3-30, 1765368558181, 1765368586300, 28119
pause-pod-3-31, 1765368558193, 1765368586586, 28393
pause-pod-3-32, 1765368558224, 1765368586871, 28647
pause-pod-3-33, 1765368558234, 1765368587147, 28913
pause-pod-3-34, 1765368558248, 1765368587419, 29171
pause-pod-3-35, 1765368558261, 1765368587692, 29431
pause-pod-3-36, 1765368558281, 1765368587967, 29686
pause-pod-3-37, 1765368558305, 1765368588256, 29951
pause-pod-3-38, 1765368558327, 1765368588544, 30217
pause-pod-3-39, 1765368558341, 1765368588824, 30483
pause-pod-3-40, 1765368558361, 1765368589110, 30749
pause-pod-3-41, 1765368558388, 1765368589392, 31004
pause-pod-3-42, 1765368558400, 1765368589670, 31270
pause-pod-3-43, 1765368558412, 1765368589949, 31537
pause-pod-3-44, 1765368558429, 1765368590240, 31811
pause-pod-3-45, 1765368558444, 1765368590523, 32079
pause-pod-3-46, 1765368558453, 1765368590811, 32358
pause-pod-3-47, 1765368558476, 1765368591057, 32581
pause-pod-3-48, 1765368558488, 1765368591349, 32861
pause-pod-3-49, 1765368558496, 1765368591629, 33133
pause-pod-3-50, 1765368558527, 1765368591924, 33397
pause-pod-3-51, 1765368558559, 1765368592209, 33650
pause-pod-3-52, 1765368558576, 1765368592488, 33912
pause-pod-3-53, 1765368558601, 1765368592798, 34197
pause-pod-3-54, 1765368558624, 1765368593075, 34451
pause-pod-3-55, 1765368558672, 1765368593360, 34688
pause-pod-3-56, 1765368558695, 1765368593668, 34973
pause-pod-3-57, 1765368558768, 1765368593955, 35187
pause-pod-3-58, 1765368558790, 1765368594242, 35452
pause-pod-3-59, 1765368558828, 1765368594530, 35702
pause-pod-3-60, 1765368558849, 1765368594787, 35938
pause-pod-3-61, 1765368558859, 1765368595055, 36196
pause-pod-3-62, 1765368558878, 1765368595330, 36452
pause-pod-3-63, 1765368558902, 1765368595664, 36762
pause-pod-3-64, 1765368558917, 1765368595955, 37038
pause-pod-3-65, 1765368558930, 1765368596235, 37305
pause-pod-3-66, 1765368558952, 1765368596518, 37566
pause-pod-3-67, 1765368558989, 1765368596794, 37805
pause-pod-3-68, 1765368559004, 1765368597083, 38079
pause-pod-3-69, 1765368559045, 1765368597365, 38320
pause-pod-3-70, 1765368559066, 1765368597640, 38574
pause-pod-3-71, 1765368559099, 1765368597919, 38820
pause-pod-3-72, 1765368559141, 1765368598207, 39066
pause-pod-3-73, 1765368559191, 1765368598480, 39289
pause-pod-3-74, 1765368559215, 1765368598775, 39560
pause-pod-3-75, 1765368559243, 1765368599074, 39831
pause-pod-3-76, 1765368559261, 1765368599359, 40098
pause-pod-3-77, 1765368559290, 1765368599640, 40350
pause-pod-3-78, 1765368559357, 1765368599931, 40574
pause-pod-3-79, 1765368559407, 1765368600225, 40818
pause-pod-3-80, 1765368559449, 1765368600493, 41044
pause-pod-3-81, 1765368559486, 1765368600780, 41294
pause-pod-3-82, 1765368559501, 1765368601060, 41559
pause-pod-3-83, 1765368559543, 1765368601295, 41752
pause-pod-3-84, 1765368559594, 1765368601567, 41973
pause-pod-3-85, 1765368559646, 1765368601859, 42213
pause-pod-3-86, 1765368559696, 1765368602111, 42415
pause-pod-3-87, 1765368559772, 1765368602354, 42582
pause-pod-3-88, 1765368559812, 1765368602639, 42827
pause-pod-3-89, 1765368559844, 1765368602886, 43042
pause-pod-3-90, 1765368559865, 1765368603133, 43268
pause-pod-3-91, 1765368559919, 1765368603385, 43466
pause-pod-3-92, 1765368559964, 1765368603653, 43689
pause-pod-3-93, 1765368559984, 1765368603900, 43916
pause-pod-3-94, 1765368560021, 1765368604151, 44130
pause-pod-3-95, 1765368560044, 1765368604403, 44359
pause-pod-3-96, 1765368560075, 1765368604676, 44601
pause-pod-3-97, 1765368560129, 1765368604955, 44826
pause-pod-3-98, 1765368560156, 1765368605242, 45086
pause-pod-3-99, 1765368560184, 1765368605523, 45339
pause-pod-3-100, 1765368560220, 1765368605824, 45604
pause-pod-3-101, 1765368560245, 1765368606112, 45867
pause-pod-3-102, 1765368560283, 1765368606398, 46115
pause-pod-3-103, 1765368560339, 1765368606705, 46366
pause-pod-3-104, 1765368560421, 1765368606992, 46571
pause-pod-3-105, 1765368560440, 1765368607258, 46818
pause-pod-3-106, 1765368560461, 1765368607543, 47082
pause-pod-3-107, 1765368560527, 1765368607831, 47304
pause-pod-3-108, 1765368560570, 1765368608125, 47555
pause-pod-3-109, 1765368560619, 1765368608408, 47789
pause-pod-3-110, 1765368560695, 1765368608695, 48000
pause-pod-3-111, 1765368560725, 1765368608985, 48260
pause-pod-3-112, 1765368560754, 1765368609278, 48524
pause-pod-3-113, 1765368560765, 1765368609563, 48798
pause-pod-3-114, 1765368560782, 1765368609834, 49052
pause-pod-3-115, 1765368560814, 1765368610116, 49302
pause-pod-3-116, 1765368560880, 1765368610381, 49501
pause-pod-3-117, 1765368560926, 1765368610663, 49737
pause-pod-3-118, 1765368561016, 1765368610918, 49902
pause-pod-3-119, 1765368561096, 1765368611183, 50087
pause-pod-3-120, 1765368561154, 1765368611444, 50290
pause-pod-3-121, 1765368561185, 1765368611696, 50511
pause-pod-3-122, 1765368561237, 1765368611985, 50748
pause-pod-3-123, 1765368561308, 1765368612240, 50932
pause-pod-3-124, 1765368561383, 1765368612519, 51136
pause-pod-3-125, 1765368561428, 1765368612788, 51360
pause-pod-3-126, 1765368561518, 1765368613065, 51547
pause-pod-3-127, 1765368561571, 1765368613334, 51763
pause-pod-3-128, 1765368561593, 1765368613577, 51984
pause-pod-3-129, 1765368561651, 1765368613849, 52198
pause-pod-3-130, 1765368561750, 1765368614128, 52378
pause-pod-3-131, 1765368561838, 1765368614422, 52584
pause-pod-3-132, 1765368561882, 1765368614697, 52815
pause-pod-3-133, 1765368562025, 1765368614973, 52948
pause-pod-3-134, 1765368562054, 1765368615255, 53201
pause-pod-3-135, 1765368562127, 1765368615546, 53419
pause-pod-3-136, 1765368562239, 1765368615830, 53591
pause-pod-3-137, 1765368562284, 1765368616123, 53839
pause-pod-3-138, 1765368562405, 1765368616405, 54000
pause-pod-3-139, 1765368562449, 1765368616699, 54250
pause-pod-3-140, 1765368562504, 1765368616991, 54487
pause-pod-3-141, 1765368562513, 1765368617254, 54741
pause-pod-3-142, 1765368562521, 1765368617525, 55004
pause-pod-3-143, 1765368562618, 1765368617817, 55199
pause-pod-3-144, 1765368562685, 1765368618109, 55424
pause-pod-3-145, 1765368562733, 1765368618425, 55692
pause-pod-3-146, 1765368562824, 1765368618705, 55881
pause-pod-3-147, 1765368562967, 1765368618993, 56026
pause-pod-3-148, 1765368563005, 1765368619279, 56274
pause-pod-3-149, 1765368563149, 1765368619569, 56420
pause-pod-3-150, 1765368563258, 1765368619855, 56597
pause-pod-4-1, 1765368714833, 1765368733102, 18269
pause-pod-4-2, 1765368714838, 1765368734359, 19521
pause-pod-4-3, 1765368714843, 1765368735739, 20896
pause-pod-4-4, 1765368714849, 1765368736025, 21176
pause-pod-4-5, 1765368714853, 1765368736289, 21436
pause-pod-4-6, 1765368714857, 1765368736556, 21699
pause-pod-4-7, 1765368714862, 1765368736812, 21950
pause-pod-4-8, 1765368714866, 1765368737069, 22203
pause-pod-4-9, 1765368714873, 1765368737329, 22456
pause-pod-4-10, 1765368714880, 1765368737599, 22719
pause-pod-4-11, 1765368714889, 1765368737857, 22968
pause-pod-4-12, 1765368714896, 1765368738154, 23258
pause-pod-4-13, 1765368714902, 1765368738408, 23506
pause-pod-4-14, 1765368714909, 1765368738708, 23799
pause-pod-4-15, 1765368714915, 1765368738970, 24055
pause-pod-4-16, 1765368714925, 1765368739252, 24327
pause-pod-4-17, 1765368714933, 1765368739545, 24612
pause-pod-4-18, 1765368714936, 1765368739803, 24867
pause-pod-4-19, 1765368714950, 1765368740079, 25129
pause-pod-4-20, 1765368714960, 1765368740376, 25416
pause-pod-4-21, 1765368714968, 1765368740666, 25698
pause-pod-4-22, 1765368714980, 1765368740982, 26002
pause-pod-4-23, 1765368715000, 1765368741270, 26270
pause-pod-4-24, 1765368715011, 1765368741557, 26546
pause-pod-4-25, 1765368715025, 1765368741868, 26843
pause-pod-4-26, 1765368715034, 1765368742176, 27142
pause-pod-4-27, 1765368715044, 1765368742451, 27407
pause-pod-4-28, 1765368715051, 1765368742746, 27695
pause-pod-4-29, 1765368715067, 1765368743032, 27965
pause-pod-4-30, 1765368715074, 1765368743318, 28244
pause-pod-4-31, 1765368715088, 1765368743621, 28533
pause-pod-4-32, 1765368715096, 1765368743899, 28803
pause-pod-4-33, 1765368715111, 1765368744167, 29056
pause-pod-4-34, 1765368715121, 1765368744443, 29322
pause-pod-4-35, 1765368715134, 1765368744697, 29563
pause-pod-4-36, 1765368715139, 1765368744997, 29858
pause-pod-4-37, 1765368715163, 1765368745269, 30106
pause-pod-4-38, 1765368715180, 1765368745533, 30353
pause-pod-4-39, 1765368715215, 1765368745803, 30588
pause-pod-4-40, 1765368715243, 1765368746112, 30869
pause-pod-4-41, 1765368715259, 1765368746391, 31132
pause-pod-4-42, 1765368715263, 1765368746676, 31413
pause-pod-4-43, 1765368715284, 1765368746962, 31678
pause-pod-4-44, 1765368715289, 1765368747230, 31941
pause-pod-4-45, 1765368715304, 1765368747520, 32216
pause-pod-4-46, 1765368715316, 1765368747796, 32480
pause-pod-4-47, 1765368715343, 1765368748093, 32750
pause-pod-4-48, 1765368715371, 1765368748383, 33012
pause-pod-4-49, 1765368715407, 1765368748686, 33279
pause-pod-4-50, 1765368715442, 1765368748963, 33521
pause-pod-4-51, 1765368715467, 1765368749275, 33808
pause-pod-4-52, 1765368715496, 1765368749561, 34065
pause-pod-4-53, 1765368715518, 1765368749842, 34324
pause-pod-4-54, 1765368715560, 1765368750153, 34593
pause-pod-4-55, 1765368715584, 1765368750444, 34860
pause-pod-4-56, 1765368715620, 1765368750752, 35132
pause-pod-4-57, 1765368715641, 1765368751023, 35382
pause-pod-4-58, 1765368715678, 1765368751304, 35626
pause-pod-4-59, 1765368715691, 1765368751598, 35907
pause-pod-4-60, 1765368715730, 1765368751885, 36155
pause-pod-4-61, 1765368715755, 1765368752150, 36395
pause-pod-4-62, 1765368715769, 1765368752427, 36658
pause-pod-4-63, 1765368715796, 1765368752743, 36947
pause-pod-4-64, 1765368715813, 1765368753029, 37216
pause-pod-4-65, 1765368715841, 1765368753334, 37493
pause-pod-4-66, 1765368715865, 1765368753638, 37773
pause-pod-4-67, 1765368715883, 1765368753926, 38043
pause-pod-4-68, 1765368715939, 1765368754217, 38278
pause-pod-4-69, 1765368715980, 1765368754466, 38486
pause-pod-4-70, 1765368715986, 1765368754743, 38757
pause-pod-4-71, 1765368716039, 1765368755030, 38991
pause-pod-4-72, 1765368716053, 1765368755322, 39269
pause-pod-4-73, 1765368716073, 1765368755682, 39609
pause-pod-4-74, 1765368716100, 1765368755969, 39869
pause-pod-4-75, 1765368716136, 1765368756262, 40126
pause-pod-4-76, 1765368716154, 1765368756571, 40417
pause-pod-4-77, 1765368716174, 1765368756858, 40684
pause-pod-4-78, 1765368716195, 1765368757139, 40944
pause-pod-4-79, 1765368716261, 1765368757398, 41137
pause-pod-4-80, 1765368716295, 1765368757689, 41394
pause-pod-4-81, 1765368716353, 1765368757995, 41642
pause-pod-4-82, 1765368716377, 1765368758319, 41942
pause-pod-4-83, 1765368716404, 1765368758632, 42228
pause-pod-4-84, 1765368716414, 1765368758929, 42515
pause-pod-4-85, 1765368716440, 1765368759223, 42783
pause-pod-4-86, 1765368716456, 1765368759528, 43072
pause-pod-4-87, 1765368716496, 1765368759791, 43295
pause-pod-4-88, 1765368716545, 1765368760084, 43539
pause-pod-4-89, 1765368716630, 1765368760377, 43747
pause-pod-4-90, 1765368716708, 1765368760697, 43989
pause-pod-4-91, 1765368716735, 1765368760959, 44224
pause-pod-4-92, 1765368716796, 1765368761245, 44449
pause-pod-4-93, 1765368716836, 1765368761515, 44679
pause-pod-4-94, 1765368716869, 1765368761778, 44909
pause-pod-4-95, 1765368716908, 1765368762052, 45144
pause-pod-4-96, 1765368716935, 1765368762347, 45412
pause-pod-4-97, 1765368716991, 1765368762652, 45661
pause-pod-4-98, 1765368717060, 1765368762935, 45875
pause-pod-4-99, 1765368717074, 1765368763237, 46163
pause-pod-4-100, 1765368717139, 1765368763502, 46363
pause-pod-4-101, 1765368717179, 1765368763767, 46588
pause-pod-4-102, 1765368717216, 1765368764064, 46848
pause-pod-4-103, 1765368717223, 1765368764367, 47144
pause-pod-4-104, 1765368717238, 1765368764689, 47451
pause-pod-4-105, 1765368717251, 1765368764977, 47726
pause-pod-4-106, 1765368717272, 1765368765267, 47995
pause-pod-4-107, 1765368717294, 1765368765544, 48250
pause-pod-4-108, 1765368717312, 1765368765833, 48521
pause-pod-4-109, 1765368717373, 1765368766129, 48756
pause-pod-4-110, 1765368717402, 1765368766406, 49004
pause-pod-4-111, 1765368717414, 1765368766690, 49276
pause-pod-4-112, 1765368717468, 1765368766984, 49516
pause-pod-4-113, 1765368717552, 1765368767255, 49703
pause-pod-4-114, 1765368717602, 1765368767503, 49901
pause-pod-4-115, 1765368717677, 1765368767793, 50116
pause-pod-4-116, 1765368717730, 1765368768081, 50351
pause-pod-4-117, 1765368717833, 1765368768380, 50547
pause-pod-4-118, 1765368717869, 1765368768669, 50800
pause-pod-4-119, 1765368717907, 1765368768948, 51041
pause-pod-4-120, 1765368717949, 1765368769249, 51300
pause-pod-4-121, 1765368717970, 1765368769529, 51559
pause-pod-4-122, 1765368717987, 1765368769819, 51832
pause-pod-4-123, 1765368718021, 1765368770129, 52108
pause-pod-4-124, 1765368718064, 1765368770405, 52341
pause-pod-4-125, 1765368718110, 1765368770692, 52582
pause-pod-4-126, 1765368718150, 1765368770999, 52849
pause-pod-4-127, 1765368718227, 1765368771286, 53059
pause-pod-4-128, 1765368718238, 1765368771591, 53353
pause-pod-4-129, 1765368718312, 1765368771880, 53568
pause-pod-4-130, 1765368718367, 1765368772183, 53816
pause-pod-4-131, 1765368718390, 1765368772467, 54077
pause-pod-4-132, 1765368718404, 1765368772766, 54362
pause-pod-4-133, 1765368718498, 1765368773064, 54566
pause-pod-4-134, 1765368718555, 1765368773349, 54794
pause-pod-4-135, 1765368718651, 1765368773642, 54991
pause-pod-4-136, 1765368718724, 1765368773921, 55197
pause-pod-4-137, 1765368718801, 1765368774219, 55418
pause-pod-4-138, 1765368718950, 1765368774499, 55549
pause-pod-4-139, 1765368719017, 1765368774748, 55731
pause-pod-4-140, 1765368719076, 1765368775026, 55950
pause-pod-4-141, 1765368719144, 1765368775305, 56161
pause-pod-4-142, 1765368719171, 1765368775575, 56404
pause-pod-4-143, 1765368719190, 1765368775855, 56665
pause-pod-4-144, 1765368719280, 1765368776144, 56864
pause-pod-4-145, 1765368719361, 1765368776443, 57082
pause-pod-4-146, 1765368719495, 1765368776723, 57228
pause-pod-4-147, 1765368719576, 1765368777016, 57440
pause-pod-4-148, 1765368719622, 1765368777303, 57681
pause-pod-4-149, 1765368719684, 1765368777578, 57894
pause-pod-4-150, 1765368719724, 1765368777824, 58100
pause-pod-5-1, 1765368872718, 1765368893210, 20492
pause-pod-5-2, 1765368872724, 1765368893475, 20751
pause-pod-5-3, 1765368872728, 1765368894108, 21380
pause-pod-5-4, 1765368872733, 1765368894932, 22199
pause-pod-5-5, 1765368872737, 1765368895196, 22459
pause-pod-5-6, 1765368872740, 1765368895461, 22721
pause-pod-5-7, 1765368872744, 1765368895738, 22994
pause-pod-5-8, 1765368872747, 1765368896000, 23253
pause-pod-5-9, 1765368872750, 1765368896288, 23538
pause-pod-5-10, 1765368872754, 1765368896603, 23849
pause-pod-5-11, 1765368872761, 1765368896903, 24142
pause-pod-5-12, 1765368872770, 1765368897186, 24416
pause-pod-5-13, 1765368872780, 1765368897466, 24686
pause-pod-5-14, 1765368872788, 1765368897725, 24937
pause-pod-5-15, 1765368872800, 1765368897993, 25193
pause-pod-5-16, 1765368872807, 1765368898267, 25460
pause-pod-5-17, 1765368872814, 1765368898569, 25755
pause-pod-5-18, 1765368872824, 1765368898874, 26050
pause-pod-5-19, 1765368872830, 1765368899126, 26296
pause-pod-5-20, 1765368872843, 1765368899390, 26547
pause-pod-5-21, 1765368872850, 1765368899700, 26850
pause-pod-5-22, 1765368872858, 1765368899978, 27120
pause-pod-5-23, 1765368872865, 1765368900262, 27397
pause-pod-5-24, 1765368872881, 1765368900539, 27658
pause-pod-5-25, 1765368872892, 1765368900817, 27925
pause-pod-5-26, 1765368872899, 1765368901075, 28176
pause-pod-5-27, 1765368872913, 1765368901337, 28424
pause-pod-5-28, 1765368872931, 1765368901594, 28663
pause-pod-5-29, 1765368872943, 1765368901853, 28910
pause-pod-5-30, 1765368872951, 1765368902114, 29163
pause-pod-5-31, 1765368872955, 1765368902367, 29412
pause-pod-5-32, 1765368872971, 1765368902628, 29657
pause-pod-5-33, 1765368872981, 1765368902897, 29916
pause-pod-5-34, 1765368872999, 1765368903158, 30159
pause-pod-5-35, 1765368873006, 1765368903405, 30399
pause-pod-5-36, 1765368873016, 1765368903665, 30649
pause-pod-5-37, 1765368873040, 1765368903933, 30893
pause-pod-5-38, 1765368873050, 1765368904216, 31166
pause-pod-5-39, 1765368873062, 1765368904465, 31403
pause-pod-5-40, 1765368873082, 1765368904735, 31653
pause-pod-5-41, 1765368873085, 1765368905026, 31941
pause-pod-5-42, 1765368873105, 1765368905318, 32213
pause-pod-5-43, 1765368873124, 1765368905615, 32491
pause-pod-5-44, 1765368873147, 1765368905917, 32770
pause-pod-5-45, 1765368873158, 1765368906215, 33057
pause-pod-5-46, 1765368873200, 1765368906517, 33317
pause-pod-5-47, 1765368873229, 1765368906801, 33572
pause-pod-5-48, 1765368873261, 1765368907102, 33841
pause-pod-5-49, 1765368873277, 1765368907387, 34110
pause-pod-5-50, 1765368873300, 1765368907689, 34389
pause-pod-5-51, 1765368873335, 1765368907977, 34642
pause-pod-5-52, 1765368873360, 1765368908264, 34904
pause-pod-5-53, 1765368873368, 1765368908566, 35198
pause-pod-5-54, 1765368873393, 1765368908856, 35463
pause-pod-5-55, 1765368873428, 1765368909145, 35717
pause-pod-5-56, 1765368873448, 1765368909462, 36014
pause-pod-5-57, 1765368873473, 1765368909717, 36244
pause-pod-5-58, 1765368873509, 1765368909991, 36482
pause-pod-5-59, 1765368873570, 1765368910269, 36699
pause-pod-5-60, 1765368873581, 1765368910576, 36995
pause-pod-5-61, 1765368873619, 1765368910858, 37239
pause-pod-5-62, 1765368873658, 1765368911113, 37455
pause-pod-5-63, 1765368873682, 1765368911425, 37743
pause-pod-5-64, 1765368873722, 1765368911682, 37960
pause-pod-5-65, 1765368873742, 1765368911957, 38215
pause-pod-5-66, 1765368873797, 1765368912243, 38446
pause-pod-5-67, 1765368873821, 1765368912502, 38681
pause-pod-5-68, 1765368873840, 1765368912793, 38953
pause-pod-5-69, 1765368873856, 1765368913086, 39230
pause-pod-5-70, 1765368873897, 1765368913366, 39469
pause-pod-5-71, 1765368873907, 1765368913636, 39729
pause-pod-5-72, 1765368873917, 1765368913907, 39990
pause-pod-5-73, 1765368873947, 1765368914192, 40245
pause-pod-5-74, 1765368873958, 1765368914502, 40544
pause-pod-5-75, 1765368874004, 1765368914791, 40787
pause-pod-5-76, 1765368874056, 1765368915084, 41028
pause-pod-5-77, 1765368874089, 1765368915352, 41263
pause-pod-5-78, 1765368874129, 1765368915660, 41531
pause-pod-5-79, 1765368874164, 1765368915947, 41783
pause-pod-5-80, 1765368874239, 1765368916230, 41991
pause-pod-5-81, 1765368874314, 1765368916530, 42216
pause-pod-5-82, 1765368874362, 1765368916821, 42459
pause-pod-5-83, 1765368874416, 1765368917115, 42699
pause-pod-5-84, 1765368874467, 1765368917375, 42908
pause-pod-5-85, 1765368874520, 1765368917667, 43147
pause-pod-5-86, 1765368874536, 1765368917961, 43425
pause-pod-5-87, 1765368874562, 1765368918243, 43681
pause-pod-5-88, 1765368874564, 1765368918533, 43969
pause-pod-5-89, 1765368874593, 1765368918818, 44225
pause-pod-5-90, 1765368874626, 1765368919116, 44490
pause-pod-5-91, 1765368874662, 1765368919397, 44735
pause-pod-5-92, 1765368874697, 1765368919689, 44992
pause-pod-5-93, 1765368874765, 1765368919968, 45203
pause-pod-5-94, 1765368874815, 1765368920260, 45445
pause-pod-5-95, 1765368874833, 1765368920540, 45707
pause-pod-5-96, 1765368874938, 1765368920837, 45899
pause-pod-5-97, 1765368874976, 1765368921129, 46153
pause-pod-5-98, 1765368875013, 1765368921409, 46396
pause-pod-5-99, 1765368875085, 1765368921714, 46629
pause-pod-5-100, 1765368875120, 1765368921954, 46834
pause-pod-5-101, 1765368875142, 1765368922258, 47116
pause-pod-5-102, 1765368875173, 1765368922519, 47346
pause-pod-5-103, 1765368875181, 1765368922815, 47634
pause-pod-5-104, 1765368875249, 1765368923123, 47874
pause-pod-5-105, 1765368875265, 1765368923409, 48144
pause-pod-5-106, 1765368875321, 1765368923687, 48366
pause-pod-5-107, 1765368875400, 1765368923979, 48579
pause-pod-5-108, 1765368875414, 1765368924262, 48848
pause-pod-5-109, 1765368875520, 1765368924554, 49034
pause-pod-5-110, 1765368875538, 1765368924828, 49290
pause-pod-5-111, 1765368875584, 1765368925135, 49551
pause-pod-5-112, 1765368875608, 1765368925393, 49785
pause-pod-5-113, 1765368875668, 1765368925681, 50013
pause-pod-5-114, 1765368875726, 1765368925970, 50244
pause-pod-5-115, 1765368875763, 1765368926268, 50505
pause-pod-5-116, 1765368875839, 1765368926553, 50714
pause-pod-5-117, 1765368875855, 1765368926840, 50985
pause-pod-5-118, 1765368875901, 1765368927113, 51212
pause-pod-5-119, 1765368875917, 1765368927409, 51492
pause-pod-5-120, 1765368875958, 1765368927689, 51731
pause-pod-5-121, 1765368876022, 1765368927948, 51926
pause-pod-5-122, 1765368876096, 1765368928235, 52139
pause-pod-5-123, 1765368876147, 1765368928512, 52365
pause-pod-5-124, 1765368876206, 1765368928816, 52610
pause-pod-5-125, 1765368876261, 1765368929114, 52853
pause-pod-5-126, 1765368876280, 1765368929405, 53125
pause-pod-5-127, 1765368876309, 1765368929694, 53385
pause-pod-5-128, 1765368876383, 1765368929988, 53605
pause-pod-5-129, 1765368876440, 1765368930282, 53842
pause-pod-5-130, 1765368876485, 1765368930607, 54122
pause-pod-5-131, 1765368876564, 1765368930905, 54341
pause-pod-5-132, 1765368876614, 1765368931194, 54580
pause-pod-5-133, 1765368876679, 1765368931476, 54797
pause-pod-5-134, 1765368876717, 1765368931778, 55061
pause-pod-5-135, 1765368876801, 1765368932066, 55265
pause-pod-5-136, 1765368876863, 1765368932342, 55479
pause-pod-5-137, 1765368876876, 1765368932628, 55752
pause-pod-5-138, 1765368876919, 1765368932900, 55981
pause-pod-5-139, 1765368876985, 1765368933205, 56220
pause-pod-5-140, 1765368877062, 1765368933513, 56451
pause-pod-5-141, 1765368877125, 1765368933790, 56665
pause-pod-5-142, 1765368877142, 1765368934047, 56905
pause-pod-5-143, 1765368877177, 1765368934318, 57141
pause-pod-5-144, 1765368877267, 1765368934588, 57321
pause-pod-5-145, 1765368877344, 1765368934890, 57546
pause-pod-5-146, 1765368877405, 1765368935178, 57773
pause-pod-5-147, 1765368877457, 1765368935456, 57999
pause-pod-5-148, 1765368877527, 1765368935750, 58223
pause-pod-5-149, 1765368877577, 1765368936023, 58446
pause-pod-5-150, 1765368877676, 1765368936330, 58654
pause-pod-6-1, 1765369034189, 1765369051943, 17754
pause-pod-6-2, 1765369034195, 1765369052487, 18292
pause-pod-6-3, 1765369034200, 1765369054546, 20346
pause-pod-6-4, 1765369034207, 1765369054828, 20621
pause-pod-6-5, 1765369034211, 1765369055090, 20879
pause-pod-6-6, 1765369034216, 1765369055341, 21125
pause-pod-6-7, 1765369034220, 1765369055603, 21383
pause-pod-6-8, 1765369034225, 1765369055879, 21654
pause-pod-6-9, 1765369034231, 1765369056129, 21898
pause-pod-6-10, 1765369034236, 1765369056397, 22161
pause-pod-6-11, 1765369034242, 1765369056665, 22423
pause-pod-6-12, 1765369034249, 1765369056926, 22677
pause-pod-6-13, 1765369034253, 1765369057177, 22924
pause-pod-6-14, 1765369034257, 1765369057461, 23204
pause-pod-6-15, 1765369034263, 1765369057745, 23482
pause-pod-6-16, 1765369034269, 1765369058009, 23740
pause-pod-6-17, 1765369034278, 1765369058294, 24016
pause-pod-6-18, 1765369034288, 1765369058596, 24308
pause-pod-6-19, 1765369034308, 1765369058890, 24582
pause-pod-6-20, 1765369034319, 1765369059195, 24876
pause-pod-6-21, 1765369034331, 1765369059494, 25163
pause-pod-6-22, 1765369034336, 1765369059747, 25411
pause-pod-6-23, 1765369034363, 1765369060034, 25671
pause-pod-6-24, 1765369034371, 1765369060340, 25969
pause-pod-6-25, 1765369034395, 1765369060626, 26231
pause-pod-6-26, 1765369034411, 1765369060894, 26483
pause-pod-6-27, 1765369034420, 1765369061166, 26746
pause-pod-6-28, 1765369034428, 1765369061442, 27014
pause-pod-6-29, 1765369034451, 1765369061704, 27253
pause-pod-6-30, 1765369034461, 1765369061984, 27523
pause-pod-6-31, 1765369034483, 1765369062276, 27793
pause-pod-6-32, 1765369034504, 1765369062573, 28069
pause-pod-6-33, 1765369034539, 1765369062861, 28322
pause-pod-6-34, 1765369034550, 1765369063148, 28598
pause-pod-6-35, 1765369034583, 1765369063421, 28838
pause-pod-6-36, 1765369034589, 1765369063685, 29096
pause-pod-6-37, 1765369034633, 1765369063956, 29323
pause-pod-6-38, 1765369034674, 1765369064229, 29555
pause-pod-6-39, 1765369034683, 1765369064512, 29829
pause-pod-6-40, 1765369034707, 1765369064815, 30108
pause-pod-6-41, 1765369034732, 1765369065111, 30379
pause-pod-6-42, 1765369034755, 1765369065400, 30645
pause-pod-6-43, 1765369034783, 1765369065688, 30905
pause-pod-6-44, 1765369034789, 1765369065968, 31179
pause-pod-6-45, 1765369034815, 1765369066270, 31455
pause-pod-6-46, 1765369034836, 1765369066535, 31699
pause-pod-6-47, 1765369034866, 1765369066823, 31957
pause-pod-6-48, 1765369034874, 1765369067115, 32241
pause-pod-6-49, 1765369034893, 1765369067403, 32510
pause-pod-6-50, 1765369034912, 1765369067694, 32782
pause-pod-6-51, 1765369034932, 1765369067991, 33059
pause-pod-6-52, 1765369034946, 1765369068291, 33345
pause-pod-6-53, 1765369034965, 1765369068582, 33617
pause-pod-6-54, 1765369034988, 1765369068884, 33896
pause-pod-6-55, 1765369035005, 1765369069182, 34177
pause-pod-6-56, 1765369035045, 1765369069456, 34411
pause-pod-6-57, 1765369035064, 1765369069729, 34665
pause-pod-6-58, 1765369035079, 1765369070018, 34939
pause-pod-6-59, 1765369035100, 1765369070302, 35202
pause-pod-6-60, 1765369035159, 1765369070589, 35430
pause-pod-6-61, 1765369035184, 1765369070863, 35679
pause-pod-6-62, 1765369035220, 1765369071153, 35933
pause-pod-6-63, 1765369035238, 1765369071430, 36192
pause-pod-6-64, 1765369035268, 1765369071702, 36434
pause-pod-6-65, 1765369035297, 1765369071983, 36686
pause-pod-6-66, 1765369035306, 1765369072270, 36964
pause-pod-6-67, 1765369035329, 1765369072568, 37239
pause-pod-6-68, 1765369035369, 1765369072849, 37480
pause-pod-6-69, 1765369035407, 1765369073132, 37725
pause-pod-6-70, 1765369035428, 1765369073429, 38001
pause-pod-6-71, 1765369035446, 1765369073727, 38281
pause-pod-6-72, 1765369035470, 1765369074007, 38537
pause-pod-6-73, 1765369035506, 1765369074285, 38779
pause-pod-6-74, 1765369035531, 1765369074553, 39022
pause-pod-6-75, 1765369035579, 1765369074823, 39244
pause-pod-6-76, 1765369035604, 1765369075117, 39513
pause-pod-6-77, 1765369035661, 1765369075380, 39719
pause-pod-6-78, 1765369035690, 1765369075653, 39963
pause-pod-6-79, 1765369035716, 1765369075934, 40218
pause-pod-6-80, 1765369035777, 1765369076235, 40458
pause-pod-6-81, 1765369035818, 1765369076510, 40692
pause-pod-6-82, 1765369035883, 1765369076757, 40874
pause-pod-6-83, 1765369035893, 1765369077048, 41155
pause-pod-6-84, 1765369035937, 1765369077320, 41383
pause-pod-6-85, 1765369035947, 1765369077595, 41648
pause-pod-6-86, 1765369035980, 1765369077852, 41872
pause-pod-6-87, 1765369036015, 1765369078136, 42121
pause-pod-6-88, 1765369036044, 1765369078414, 42370
pause-pod-6-89, 1765369036076, 1765369078693, 42617
pause-pod-6-90, 1765369036127, 1765369078982, 42855
pause-pod-6-91, 1765369036162, 1765369079277, 43115
pause-pod-6-92, 1765369036226, 1765369079575, 43349
pause-pod-6-93, 1765369036280, 1765369079862, 43582
pause-pod-6-94, 1765369036338, 1765369080130, 43792
pause-pod-6-95, 1765369036404, 1765369080422, 44018
pause-pod-6-96, 1765369036440, 1765369080711, 44271
pause-pod-6-97, 1765369036484, 1765369080992, 44508
pause-pod-6-98, 1765369036532, 1765369081285, 44753
pause-pod-6-99, 1765369036589, 1765369081564, 44975
pause-pod-6-100, 1765369036661, 1765369081851, 45190
pause-pod-6-101, 1765369036723, 1765369082147, 45424
pause-pod-6-102, 1765369036746, 1765369082438, 45692
pause-pod-6-103, 1765369036797, 1765369082692, 45895
pause-pod-6-104, 1765369036816, 1765369082976, 46160
pause-pod-6-105, 1765369036846, 1765369083258, 46412
pause-pod-6-106, 1765369036889, 1765369083548, 46659
pause-pod-6-107, 1765369036957, 1765369083818, 46861
pause-pod-6-108, 1765369037057, 1765369084111, 47054
pause-pod-6-109, 1765369037063, 1765369084385, 47322
pause-pod-6-110, 1765369037105, 1765369084657, 47552
pause-pod-6-111, 1765369037160, 1765369084921, 47761
pause-pod-6-112, 1765369037179, 1765369085193, 48014
pause-pod-6-113, 1765369037218, 1765369085479, 48261
pause-pod-6-114, 1765369037224, 1765369085776, 48552
pause-pod-6-115, 1765369037311, 1765369086055, 48744
pause-pod-6-116, 1765369037467, 1765369086375, 48908
pause-pod-6-117, 1765369037494, 1765369086664, 49170
pause-pod-6-118, 1765369037569, 1765369086919, 49350
pause-pod-6-119, 1765369037613, 1765369087210, 49597
pause-pod-6-120, 1765369037679, 1765369087495, 49816
pause-pod-6-121, 1765369037782, 1765369087790, 50008
pause-pod-6-122, 1765369037880, 1765369088093, 50213
pause-pod-6-123, 1765369037940, 1765369088405, 50465
pause-pod-6-124, 1765369037989, 1765369088688, 50699
pause-pod-6-125, 1765369038046, 1765369088969, 50923
pause-pod-6-126, 1765369038092, 1765369089281, 51189
pause-pod-6-127, 1765369038115, 1765369089575, 51460
pause-pod-6-128, 1765369038148, 1765369089850, 51702
pause-pod-6-129, 1765369038172, 1765369090148, 51976
pause-pod-6-130, 1765369038227, 1765369090443, 52216
pause-pod-6-131, 1765369038258, 1765369090732, 52474
pause-pod-6-132, 1765369038303, 1765369090987, 52684
pause-pod-6-133, 1765369038428, 1765369091256, 52828
pause-pod-6-134, 1765369038491, 1765369091533, 53042
pause-pod-6-135, 1765369038568, 1765369091801, 53233
pause-pod-6-136, 1765369038652, 1765369092109, 53457
pause-pod-6-137, 1765369038710, 1765369092410, 53700
pause-pod-6-138, 1765369038807, 1765369092658, 53851
pause-pod-6-139, 1765369038824, 1765369092922, 54098
pause-pod-6-140, 1765369038832, 1765369093189, 54357
pause-pod-6-141, 1765369038844, 1765369093470, 54626
pause-pod-6-142, 1765369038852, 1765369093768, 54916
pause-pod-6-143, 1765369038872, 1765369094060, 55188
pause-pod-6-144, 1765369038892, 1765369094349, 55457
pause-pod-6-145, 1765369038907, 1765369094634, 55727
pause-pod-6-146, 1765369038968, 1765369094932, 55964
pause-pod-6-147, 1765369039037, 1765369095240, 56203
pause-pod-6-148, 1765369039082, 1765369095526, 56444
pause-pod-6-149, 1765369039229, 1765369095836, 56607
pause-pod-6-150, 1765369039255, 1765369096124, 56869
