Pod Name, Delete Start Timestamp, Deleted Confirmed Timestamp, Delete Latency (milliseconds)
pause-pod-1-1, 1765366957206, 1765366959352, 2146
pause-pod-1-2, 1765366957214, 1765366959540, 2326
pause-pod-1-3, 1765366957218, 1765366959823, 2605
pause-pod-1-4, 1765366957222, 1765366960338, 3116
pause-pod-1-5, 1765366957225, 1765366960525, 3300
pause-pod-1-6, 1765366957229, 1765366960677, 3448
pause-pod-1-7, 1765366957233, 1765366960832, 3599
pause-pod-1-8, 1765366957236, 1765366961018, 3782
pause-pod-1-9, 1765366957241, 1765366961207, 3966
pause-pod-1-10, 1765366957244, 1765366961360, 4116
pause-pod-1-11, 1765366957247, 1765366961499, 4252
pause-pod-1-12, 1765366957250, 1765366961644, 4394
pause-pod-1-13, 1765366957258, 1765366961835, 4577
pause-pod-1-14, 1765366957263, 1765366962014, 4751
pause-pod-1-15, 1765366957272, 1765366962214, 4942
pause-pod-1-16, 1765366957280, 1765366962390, 5110
pause-pod-1-17, 1765366957288, 1765366962569, 5281
pause-pod-1-18, 1765366957294, 1765366962735, 5441
pause-pod-1-19, 1765366957304, 1765366962913, 5609
pause-pod-1-20, 1765366957315, 1765366963100, 5785
pause-pod-1-21, 1765366957328, 1765366963285, 5957
pause-pod-1-22, 1765366957344, 1765366963439, 6095
pause-pod-1-23, 1765366957354, 1765366963603, 6249
pause-pod-1-24, 1765366957365, 1765366963796, 6431
pause-pod-1-25, 1765366957378, 1765366963954, 6576
pause-pod-1-26, 1765366957390, 1765366964130, 6740
pause-pod-1-27, 1765366957400, 1765366964338, 6938
pause-pod-1-28, 1765366957409, 1765366964530, 7121
pause-pod-1-29, 1765366957427, 1765366964719, 7292
pause-pod-1-30, 1765366957433, 1765366964884, 7451
pause-pod-1-31, 1765366957439, 1765366965069, 7630
pause-pod-1-32, 1765366957465, 1765366965250, 7785
pause-pod-1-33, 1765366957475, 1765366965441, 7966
pause-pod-1-34, 1765366957497, 1765366965641, 8144
pause-pod-1-35, 1765366957503, 1765366965803, 8300
pause-pod-1-36, 1765366957531, 1765366965998, 8467
pause-pod-1-37, 1765366957562, 1765366966206, 8644
pause-pod-1-38, 1765366957572, 1765366966382, 8810
pause-pod-1-39, 1765366957606, 1765366966549, 8943
pause-pod-1-40, 1765366957638, 1765366966720, 9082
pause-pod-1-41, 1765366957653, 1765366966900, 9247
pause-pod-1-42, 1765366957687, 1765366967080, 9393
pause-pod-1-43, 1765366957736, 1765366967250, 9514
pause-pod-1-44, 1765366957756, 1765366967436, 9680
pause-pod-1-45, 1765366957838, 1765366967618, 9780
pause-pod-1-46, 1765366957887, 1765366967786, 9899
pause-pod-1-47, 1765366957903, 1765366967952, 10049
pause-pod-1-48, 1765366957908, 1765366968128, 10220
pause-pod-1-49, 1765366957980, 1765366968305, 10325
pause-pod-1-50, 1765366958048, 1765366968490, 10442
pause-pod-2-1, 1765367047364, 1765367049561, 2197
pause-pod-2-2, 1765367047368, 1765367050963, 3595
pause-pod-2-3, 1765367047372, 1765367051105, 3733
pause-pod-2-4, 1765367047375, 1765367051253, 3878
pause-pod-2-5, 1765367047378, 1765367051429, 4051
pause-pod-2-6, 1765367047382, 1765367051574, 4192
pause-pod-2-7, 1765367047384, 1765367051717, 4333
pause-pod-2-8, 1765367047388, 1765367051852, 4464
pause-pod-2-9, 1765367047395, 1765367051998, 4603
pause-pod-2-10, 1765367047399, 1765367052171, 4772
pause-pod-2-11, 1765367047406, 1765367052363, 4957
pause-pod-2-12, 1765367047412, 1765367052536, 5124
pause-pod-2-13, 1765367047417, 1765367052692, 5275
pause-pod-2-14, 1765367047424, 1765367052834, 5410
pause-pod-2-15, 1765367047432, 1765367053016, 5584
pause-pod-2-16, 1765367047442, 1765367053191, 5749
pause-pod-2-17, 1765367047451, 1765367053361, 5910
pause-pod-2-18, 1765367047459, 1765367053518, 6059
pause-pod-2-19, 1765367047473, 1765367053674, 6201
pause-pod-2-20, 1765367047478, 1765367053837, 6359
pause-pod-2-21, 1765367047486, 1765367054015, 6529
pause-pod-2-22, 1765367047497, 1765367054188, 6691
pause-pod-2-23, 1765367047508, 1765367054379, 6871
pause-pod-2-24, 1765367047524, 1765367054556, 7032
pause-pod-2-25, 1765367047531, 1765367054732, 7201
pause-pod-2-26, 1765367047547, 1765367054914, 7367
pause-pod-2-27, 1765367047566, 1765367055075, 7509
pause-pod-2-28, 1765367047577, 1765367055269, 7692
pause-pod-2-29, 1765367047588, 1765367055443, 7855
pause-pod-2-30, 1765367047599, 1765367055631, 8032
pause-pod-2-31, 1765367047611, 1765367055807, 8196
pause-pod-2-32, 1765367047620, 1765367055985, 8365
pause-pod-2-33, 1765367047633, 1765367056166, 8533
pause-pod-2-34, 1765367047649, 1765367056361, 8712
pause-pod-2-35, 1765367047656, 1765367056543, 8887
pause-pod-2-36, 1765367047671, 1765367056736, 9065
pause-pod-2-37, 1765367047685, 1765367056909, 9224
pause-pod-2-38, 1765367047699, 1765367057080, 9381
pause-pod-2-39, 1765367047718, 1765367057232, 9514
pause-pod-2-40, 1765367047749, 1765367057396, 9647
pause-pod-2-41, 1765367047769, 1765367057562, 9793
pause-pod-2-42, 1765367047790, 1765367057722, 9932
pause-pod-2-43, 1765367047815, 1765367057887, 10072
pause-pod-2-44, 1765367047845, 1765367058063, 10218
pause-pod-2-45, 1765367047863, 1765367058243, 10380
pause-pod-2-46, 1765367047928, 1765367058419, 10491
pause-pod-2-47, 1765367047946, 1765367058586, 10640
pause-pod-2-48, 1765367047954, 1765367058770, 10816
pause-pod-2-49, 1765367047963, 1765367058941, 10978
pause-pod-2-50, 1765367047997, 1765367059125, 11128
pause-pod-3-1, 1765367138797, 1765367141893, 3096
pause-pod-3-2, 1765367138805, 1765367142036, 3231
pause-pod-3-3, 1765367138809, 1765367142293, 3484
pause-pod-3-4, 1765367138816, 1765367142433, 3617
pause-pod-3-5, 1765367138819, 1765367142566, 3747
pause-pod-3-6, 1765367138822, 1765367142710, 3888
pause-pod-3-7, 1765367138826, 1765367142858, 4032
pause-pod-3-8, 1765367138829, 1765367143002, 4173
pause-pod-3-9, 1765367138831, 1765367143162, 4331
pause-pod-3-10, 1765367138835, 1765367143327, 4492
pause-pod-3-11, 1765367138839, 1765367143478, 4639
pause-pod-3-12, 1765367138844, 1765367143664, 4820
pause-pod-3-13, 1765367138852, 1765367143843, 4991
pause-pod-3-14, 1765367138858, 1765367144016, 5158
pause-pod-3-15, 1765367138867, 1765367144186, 5319
pause-pod-3-16, 1765367138882, 1765367144366, 5484
pause-pod-3-17, 1765367138886, 1765367144553, 5667
pause-pod-3-18, 1765367138891, 1765367144735, 5844
pause-pod-3-19, 1765367138899, 1765367144911, 6012
pause-pod-3-20, 1765367138919, 1765367145091, 6172
pause-pod-3-21, 1765367138924, 1765367145271, 6347
pause-pod-3-22, 1765367138935, 1765367145459, 6524
pause-pod-3-23, 1765367138940, 1765367145637, 6697
pause-pod-3-24, 1765367138953, 1765367145818, 6865
pause-pod-3-25, 1765367138965, 1765367146005, 7040
pause-pod-3-26, 1765367138975, 1765367146169, 7194
pause-pod-3-27, 1765367138980, 1765367146331, 7351
pause-pod-3-28, 1765367138987, 1765367146542, 7555
pause-pod-3-29, 1765367138998, 1765367146714, 7716
pause-pod-3-30, 1765367139010, 1765367146894, 7884
pause-pod-3-31, 1765367139020, 1765367147085, 8065
pause-pod-3-32, 1765367139034, 1765367147239, 8205
pause-pod-3-33, 1765367139046, 1765367147426, 8380
pause-pod-3-34, 1765367139052, 1765367147607, 8555
pause-pod-3-35, 1765367139060, 1765367147769, 8709
pause-pod-3-36, 1765367139082, 1765367147954, 8872
pause-pod-3-37, 1765367139112, 1765367148133, 9021
pause-pod-3-38, 1765367139128, 1765367148318, 9190
pause-pod-3-39, 1765367139161, 1765367148508, 9347
pause-pod-3-40, 1765367139181, 1765367148693, 9512
pause-pod-3-41, 1765367139188, 1765367148871, 9683
pause-pod-3-42, 1765367139215, 1765367149053, 9838
pause-pod-3-43, 1765367139247, 1765367149231, 9984
pause-pod-3-44, 1765367139271, 1765367149426, 10155
pause-pod-3-45, 1765367139281, 1765367149598, 10317
pause-pod-3-46, 1765367139291, 1765367149794, 10503
pause-pod-3-47, 1765367139328, 1765367149987, 10659
pause-pod-3-48, 1765367139373, 1765367150173, 10800
pause-pod-3-49, 1765367139441, 1765367150351, 10910
pause-pod-3-50, 1765367139511, 1765367150517, 11006
pause-pod-4-1, 1765367231661, 1765367234187, 2526
pause-pod-4-2, 1765367231668, 1765367234851, 3183
pause-pod-4-3, 1765367231673, 1765367234995, 3322
pause-pod-4-4, 1765367231678, 1765367235152, 3474
pause-pod-4-5, 1765367231683, 1765367235310, 3627
pause-pod-4-6, 1765367231686, 1765367235465, 3779
pause-pod-4-7, 1765367231688, 1765367235622, 3934
pause-pod-4-8, 1765367231692, 1765367235767, 4075
pause-pod-4-9, 1765367231700, 1765367235912, 4212
pause-pod-4-10, 1765367231704, 1765367236073, 4369
pause-pod-4-11, 1765367231714, 1765367236252, 4538
pause-pod-4-12, 1765367231717, 1765367236435, 4718
pause-pod-4-13, 1765367231725, 1765367236602, 4877
pause-pod-4-14, 1765367231732, 1765367236792, 5060
pause-pod-4-15, 1765367231737, 1765367236985, 5248
pause-pod-4-16, 1765367231745, 1765367237144, 5399
pause-pod-4-17, 1765367231752, 1765367237308, 5556
pause-pod-4-18, 1765367231766, 1765367237459, 5693
pause-pod-4-19, 1765367231779, 1765367237640, 5861
pause-pod-4-20, 1765367231783, 1765367237813, 6030
pause-pod-4-21, 1765367231790, 1765367238021, 6231
pause-pod-4-22, 1765367231801, 1765367238220, 6419
pause-pod-4-23, 1765367231805, 1765367238415, 6610
pause-pod-4-24, 1765367231819, 1765367238609, 6790
pause-pod-4-25, 1765367231832, 1765367238787, 6955
pause-pod-4-26, 1765367231839, 1765367238965, 7126
pause-pod-4-27, 1765367231852, 1765367239161, 7309
pause-pod-4-28, 1765367231861, 1765367239373, 7512
pause-pod-4-29, 1765367231871, 1765367239572, 7701
pause-pod-4-30, 1765367231881, 1765367239760, 7879
pause-pod-4-31, 1765367231893, 1765367239934, 8041
pause-pod-4-32, 1765367231906, 1765367240127, 8221
pause-pod-4-33, 1765367231913, 1765367240312, 8399
pause-pod-4-34, 1765367231933, 1765367240490, 8557
pause-pod-4-35, 1765367231947, 1765367240657, 8710
pause-pod-4-36, 1765367231956, 1765367240855, 8899
pause-pod-4-37, 1765367231960, 1765367241042, 9082
pause-pod-4-38, 1765367231968, 1765367241234, 9266
pause-pod-4-39, 1765367231977, 1765367241413, 9436
pause-pod-4-40, 1765367232002, 1765367241602, 9600
pause-pod-4-41, 1765367232008, 1765367241787, 9779
pause-pod-4-42, 1765367232025, 1765367241980, 9955
pause-pod-4-43, 1765367232031, 1765367242171, 10140
pause-pod-4-44, 1765367232048, 1765367242368, 10320
pause-pod-4-45, 1765367232073, 1765367242558, 10485
pause-pod-4-46, 1765367232137, 1765367242746, 10609
pause-pod-4-47, 1765367232170, 1765367242927, 10757
pause-pod-4-48, 1765367232183, 1765367243120, 10937
pause-pod-4-49, 1765367232225, 1765367243315, 11090
pause-pod-4-50, 1765367232314, 1765367243514, 11200
pause-pod-5-1, 1765367324657, 1765367326903, 2246
pause-pod-5-2, 1765367324662, 1765367328232, 3570
pause-pod-5-3, 1765367324669, 1765367328382, 3713
pause-pod-5-4, 1765367324674, 1765367328537, 3863
pause-pod-5-5, 1765367324679, 1765367328689, 4010
pause-pod-5-6, 1765367324683, 1765367328836, 4153
pause-pod-5-7, 1765367324686, 1765367328989, 4303
pause-pod-5-8, 1765367324690, 1765367329158, 4468
pause-pod-5-9, 1765367324693, 1765367329326, 4633
pause-pod-5-10, 1765367324697, 1765367329477, 4780
pause-pod-5-11, 1765367324702, 1765367329643, 4941
pause-pod-5-12, 1765367324708, 1765367329823, 5115
pause-pod-5-13, 1765367324713, 1765367330006, 5293
pause-pod-5-14, 1765367324719, 1765367330202, 5483
pause-pod-5-15, 1765367324725, 1765367330383, 5658
pause-pod-5-16, 1765367324731, 1765367330556, 5825
pause-pod-5-17, 1765367324746, 1765367330760, 6014
pause-pod-5-18, 1765367324755, 1765367330962, 6207
pause-pod-5-19, 1765367324767, 1765367331168, 6401
pause-pod-5-20, 1765367324773, 1765367331379, 6606
pause-pod-5-21, 1765367324785, 1765367331569, 6784
pause-pod-5-22, 1765367324795, 1765367331749, 6954
pause-pod-5-23, 1765367324808, 1765367331919, 7111
pause-pod-5-24, 1765367324833, 1765367332118, 7285
pause-pod-5-25, 1765367324854, 1765367332316, 7462
pause-pod-5-26, 1765367324875, 1765367332528, 7653
pause-pod-5-27, 1765367324880, 1765367332724, 7844
pause-pod-5-28, 1765367324898, 1765367332916, 8018
pause-pod-5-29, 1765367324912, 1765367333116, 8204
pause-pod-5-30, 1765367324925, 1765367333320, 8395
pause-pod-5-31, 1765367324937, 1765367333511, 8574
pause-pod-5-32, 1765367324951, 1765367333681, 8730
pause-pod-5-33, 1765367324958, 1765367333873, 8915
pause-pod-5-34, 1765367324976, 1765367334077, 9101
pause-pod-5-35, 1765367324999, 1765367334268, 9269
pause-pod-5-36, 1765367325052, 1765367334446, 9394
pause-pod-5-37, 1765367325071, 1765367334624, 9553
pause-pod-5-38, 1765367325092, 1765367334802, 9710
pause-pod-5-39, 1765367325142, 1765367334998, 9856
pause-pod-5-40, 1765367325154, 1765367335189, 10035
pause-pod-5-41, 1765367325162, 1765367335368, 10206
pause-pod-5-42, 1765367325204, 1765367335552, 10348
pause-pod-5-43, 1765367325251, 1765367335729, 10478
pause-pod-5-44, 1765367325261, 1765367335926, 10665
pause-pod-5-45, 1765367325307, 1765367336146, 10839
pause-pod-5-46, 1765367325376, 1765367336346, 10970
pause-pod-5-47, 1765367325392, 1765367336537, 11145
pause-pod-5-48, 1765367325439, 1765367336716, 11277
pause-pod-5-49, 1765367325485, 1765367336891, 11406
pause-pod-5-50, 1765367325564, 1765367337062, 11498
pause-pod-6-1, 1765367417547, 1765367419769, 2222
pause-pod-6-2, 1765367417554, 1765367419951, 2397
pause-pod-6-3, 1765367417559, 1765367420141, 2582
pause-pod-6-4, 1765367417567, 1765367420731, 3164
pause-pod-6-5, 1765367417574, 1765367420887, 3313
pause-pod-6-6, 1765367417577, 1765367421036, 3459
pause-pod-6-7, 1765367417580, 1765367421174, 3594
pause-pod-6-8, 1765367417584, 1765367421308, 3724
pause-pod-6-9, 1765367417588, 1765367421445, 3857
pause-pod-6-10, 1765367417593, 1765367421591, 3998
pause-pod-6-11, 1765367417603, 1765367421757, 4154
pause-pod-6-12, 1765367417610, 1765367421917, 4307
pause-pod-6-13, 1765367417614, 1765367422086, 4472
pause-pod-6-14, 1765367417621, 1765367422281, 4660
pause-pod-6-15, 1765367417630, 1765367422483, 4853
pause-pod-6-16, 1765367417638, 1765367422646, 5008
pause-pod-6-17, 1765367417648, 1765367422827, 5179
pause-pod-6-18, 1765367417668, 1765367423018, 5350
pause-pod-6-19, 1765367417680, 1765367423201, 5521
pause-pod-6-20, 1765367417706, 1765367423391, 5685
pause-pod-6-21, 1765367417712, 1765367423571, 5859
pause-pod-6-22, 1765367417719, 1765367423755, 6036
pause-pod-6-23, 1765367417732, 1765367423916, 6184
pause-pod-6-24, 1765367417752, 1765367424106, 6354
pause-pod-6-25, 1765367417767, 1765367424296, 6529
pause-pod-6-26, 1765367417775, 1765367424462, 6687
pause-pod-6-27, 1765367417781, 1765367424626, 6845
pause-pod-6-28, 1765367417789, 1765367424802, 7013
pause-pod-6-29, 1765367417809, 1765367424986, 7177
pause-pod-6-30, 1765367417855, 1765367425164, 7309
pause-pod-6-31, 1765367417872, 1765367425314, 7442
pause-pod-6-32, 1765367417891, 1765367425479, 7588
pause-pod-6-33, 1765367417899, 1765367425671, 7772
pause-pod-6-34, 1765367417908, 1765367425857, 7949
pause-pod-6-35, 1765367417919, 1765367426057, 8138
pause-pod-6-36, 1765367417959, 1765367426221, 8262
pause-pod-6-37, 1765367417963, 1765367426408, 8445
pause-pod-6-38, 1765367417966, 1765367426607, 8641
pause-pod-6-39, 1765367417972, 1765367426799, 8827
pause-pod-6-40, 1765367417984, 1765367426983, 8999
pause-pod-6-41, 1765367418002, 1765367427152, 9150
pause-pod-6-42, 1765367418008, 1765367427326, 9318
pause-pod-6-43, 1765367418036, 1765367427510, 9474
pause-pod-6-44, 1765367418049, 1765367427685, 9636
pause-pod-6-45, 1765367418053, 1765367427866, 9813
pause-pod-6-46, 1765367418062, 1765367428053, 9991
pause-pod-6-47, 1765367418092, 1765367428241, 10149
pause-pod-6-48, 1765367418152, 1765367428432, 10280
pause-pod-6-49, 1765367418172, 1765367428636, 10464
pause-pod-6-50, 1765367418191, 1765367428830, 10639
