Pod Name, Delete Start Timestamp, Deleted Confirmed Timestamp, Delete Latency (milliseconds)
pause-pod-1-1, 1765367530912, 1765367535976, 5064
pause-pod-1-2, 1765367530916, 1765367536314, 5398
pause-pod-1-3, 1765367530919, 1765367536582, 5663
pause-pod-1-4, 1765367530922, 1765367536886, 5964
pause-pod-1-5, 1765367530925, 1765367537036, 6111
pause-pod-1-6, 1765367530929, 1765367537226, 6297
pause-pod-1-7, 1765367530932, 1765367537387, 6455
pause-pod-1-8, 1765367530940, 1765367537533, 6593
pause-pod-1-9, 1765367530946, 1765367537673, 6727
pause-pod-1-10, 1765367530957, 1765367537825, 6868
pause-pod-1-11, 1765367530961, 1765367537966, 7005
pause-pod-1-12, 1765367530967, 1765367538112, 7145
pause-pod-1-13, 1765367530978, 1765367538253, 7275
pause-pod-1-14, 1765367530989, 1765367538395, 7406
pause-pod-1-15, 1765367530999, 1765367538543, 7544
pause-pod-1-16, 1765367531003, 1765367538683, 7680
pause-pod-1-17, 1765367531006, 1765367538825, 7819
pause-pod-1-18, 1765367531011, 1765367538968, 7957
pause-pod-1-19, 1765367531022, 1765367539137, 8115
pause-pod-1-20, 1765367531029, 1765367539319, 8290
pause-pod-1-21, 1765367531044, 1765367539490, 8446
pause-pod-1-22, 1765367531060, 1765367539680, 8620
pause-pod-1-23, 1765367531072, 1765367539874, 8802
pause-pod-1-24, 1765367531077, 1765367540048, 8971
pause-pod-1-25, 1765367531088, 1765367540221, 9133
pause-pod-1-26, 1765367531096, 1765367540410, 9314
pause-pod-1-27, 1765367531110, 1765367540601, 9491
pause-pod-1-28, 1765367531121, 1765367540757, 9636
pause-pod-1-29, 1765367531135, 1765367540924, 9789
pause-pod-1-30, 1765367531147, 1765367541107, 9960
pause-pod-1-31, 1765367531155, 1765367541263, 10108
pause-pod-1-32, 1765367531169, 1765367541443, 10274
pause-pod-1-33, 1765367531182, 1765367541619, 10437
pause-pod-1-34, 1765367531193, 1765367541787, 10594
pause-pod-1-35, 1765367531210, 1765367541956, 10746
pause-pod-1-36, 1765367531228, 1765367542143, 10915
pause-pod-1-37, 1765367531250, 1765367542336, 11086
pause-pod-1-38, 1765367531272, 1765367542538, 11266
pause-pod-1-39, 1765367531311, 1765367542712, 11401
pause-pod-1-40, 1765367531356, 1765367542902, 11546
pause-pod-1-41, 1765367531390, 1765367543073, 11683
pause-pod-1-42, 1765367531399, 1765367543245, 11846
pause-pod-1-43, 1765367531436, 1765367543441, 12005
pause-pod-1-44, 1765367531473, 1765367543617, 12144
pause-pod-1-45, 1765367531547, 1765367543785, 12238
pause-pod-1-46, 1765367531608, 1765367543938, 12330
pause-pod-1-47, 1765367531687, 1765367544124, 12437
pause-pod-1-48, 1765367531719, 1765367544291, 12572
pause-pod-1-49, 1765367531750, 1765367544452, 12702
pause-pod-1-50, 1765367531793, 1765367544633, 12840
pause-pod-1-51, 1765367531833, 1765367544810, 12977
pause-pod-1-52, 1765367531891, 1765367545003, 13112
pause-pod-1-53, 1765367531930, 1765367545171, 13241
pause-pod-1-54, 1765367531964, 1765367545326, 13362
pause-pod-1-55, 1765367532033, 1765367545494, 13461
pause-pod-1-56, 1765367532052, 1765367545655, 13603
pause-pod-1-57, 1765367532084, 1765367545854, 13770
pause-pod-1-58, 1765367532111, 1765367546041, 13930
pause-pod-1-59, 1765367532156, 1765367546238, 14082
pause-pod-1-60, 1765367532217, 1765367546428, 14211
pause-pod-1-61, 1765367532269, 1765367546621, 14352
pause-pod-1-62, 1765367532331, 1765367546806, 14475
pause-pod-1-63, 1765367532342, 1765367546971, 14629
pause-pod-1-64, 1765367532384, 1765367547131, 14747
pause-pod-1-65, 1765367532448, 1765367547335, 14887
pause-pod-1-66, 1765367532492, 1765367547510, 15018
pause-pod-1-67, 1765367532509, 1765367547715, 15206
pause-pod-1-68, 1765367532549, 1765367547894, 15345
pause-pod-1-69, 1765367532616, 1765367548063, 15447
pause-pod-1-70, 1765367532634, 1765367548245, 15611
pause-pod-1-71, 1765367532640, 1765367548417, 15777
pause-pod-1-72, 1765367532672, 1765367548596, 15924
pause-pod-1-73, 1765367532704, 1765367548770, 16066
pause-pod-1-74, 1765367532753, 1765367548942, 16189
pause-pod-1-75, 1765367532796, 1765367549131, 16335
pause-pod-1-76, 1765367532826, 1765367549303, 16477
pause-pod-1-77, 1765367532896, 1765367549485, 16589
pause-pod-1-78, 1765367532921, 1765367549677, 16756
pause-pod-1-79, 1765367532995, 1765367549852, 16857
pause-pod-1-80, 1765367533060, 1765367550036, 16976
pause-pod-1-81, 1765367533108, 1765367550211, 17103
pause-pod-1-82, 1765367533128, 1765367550406, 17278
pause-pod-1-83, 1765367533183, 1765367550586, 17403
pause-pod-1-84, 1765367533213, 1765367550749, 17536
pause-pod-1-85, 1765367533231, 1765367550912, 17681
pause-pod-1-86, 1765367533268, 1765367551094, 17826
pause-pod-1-87, 1765367533301, 1765367551263, 17962
pause-pod-1-88, 1765367533324, 1765367551424, 18100
pause-pod-1-89, 1765367533338, 1765367551593, 18255
pause-pod-1-90, 1765367533349, 1765367551785, 18436
pause-pod-1-91, 1765367533357, 1765367551971, 18614
pause-pod-1-92, 1765367533400, 1765367552156, 18756
pause-pod-1-93, 1765367533482, 1765367552345, 18863
pause-pod-1-94, 1765367533555, 1765367552539, 18984
pause-pod-1-95, 1765367533625, 1765367552718, 19093
pause-pod-1-96, 1765367533676, 1765367552912, 19236
pause-pod-1-97, 1765367533716, 1765367553117, 19401
pause-pod-1-98, 1765367533729, 1765367553297, 19568
pause-pod-1-99, 1765367533741, 1765367553467, 19726
pause-pod-1-100, 1765367533757, 1765367553663, 19906
pause-pod-2-1, 1765367655003, 1765367660958, 5955
pause-pod-2-2, 1765367655006, 1765367661116, 6110
pause-pod-2-3, 1765367655013, 1765367661256, 6243
pause-pod-2-4, 1765367655018, 1765367661398, 6380
pause-pod-2-5, 1765367655022, 1765367661540, 6518
pause-pod-2-6, 1765367655028, 1765367661684, 6656
pause-pod-2-7, 1765367655034, 1765367661836, 6802
pause-pod-2-8, 1765367655037, 1765367661976, 6939
pause-pod-2-9, 1765367655040, 1765367662126, 7086
pause-pod-2-10, 1765367655044, 1765367662274, 7230
pause-pod-2-11, 1765367655051, 1765367662417, 7366
pause-pod-2-12, 1765367655054, 1765367662577, 7523
pause-pod-2-13, 1765367655057, 1765367662727, 7670
pause-pod-2-14, 1765367655062, 1765367662864, 7802
pause-pod-2-15, 1765367655070, 1765367662994, 7924
pause-pod-2-16, 1765367655076, 1765367663133, 8057
pause-pod-2-17, 1765367655085, 1765367663274, 8189
pause-pod-2-18, 1765367655095, 1765367663427, 8332
pause-pod-2-19, 1765367655104, 1765367663601, 8497
pause-pod-2-20, 1765367655113, 1765367663761, 8648
pause-pod-2-21, 1765367655125, 1765367663945, 8820
pause-pod-2-22, 1765367655133, 1765367664125, 8992
pause-pod-2-23, 1765367655151, 1765367664323, 9172
pause-pod-2-24, 1765367655161, 1765367664479, 9318
pause-pod-2-25, 1765367655166, 1765367664657, 9491
pause-pod-2-26, 1765367655177, 1765367664831, 9654
pause-pod-2-27, 1765367655190, 1765367665017, 9827
pause-pod-2-28, 1765367655199, 1765367665199, 10000
pause-pod-2-29, 1765367655203, 1765367665345, 10142
pause-pod-2-30, 1765367655223, 1765367665509, 10286
pause-pod-2-31, 1765367655229, 1765367665692, 10463
pause-pod-2-32, 1765367655244, 1765367665866, 10622
pause-pod-2-33, 1765367655256, 1765367666069, 10813
pause-pod-2-34, 1765367655270, 1765367666254, 10984
pause-pod-2-35, 1765367655289, 1765367666422, 11133
pause-pod-2-36, 1765367655297, 1765367666587, 11290
pause-pod-2-37, 1765367655311, 1765367666764, 11453
pause-pod-2-38, 1765367655328, 1765367666952, 11624
pause-pod-2-39, 1765367655349, 1765367667116, 11767
pause-pod-2-40, 1765367655381, 1765367667312, 11931
pause-pod-2-41, 1765367655411, 1765367667477, 12066
pause-pod-2-42, 1765367655442, 1765367667621, 12179
pause-pod-2-43, 1765367655498, 1765367667801, 12303
pause-pod-2-44, 1765367655536, 1765367667983, 12447
pause-pod-2-45, 1765367655558, 1765367668162, 12604
pause-pod-2-46, 1765367655612, 1765367668329, 12717
pause-pod-2-47, 1765367655671, 1765367668500, 12829
pause-pod-2-48, 1765367655692, 1765367668671, 12979
pause-pod-2-49, 1765367655709, 1765367668842, 13133
pause-pod-2-50, 1765367655759, 1765367669040, 13281
pause-pod-2-51, 1765367655779, 1765367669214, 13435
pause-pod-2-52, 1765367655807, 1765367669398, 13591
pause-pod-2-53, 1765367655819, 1765367669563, 13744
pause-pod-2-54, 1765367655837, 1765367669722, 13885
pause-pod-2-55, 1765367655869, 1765367669896, 14027
pause-pod-2-56, 1765367655889, 1765367670051, 14162
pause-pod-2-57, 1765367655925, 1765367670229, 14304
pause-pod-2-58, 1765367655970, 1765367670411, 14441
pause-pod-2-59, 1765367656000, 1765367670586, 14586
pause-pod-2-60, 1765367656044, 1765367670754, 14710
pause-pod-2-61, 1765367656072, 1765367670920, 14848
pause-pod-2-62, 1765367656089, 1765367671094, 15005
pause-pod-2-63, 1765367656125, 1765367671269, 15144
pause-pod-2-64, 1765367656144, 1765367671453, 15309
pause-pod-2-65, 1765367656173, 1765367671632, 15459
pause-pod-2-66, 1765367656210, 1765367671817, 15607
pause-pod-2-67, 1765367656225, 1765367671995, 15770
pause-pod-2-68, 1765367656275, 1765367672200, 15925
pause-pod-2-69, 1765367656322, 1765367672388, 16066
pause-pod-2-70, 1765367656389, 1765367672571, 16182
pause-pod-2-71, 1765367656421, 1765367672753, 16332
pause-pod-2-72, 1765367656482, 1765367672933, 16451
pause-pod-2-73, 1765367656521, 1765367673095, 16574
pause-pod-2-74, 1765367656562, 1765367673290, 16728
pause-pod-2-75, 1765367656595, 1765367673479, 16884
pause-pod-2-76, 1765367656612, 1765367673667, 17055
pause-pod-2-77, 1765367656631, 1765367673838, 17207
pause-pod-2-78, 1765367656670, 1765367674030, 17360
pause-pod-2-79, 1765367656683, 1765367674207, 17524
pause-pod-2-80, 1765367656696, 1765367674355, 17659
pause-pod-2-81, 1765367656706, 1765367674533, 17827
pause-pod-2-82, 1765367656718, 1765367674718, 18000
pause-pod-2-83, 1765367656752, 1765367674898, 18146
pause-pod-2-84, 1765367656775, 1765367675068, 18293
pause-pod-2-85, 1765367656788, 1765367675278, 18490
pause-pod-2-86, 1765367656833, 1765367675452, 18619
pause-pod-2-87, 1765367656884, 1765367675624, 18740
pause-pod-2-88, 1765367656952, 1765367675811, 18859
pause-pod-2-89, 1765367657025, 1765367676006, 18981
pause-pod-2-90, 1765367657123, 1765367676212, 19089
pause-pod-2-91, 1765367657176, 1765367676383, 19207
pause-pod-2-92, 1765367657207, 1765367676562, 19355
pause-pod-2-93, 1765367657210, 1765367676754, 19544
pause-pod-2-94, 1765367657228, 1765367676930, 19702
pause-pod-2-95, 1765367657234, 1765367677106, 19872
pause-pod-2-96, 1765367657255, 1765367677289, 20034
pause-pod-2-97, 1765367657326, 1765367677477, 20151
pause-pod-2-98, 1765367657380, 1765367677662, 20282
pause-pod-2-99, 1765367657406, 1765367677838, 20432
pause-pod-2-100, 1765367657492, 1765367677993, 20501
pause-pod-3-1, 1765367780082, 1765367784653, 4571
pause-pod-3-2, 1765367780086, 1765367784864, 4778
pause-pod-3-3, 1765367780090, 1765367785125, 5035
pause-pod-3-4, 1765367780095, 1765367787042, 6947
pause-pod-3-5, 1765367780100, 1765367787311, 7211
pause-pod-3-6, 1765367780105, 1765367787462, 7357
pause-pod-3-7, 1765367780108, 1765367787610, 7502
pause-pod-3-8, 1765367780111, 1765367787759, 7648
pause-pod-3-9, 1765367780118, 1765367787903, 7785
pause-pod-3-10, 1765367780122, 1765367788042, 7920
pause-pod-3-11, 1765367780126, 1765367788185, 8059
pause-pod-3-12, 1765367780132, 1765367788328, 8196
pause-pod-3-13, 1765367780137, 1765367788470, 8333
pause-pod-3-14, 1765367780140, 1765367788642, 8502
pause-pod-3-15, 1765367780144, 1765367788807, 8663
pause-pod-3-16, 1765367780155, 1765367788985, 8830
pause-pod-3-17, 1765367780166, 1765367789184, 9018
pause-pod-3-18, 1765367780181, 1765367789369, 9188
pause-pod-3-19, 1765367780185, 1765367789536, 9351
pause-pod-3-20, 1765367780199, 1765367789715, 9516
pause-pod-3-21, 1765367780217, 1765367789888, 9671
pause-pod-3-22, 1765367780224, 1765367790059, 9835
pause-pod-3-23, 1765367780230, 1765367790233, 10003
pause-pod-3-24, 1765367780250, 1765367790404, 10154
pause-pod-3-25, 1765367780258, 1765367790578, 10320
pause-pod-3-26, 1765367780278, 1765367790770, 10492
pause-pod-3-27, 1765367780298, 1765367790927, 10629
pause-pod-3-28, 1765367780306, 1765367791082, 10776
pause-pod-3-29, 1765367780323, 1765367791252, 10929
pause-pod-3-30, 1765367780344, 1765367791435, 11091
pause-pod-3-31, 1765367780364, 1765367791607, 11243
pause-pod-3-32, 1765367780381, 1765367791779, 11398
pause-pod-3-33, 1765367780393, 1765367791957, 11564
pause-pod-3-34, 1765367780435, 1765367792111, 11676
pause-pod-3-35, 1765367780463, 1765367792277, 11814
pause-pod-3-36, 1765367780471, 1765367792464, 11993
pause-pod-3-37, 1765367780488, 1765367792649, 12161
pause-pod-3-38, 1765367780517, 1765367792857, 12340
pause-pod-3-39, 1765367780558, 1765367793046, 12488
pause-pod-3-40, 1765367780590, 1765367793235, 12645
pause-pod-3-41, 1765367780637, 1765367793423, 12786
pause-pod-3-42, 1765367780737, 1765367793602, 12865
pause-pod-3-43, 1765367780740, 1765367793775, 13035
pause-pod-3-44, 1765367780781, 1765367793940, 13159
pause-pod-3-45, 1765367780798, 1765367794112, 13314
pause-pod-3-46, 1765367780803, 1765367794259, 13456
pause-pod-3-47, 1765367780834, 1765367794397, 13563
pause-pod-3-48, 1765367780886, 1765367794561, 13675
pause-pod-3-49, 1765367780912, 1765367794741, 13829
pause-pod-3-50, 1765367780946, 1765367794935, 13989
pause-pod-3-51, 1765367780982, 1765367795120, 14138
pause-pod-3-52, 1765367780994, 1765367795316, 14322
pause-pod-3-53, 1765367781020, 1765367795483, 14463
pause-pod-3-54, 1765367781063, 1765367795670, 14607
pause-pod-3-55, 1765367781083, 1765367795839, 14756
pause-pod-3-56, 1765367781101, 1765367796022, 14921
pause-pod-3-57, 1765367781106, 1765367796198, 15092
pause-pod-3-58, 1765367781138, 1765367796365, 15227
pause-pod-3-59, 1765367781152, 1765367796525, 15373
pause-pod-3-60, 1765367781172, 1765367796706, 15534
pause-pod-3-61, 1765367781195, 1765367796864, 15669
pause-pod-3-62, 1765367781210, 1765367797031, 15821
pause-pod-3-63, 1765367781239, 1765367797214, 15975
pause-pod-3-64, 1765367781265, 1765367797395, 16130
pause-pod-3-65, 1765367781332, 1765367797590, 16258
pause-pod-3-66, 1765367781384, 1765367797780, 16396
pause-pod-3-67, 1765367781406, 1765367797993, 16587
pause-pod-3-68, 1765367781460, 1765367798155, 16695
pause-pod-3-69, 1765367781476, 1765367798330, 16854
pause-pod-3-70, 1765367781520, 1765367798520, 17000
pause-pod-3-71, 1765367781540, 1765367798688, 17148
pause-pod-3-72, 1765367781544, 1765367798831, 17287
pause-pod-3-73, 1765367781576, 1765367799014, 17438
pause-pod-3-74, 1765367781605, 1765367799220, 17615
pause-pod-3-75, 1765367781664, 1765367799386, 17722
pause-pod-3-76, 1765367781699, 1765367799535, 17836
pause-pod-3-77, 1765367781729, 1765367799723, 17994
pause-pod-3-78, 1765367781754, 1765367799901, 18147
pause-pod-3-79, 1765367781816, 1765367800088, 18272
pause-pod-3-80, 1765367781858, 1765367800288, 18430
pause-pod-3-81, 1765367781896, 1765367800471, 18575
pause-pod-3-82, 1765367781968, 1765367800628, 18660
pause-pod-3-83, 1765367781999, 1765367800780, 18781
pause-pod-3-84, 1765367782072, 1765367800945, 18873
pause-pod-3-85, 1765367782157, 1765367801110, 18953
pause-pod-3-86, 1765367782168, 1765367801292, 19124
pause-pod-3-87, 1765367782237, 1765367801465, 19228
pause-pod-3-88, 1765367782293, 1765367801601, 19308
pause-pod-3-89, 1765367782310, 1765367801768, 19458
pause-pod-3-90, 1765367782380, 1765367801955, 19575
pause-pod-3-91, 1765367782426, 1765367802147, 19721
pause-pod-3-92, 1765367782450, 1765367802351, 19901
pause-pod-3-93, 1765367782536, 1765367802530, 19994
pause-pod-3-94, 1765367782571, 1765367802710, 20139
pause-pod-3-95, 1765367782651, 1765367802896, 20245
pause-pod-3-96, 1765367782706, 1765367803111, 20405
pause-pod-3-97, 1765367782716, 1765367803272, 20556
pause-pod-3-98, 1765367782744, 1765367803418, 20674
pause-pod-3-99, 1765367782788, 1765367803605, 20817
pause-pod-3-100, 1765367782808, 1765367803775, 20967
pause-pod-4-1, 1765367905689, 1765367910512, 4823
pause-pod-4-2, 1765367905694, 1765367910754, 5060
pause-pod-4-3, 1765367905701, 1765367912201, 6500
pause-pod-4-4, 1765367905707, 1765367912349, 6642
pause-pod-4-5, 1765367905712, 1765367912530, 6818
pause-pod-4-6, 1765367905716, 1765367912695, 6979
pause-pod-4-7, 1765367905720, 1765367912852, 7132
pause-pod-4-8, 1765367905722, 1765367913005, 7283
pause-pod-4-9, 1765367905727, 1765367913150, 7423
pause-pod-4-10, 1765367905731, 1765367913294, 7563
pause-pod-4-11, 1765367905738, 1765367913441, 7703
pause-pod-4-12, 1765367905743, 1765367913596, 7853
pause-pod-4-13, 1765367905755, 1765367913748, 7993
pause-pod-4-14, 1765367905758, 1765367913898, 8140
pause-pod-4-15, 1765367905763, 1765367914054, 8291
pause-pod-4-16, 1765367905776, 1765367914222, 8446
pause-pod-4-17, 1765367905782, 1765367914387, 8605
pause-pod-4-18, 1765367905788, 1765367914566, 8778
pause-pod-4-19, 1765367905797, 1765367914759, 8962
pause-pod-4-20, 1765367905807, 1765367914949, 9142
pause-pod-4-21, 1765367905814, 1765367915129, 9315
pause-pod-4-22, 1765367905821, 1765367915309, 9488
pause-pod-4-23, 1765367905832, 1765367915501, 9669
pause-pod-4-24, 1765367905841, 1765367915686, 9845
pause-pod-4-25, 1765367905852, 1765367915877, 10025
pause-pod-4-26, 1765367905876, 1765367916070, 10194
pause-pod-4-27, 1765367905896, 1765367916256, 10360
pause-pod-4-28, 1765367905911, 1765367916467, 10556
pause-pod-4-29, 1765367905923, 1765367916663, 10740
pause-pod-4-30, 1765367905941, 1765367916838, 10897
pause-pod-4-31, 1765367905956, 1765367917031, 11075
pause-pod-4-32, 1765367905972, 1765367917213, 11241
pause-pod-4-33, 1765367905994, 1765367917409, 11415
pause-pod-4-34, 1765367905999, 1765367917605, 11606
pause-pod-4-35, 1765367906027, 1765367917810, 11783
pause-pod-4-36, 1765367906044, 1765367918006, 11962
pause-pod-4-37, 1765367906064, 1765367918189, 12125
pause-pod-4-38, 1765367906082, 1765367918393, 12311
pause-pod-4-39, 1765367906130, 1765367918580, 12450
pause-pod-4-40, 1765367906142, 1765367918772, 12630
pause-pod-4-41, 1765367906164, 1765367918943, 12779
pause-pod-4-42, 1765367906183, 1765367919112, 12929
pause-pod-4-43, 1765367906220, 1765367919316, 13096
pause-pod-4-44, 1765367906247, 1765367919488, 13241
pause-pod-4-45, 1765367906261, 1765367919671, 13410
pause-pod-4-46, 1765367906321, 1765367919857, 13536
pause-pod-4-47, 1765367906376, 1765367920048, 13672
pause-pod-4-48, 1765367906382, 1765367920220, 13838
pause-pod-4-49, 1765367906414, 1765367920424, 14010
pause-pod-4-50, 1765367906482, 1765367920594, 14112
pause-pod-4-51, 1765367906515, 1765367920772, 14257
pause-pod-4-52, 1765367906550, 1765367920938, 14388
pause-pod-4-53, 1765367906573, 1765367921103, 14530
pause-pod-4-54, 1765367906589, 1765367921309, 14720
pause-pod-4-55, 1765367906623, 1765367921493, 14870
pause-pod-4-56, 1765367906653, 1765367921662, 15009
pause-pod-4-57, 1765367906665, 1765367921840, 15175
pause-pod-4-58, 1765367906710, 1765367922018, 15308
pause-pod-4-59, 1765367906770, 1765367922219, 15449
pause-pod-4-60, 1765367906824, 1765367922410, 15586
pause-pod-4-61, 1765367906854, 1765367922590, 15736
pause-pod-4-62, 1765367906900, 1765367922789, 15889
pause-pod-4-63, 1765367906989, 1765367922989, 16000
pause-pod-4-64, 1765367907035, 1765367923202, 16167
pause-pod-4-65, 1765367907075, 1765367923364, 16289
pause-pod-4-66, 1765367907160, 1765367923544, 16384
pause-pod-4-67, 1765367907215, 1765367923724, 16509
pause-pod-4-68, 1765367907279, 1765367923916, 16637
pause-pod-4-69, 1765367907344, 1765367924106, 16762
pause-pod-4-70, 1765367907382, 1765367924316, 16934
pause-pod-4-71, 1765367907396, 1765367924503, 17107
pause-pod-4-72, 1765367907441, 1765367924703, 17262
pause-pod-4-73, 1765367907474, 1765367924890, 17416
pause-pod-4-74, 1765367907516, 1765367925080, 17564
pause-pod-4-75, 1765367907561, 1765367925255, 17694
pause-pod-4-76, 1765367907605, 1765367925441, 17836
pause-pod-4-77, 1765367907689, 1765367925637, 17948
pause-pod-4-78, 1765367907741, 1765367925806, 18065
pause-pod-4-79, 1765367907784, 1765367926000, 18216
pause-pod-4-80, 1765367907810, 1765367926185, 18375
pause-pod-4-81, 1765367907831, 1765367926359, 18528
pause-pod-4-82, 1765367907889, 1765367926556, 18667
pause-pod-4-83, 1765367907916, 1765367926755, 18839
pause-pod-4-84, 1765367907973, 1765367926950, 18977
pause-pod-4-85, 1765367908012, 1765367927133, 19121
pause-pod-4-86, 1765367908078, 1765367927307, 19229
pause-pod-4-87, 1765367908133, 1765367927494, 19361
pause-pod-4-88, 1765367908185, 1765367927700, 19515
pause-pod-4-89, 1765367908227, 1765367927893, 19666
pause-pod-4-90, 1765367908238, 1765367928087, 19849
pause-pod-4-91, 1765367908259, 1765367928267, 20008
pause-pod-4-92, 1765367908267, 1765367928468, 20201
pause-pod-4-93, 1765367908270, 1765367928660, 20390
pause-pod-4-94, 1765367908351, 1765367928835, 20484
pause-pod-4-95, 1765367908425, 1765367928990, 20565
pause-pod-4-96, 1765367908443, 1765367929173, 20730
pause-pod-4-97, 1765367908472, 1765367929353, 20881
pause-pod-4-98, 1765367908507, 1765367929533, 21026
pause-pod-4-99, 1765367908542, 1765367929744, 21202
pause-pod-4-100, 1765367908592, 1765367929926, 21334
pause-pod-5-1, 1765368032433, 1765368037324, 4891
pause-pod-5-2, 1765368032440, 1765368037531, 5091
pause-pod-5-3, 1765368032443, 1765368037750, 5307
pause-pod-5-4, 1765368032450, 1765368037970, 5520
pause-pod-5-5, 1765368032455, 1765368038434, 5979
pause-pod-5-6, 1765368032460, 1765368038639, 6179
pause-pod-5-7, 1765368032464, 1765368038789, 6325
pause-pod-5-8, 1765368032469, 1765368039051, 6582
pause-pod-5-9, 1765368032472, 1765368039196, 6724
pause-pod-5-10, 1765368032476, 1765368039376, 6900
pause-pod-5-11, 1765368032481, 1765368039540, 7059
pause-pod-5-12, 1765368032490, 1765368039694, 7204
pause-pod-5-13, 1765368032498, 1765368039844, 7346
pause-pod-5-14, 1765368032503, 1765368039993, 7490
pause-pod-5-15, 1765368032508, 1765368040138, 7630
pause-pod-5-16, 1765368032516, 1765368040288, 7772
pause-pod-5-17, 1765368032522, 1765368040435, 7913
pause-pod-5-18, 1765368032531, 1765368040586, 8055
pause-pod-5-19, 1765368032540, 1765368040730, 8190
pause-pod-5-20, 1765368032552, 1765368040872, 8320
pause-pod-5-21, 1765368032569, 1765368041017, 8448
pause-pod-5-22, 1765368032584, 1765368041158, 8574
pause-pod-5-23, 1765368032597, 1765368041309, 8712
pause-pod-5-24, 1765368032649, 1765368041463, 8814
pause-pod-5-25, 1765368032663, 1765368041611, 8948
pause-pod-5-26, 1765368032693, 1765368041786, 9093
pause-pod-5-27, 1765368032721, 1765368041985, 9264
pause-pod-5-28, 1765368032737, 1765368042205, 9468
pause-pod-5-29, 1765368032755, 1765368042372, 9617
pause-pod-5-30, 1765368032771, 1765368042558, 9787
pause-pod-5-31, 1765368032777, 1765368042729, 9952
pause-pod-5-32, 1765368032791, 1765368042930, 10139
pause-pod-5-33, 1765368032805, 1765368043109, 10304
pause-pod-5-34, 1765368032812, 1765368043302, 10490
pause-pod-5-35, 1765368032820, 1765368043475, 10655
pause-pod-5-36, 1765368032824, 1765368043650, 10826
pause-pod-5-37, 1765368032843, 1765368043804, 10961
pause-pod-5-38, 1765368032870, 1765368043975, 11105
pause-pod-5-39, 1765368032922, 1765368044156, 11234
pause-pod-5-40, 1765368032950, 1765368044336, 11386
pause-pod-5-41, 1765368032968, 1765368044537, 11569
pause-pod-5-42, 1765368032981, 1765368044709, 11728
pause-pod-5-43, 1765368033024, 1765368044917, 11893
pause-pod-5-44, 1765368033041, 1765368045117, 12076
pause-pod-5-45, 1765368033059, 1765368045299, 12240
pause-pod-5-46, 1765368033111, 1765368045479, 12368
pause-pod-5-47, 1765368033151, 1765368045672, 12521
pause-pod-5-48, 1765368033172, 1765368045856, 12684
pause-pod-5-49, 1765368033221, 1765368046049, 12828
pause-pod-5-50, 1765368033245, 1765368046217, 12972
pause-pod-5-51, 1765368033304, 1765368046409, 13105
pause-pod-5-52, 1765368033330, 1765368046594, 13264
pause-pod-5-53, 1765368033351, 1765368046778, 13427
pause-pod-5-54, 1765368033372, 1765368046955, 13583
pause-pod-5-55, 1765368033406, 1765368047139, 13733
pause-pod-5-56, 1765368033433, 1765368047331, 13898
pause-pod-5-57, 1765368033455, 1765368047511, 14056
pause-pod-5-58, 1765368033514, 1765368047693, 14179
pause-pod-5-59, 1765368033552, 1765368047885, 14333
pause-pod-5-60, 1765368033576, 1765368048103, 14527
pause-pod-5-61, 1765368033588, 1765368048279, 14691
pause-pod-5-62, 1765368033626, 1765368048485, 14859
pause-pod-5-63, 1765368033688, 1765368048680, 14992
pause-pod-5-64, 1765368033759, 1765368048864, 15105
pause-pod-5-65, 1765368033777, 1765368049029, 15252
pause-pod-5-66, 1765368033803, 1765368049217, 15414
pause-pod-5-67, 1765368033838, 1765368049409, 15571
pause-pod-5-68, 1765368033858, 1765368049582, 15724
pause-pod-5-69, 1765368033907, 1765368049766, 15859
pause-pod-5-70, 1765368033949, 1765368049938, 15989
pause-pod-5-71, 1765368033982, 1765368050111, 16129
pause-pod-5-72, 1765368034077, 1765368050306, 16229
pause-pod-5-73, 1765368034105, 1765368050506, 16401
pause-pod-5-74, 1765368034145, 1765368050701, 16556
pause-pod-5-75, 1765368034190, 1765368050872, 16682
pause-pod-5-76, 1765368034222, 1765368051039, 16817
pause-pod-5-77, 1765368034249, 1765368051189, 16940
pause-pod-5-78, 1765368034279, 1765368051385, 17106
pause-pod-5-79, 1765368034313, 1765368051576, 17263
pause-pod-5-80, 1765368034389, 1765368051757, 17368
pause-pod-5-81, 1765368034455, 1765368051923, 17468
pause-pod-5-82, 1765368034516, 1765368052117, 17601
pause-pod-5-83, 1765368034559, 1765368052327, 17768
pause-pod-5-84, 1765368034602, 1765368052502, 17900
pause-pod-5-85, 1765368034626, 1765368052700, 18074
pause-pod-5-86, 1765368034639, 1765368052871, 18232
pause-pod-5-87, 1765368034672, 1765368053053, 18381
pause-pod-5-88, 1765368034701, 1765368053249, 18548
pause-pod-5-89, 1765368034741, 1765368053426, 18685
pause-pod-5-90, 1765368034778, 1765368053606, 18828
pause-pod-5-91, 1765368034889, 1765368053789, 18900
pause-pod-5-92, 1765368034938, 1765368053981, 19043
pause-pod-5-93, 1765368034973, 1765368054176, 19203
pause-pod-5-94, 1765368035001, 1765368054350, 19349
pause-pod-5-95, 1765368035015, 1765368054511, 19496
pause-pod-5-96, 1765368035031, 1765368054682, 19651
pause-pod-5-97, 1765368035047, 1765368054867, 19820
pause-pod-5-98, 1765368035060, 1765368055041, 19981
pause-pod-5-99, 1765368035073, 1765368055212, 20139
pause-pod-5-100, 1765368035088, 1765368055408, 20320
pause-pod-6-1, 1765368157522, 1765368162334, 4812
pause-pod-6-2, 1765368157529, 1765368162530, 5001
pause-pod-6-3, 1765368157535, 1765368164154, 6619
pause-pod-6-4, 1765368157539, 1765368164370, 6831
pause-pod-6-5, 1765368157543, 1765368164519, 6976
pause-pod-6-6, 1765368157546, 1765368164668, 7122
pause-pod-6-7, 1765368157549, 1765368164811, 7262
pause-pod-6-8, 1765368157553, 1765368164967, 7414
pause-pod-6-9, 1765368157556, 1765368165133, 7577
pause-pod-6-10, 1765368157560, 1765368165280, 7720
pause-pod-6-11, 1765368157567, 1765368165434, 7867
pause-pod-6-12, 1765368157573, 1765368165594, 8021
pause-pod-6-13, 1765368157584, 1765368165749, 8165
pause-pod-6-14, 1765368157594, 1765368165893, 8299
pause-pod-6-15, 1765368157602, 1765368166056, 8454
pause-pod-6-16, 1765368157609, 1765368166231, 8622
pause-pod-6-17, 1765368157621, 1765368166430, 8809
pause-pod-6-18, 1765368157632, 1765368166630, 8998
pause-pod-6-19, 1765368157637, 1765368166792, 9155
pause-pod-6-20, 1765368157649, 1765368166973, 9324
pause-pod-6-21, 1765368157662, 1765368167159, 9497
pause-pod-6-22, 1765368157679, 1765368167331, 9652
pause-pod-6-23, 1765368157688, 1765368167527, 9839
pause-pod-6-24, 1765368157705, 1765368167716, 10011
pause-pod-6-25, 1765368157714, 1765368167906, 10192
pause-pod-6-26, 1765368157723, 1765368168104, 10381
pause-pod-6-27, 1765368157734, 1765368168297, 10563
pause-pod-6-28, 1765368157745, 1765368168486, 10741
pause-pod-6-29, 1765368157774, 1765368168655, 10881
pause-pod-6-30, 1765368157788, 1765368168836, 11048
pause-pod-6-31, 1765368157801, 1765368169021, 11220
pause-pod-6-32, 1765368157808, 1765368169189, 11381
pause-pod-6-33, 1765368157814, 1765368169377, 11563
pause-pod-6-34, 1765368157832, 1765368169560, 11728
pause-pod-6-35, 1765368157841, 1765368169747, 11906
pause-pod-6-36, 1765368157858, 1765368169922, 12064
pause-pod-6-37, 1765368157869, 1765368170103, 12234
pause-pod-6-38, 1765368157885, 1765368170292, 12407
pause-pod-6-39, 1765368157906, 1765368170484, 12578
pause-pod-6-40, 1765368157934, 1765368170665, 12731
pause-pod-6-41, 1765368157958, 1765368170873, 12915
pause-pod-6-42, 1765368157995, 1765368171067, 13072
pause-pod-6-43, 1765368158007, 1765368171255, 13248
pause-pod-6-44, 1765368158033, 1765368171454, 13421
pause-pod-6-45, 1765368158069, 1765368171619, 13550
pause-pod-6-46, 1765368158138, 1765368171793, 13655
pause-pod-6-47, 1765368158165, 1765368171966, 13801
pause-pod-6-48, 1765368158180, 1765368172132, 13952
pause-pod-6-49, 1765368158209, 1765368172294, 14085
pause-pod-6-50, 1765368158266, 1765368172477, 14211
pause-pod-6-51, 1765368158309, 1765368172657, 14348
pause-pod-6-52, 1765368158319, 1765368172854, 14535
pause-pod-6-53, 1765368158393, 1765368173021, 14628
pause-pod-6-54, 1765368158484, 1765368173205, 14721
pause-pod-6-55, 1765368158497, 1765368173399, 14902
pause-pod-6-56, 1765368158513, 1765368173580, 15067
pause-pod-6-57, 1765368158555, 1765368173790, 15235
pause-pod-6-58, 1765368158603, 1765368173966, 15363
pause-pod-6-59, 1765368158620, 1765368174174, 15554
pause-pod-6-60, 1765368158685, 1765368174378, 15693
pause-pod-6-61, 1765368158754, 1765368174536, 15782
pause-pod-6-62, 1765368158794, 1765368174717, 15923
pause-pod-6-63, 1765368158856, 1765368174916, 16060
pause-pod-6-64, 1765368158884, 1765368175118, 16234
pause-pod-6-65, 1765368158912, 1765368175278, 16366
pause-pod-6-66, 1765368158936, 1765368175441, 16505
pause-pod-6-67, 1765368158978, 1765368175633, 16655
pause-pod-6-68, 1765368159025, 1765368175810, 16785
pause-pod-6-69, 1765368159047, 1765368175999, 16952
pause-pod-6-70, 1765368159081, 1765368176201, 17120
pause-pod-6-71, 1765368159094, 1765368176420, 17326
pause-pod-6-72, 1765368159115, 1765368176599, 17484
pause-pod-6-73, 1765368159154, 1765368176783, 17629
pause-pod-6-74, 1765368159204, 1765368176938, 17734
pause-pod-6-75, 1765368159239, 1765368177099, 17860
pause-pod-6-76, 1765368159264, 1765368177296, 18032
pause-pod-6-77, 1765368159288, 1765368177483, 18195
pause-pod-6-78, 1765368159343, 1765368177709, 18366
pause-pod-6-79, 1765368159409, 1765368177888, 18479
pause-pod-6-80, 1765368159460, 1765368178080, 18620
pause-pod-6-81, 1765368159496, 1765368178270, 18774
pause-pod-6-82, 1765368159522, 1765368178479, 18957
pause-pod-6-83, 1765368159546, 1765368178675, 19129
pause-pod-6-84, 1765368159567, 1765368178856, 19289
pause-pod-6-85, 1765368159586, 1765368179024, 19438
pause-pod-6-86, 1765368159703, 1765368179199, 19496
pause-pod-6-87, 1765368159777, 1765368179393, 19616
pause-pod-6-88, 1765368159802, 1765368179568, 19766
pause-pod-6-89, 1765368159815, 1765368179770, 19955
pause-pod-6-90, 1765368159863, 1765368179980, 20117
pause-pod-6-91, 1765368159904, 1765368180181, 20277
pause-pod-6-92, 1765368160017, 1765368180374, 20357
pause-pod-6-93, 1765368160039, 1765368180557, 20518
pause-pod-6-94, 1765368160043, 1765368180749, 20706
pause-pod-6-95, 1765368160085, 1765368180937, 20852
pause-pod-6-96, 1765368160172, 1765368181120, 20948
pause-pod-6-97, 1765368160197, 1765368181326, 21129
pause-pod-6-98, 1765368160234, 1765368181509, 21275
pause-pod-6-99, 1765368160278, 1765368181704, 21426
pause-pod-6-100, 1765368160328, 1765368181862, 21534
