Pod Name, Creation Timestamp, Ready Timestamp, Latency (milliseconds)
pause-pod-1-1, 1765366527744, 1765366531149, 3405
pause-pod-1-2, 1765366527748, 1765366531395, 3647
pause-pod-1-3, 1765366527751, 1765366531670, 3919
pause-pod-1-4, 1765366527753, 1765366531951, 4198
pause-pod-1-5, 1765366527755, 1765366532231, 4476
pause-pod-1-6, 1765366527758, 1765366532520, 4762
pause-pod-1-7, 1765366527761, 1765366532826, 5065
pause-pod-1-8, 1765366527766, 1765366533120, 5354
pause-pod-1-9, 1765366527797, 1765366533400, 5603
pause-pod-1-10, 1765366527817, 1765366533688, 5871
pause-pod-2-1, 1765366596957, 1765366598685, 1728
pause-pod-2-2, 1765366596965, 1765366598931, 1966
pause-pod-2-3, 1765366596970, 1765366599208, 2238
pause-pod-2-4, 1765366596974, 1765366599482, 2508
pause-pod-2-5, 1765366596978, 1765366599740, 2762
pause-pod-2-6, 1765366596981, 1765366600001, 3020
pause-pod-2-7, 1765366596983, 1765366600288, 3305
pause-pod-2-8, 1765366596991, 1765366600570, 3579
pause-pod-2-9, 1765366596997, 1765366600831, 3834
pause-pod-2-10, 1765366597002, 1765366601100, 4098
pause-pod-3-1, 1765366664311, 1765366666178, 1867
pause-pod-3-2, 1765366664318, 1765366666435, 2117
pause-pod-3-3, 1765366664324, 1765366666700, 2376
pause-pod-3-4, 1765366664328, 1765366666980, 2652
pause-pod-3-5, 1765366664332, 1765366667261, 2929
pause-pod-3-6, 1765366664336, 1765366667538, 3202
pause-pod-3-7, 1765366664338, 1765366667815, 3477
pause-pod-3-8, 1765366664343, 1765366668111, 3768
pause-pod-3-9, 1765366664348, 1765366668408, 4060
pause-pod-3-10, 1765366664353, 1765366668717, 4364
pause-pod-4-1, 1765366731881, 1765366733685, 1804
pause-pod-4-2, 1765366731887, 1765366733959, 2072
pause-pod-4-3, 1765366731891, 1765366734246, 2355
pause-pod-4-4, 1765366731895, 1765366734531, 2636
pause-pod-4-5, 1765366731900, 1765366734837, 2937
pause-pod-4-6, 1765366731906, 1765366735124, 3218
pause-pod-4-7, 1765366731909, 1765366735381, 3472
pause-pod-4-8, 1765366731912, 1765366735675, 3763
pause-pod-4-9, 1765366731915, 1765366735950, 4035
pause-pod-4-10, 1765366731921, 1765366736236, 4315
pause-pod-5-1, 1765366799424, 1765366804179, 4755
pause-pod-5-2, 1765366799430, 1765366804428, 4998
pause-pod-5-3, 1765366799436, 1765366804670, 5234
pause-pod-5-4, 1765366799440, 1765366804922, 5482
pause-pod-5-5, 1765366799444, 1765366805162, 5718
pause-pod-5-6, 1765366799448, 1765366805412, 5964
pause-pod-5-7, 1765366799451, 1765366805660, 6209
pause-pod-5-8, 1765366799454, 1765366805916, 6462
pause-pod-5-9, 1765366799456, 1765366806156, 6700
pause-pod-5-10, 1765366799461, 1765366806447, 6986
pause-pod-6-1, 1765366869555, 1765366871759, 2204
pause-pod-6-2, 1765366869558, 1765366872029, 2471
pause-pod-6-3, 1765366869561, 1765366872296, 2735
pause-pod-6-4, 1765366869564, 1765366872558, 2994
pause-pod-6-5, 1765366869568, 1765366872821, 3253
pause-pod-6-6, 1765366869571, 1765366873097, 3526
pause-pod-6-7, 1765366869573, 1765366873379, 3806
pause-pod-6-8, 1765366869577, 1765366873646, 4069
pause-pod-6-9, 1765366869581, 1765366873924, 4343
pause-pod-6-10, 1765366869585, 1765366874217, 4632
