Pod Name, Creation Timestamp, Ready Timestamp, Latency (milliseconds)
pause-pod-1-1, 1765366937416, 1765366943371, 5955
pause-pod-1-2, 1765366937420, 1765366943625, 6205
pause-pod-1-3, 1765366937424, 1765366943906, 6482
pause-pod-1-4, 1765366937427, 1765366944180, 6753
pause-pod-1-5, 1765366937431, 1765366944449, 7018
pause-pod-1-6, 1765366937434, 1765366944693, 7259
pause-pod-1-7, 1765366937438, 1765366944955, 7517
pause-pod-1-8, 1765366937442, 1765366945237, 7795
pause-pod-1-9, 1765366937445, 1765366945483, 8038
pause-pod-1-10, 1765366937453, 1765366945758, 8305
pause-pod-1-11, 1765366937459, 1765366946027, 8568
pause-pod-1-12, 1765366937462, 1765366946304, 8842
pause-pod-1-13, 1765366937468, 1765366946575, 9107
pause-pod-1-14, 1765366937473, 1765366946867, 9394
pause-pod-1-15, 1765366937482, 1765366947130, 9648
pause-pod-1-16, 1765366937487, 1765366947412, 9925
pause-pod-1-17, 1765366937490, 1765366947674, 10184
pause-pod-1-18, 1765366937497, 1765366947933, 10436
pause-pod-1-19, 1765366937511, 1765366948223, 10712
pause-pod-1-20, 1765366937525, 1765366948519, 10994
pause-pod-1-21, 1765366937541, 1765366948798, 11257
pause-pod-1-22, 1765366937546, 1765366949072, 11526
pause-pod-1-23, 1765366937553, 1765366949357, 11804
pause-pod-1-24, 1765366937560, 1765366949649, 12089
pause-pod-1-25, 1765366937573, 1765366949928, 12355
pause-pod-1-26, 1765366937590, 1765366950232, 12642
pause-pod-1-27, 1765366937600, 1765366950478, 12878
pause-pod-1-28, 1765366937612, 1765366950767, 13155
pause-pod-1-29, 1765366937653, 1765366951050, 13397
pause-pod-1-30, 1765366937674, 1765366951321, 13647
pause-pod-1-31, 1765366937688, 1765366951593, 13905
pause-pod-1-32, 1765366937721, 1765366951860, 14139
pause-pod-1-33, 1765366937742, 1765366952139, 14397
pause-pod-1-34, 1765366937763, 1765366952442, 14679
pause-pod-1-35, 1765366937780, 1765366952727, 14947
pause-pod-1-36, 1765366937792, 1765366953031, 15239
pause-pod-1-37, 1765366937803, 1765366953306, 15503
pause-pod-1-38, 1765366937825, 1765366953587, 15762
pause-pod-1-39, 1765366937837, 1765366953826, 15989
pause-pod-1-40, 1765366937858, 1765366954108, 16250
pause-pod-1-41, 1765366937882, 1765366954394, 16512
pause-pod-1-42, 1765366937887, 1765366954653, 16766
pause-pod-1-43, 1765366937905, 1765366954944, 17039
pause-pod-1-44, 1765366937911, 1765366955233, 17322
pause-pod-1-45, 1765366937936, 1765366955531, 17595
pause-pod-1-46, 1765366937952, 1765366955797, 17845
pause-pod-1-47, 1765366937965, 1765366956065, 18100
pause-pod-1-48, 1765366937983, 1765366956358, 18375
pause-pod-1-49, 1765366937994, 1765366956651, 18657
pause-pod-1-50, 1765366938020, 1765366956947, 18927
pause-pod-2-1, 1765367028535, 1765367033308, 4773
pause-pod-2-2, 1765367028540, 1765367034100, 5560
pause-pod-2-3, 1765367028543, 1765367034382, 5839
pause-pod-2-4, 1765367028547, 1765367034641, 6094
pause-pod-2-5, 1765367028550, 1765367034908, 6358
pause-pod-2-6, 1765367028553, 1765367035180, 6627
pause-pod-2-7, 1765367028555, 1765367035429, 6874
pause-pod-2-8, 1765367028558, 1765367035702, 7144
pause-pod-2-9, 1765367028561, 1765367036000, 7439
pause-pod-2-10, 1765367028567, 1765367036277, 7710
pause-pod-2-11, 1765367028573, 1765367036572, 7999
pause-pod-2-12, 1765367028577, 1765367036850, 8273
pause-pod-2-13, 1765367028582, 1765367037136, 8554
pause-pod-2-14, 1765367028586, 1765367037409, 8823
pause-pod-2-15, 1765367028600, 1765367037676, 9076
pause-pod-2-16, 1765367028604, 1765367037963, 9359
pause-pod-2-17, 1765367028608, 1765367038239, 9631
pause-pod-2-18, 1765367028612, 1765367038521, 9909
pause-pod-2-19, 1765367028621, 1765367038833, 10212
pause-pod-2-20, 1765367028630, 1765367039117, 10487
pause-pod-2-21, 1765367028635, 1765367039411, 10776
pause-pod-2-22, 1765367028643, 1765367039707, 11064
pause-pod-2-23, 1765367028654, 1765367039985, 11331
pause-pod-2-24, 1765367028663, 1765367040239, 11576
pause-pod-2-25, 1765367028672, 1765367040485, 11813
pause-pod-2-26, 1765367028685, 1765367040751, 12066
pause-pod-2-27, 1765367028693, 1765367041023, 12330
pause-pod-2-28, 1765367028709, 1765367041276, 12567
pause-pod-2-29, 1765367028726, 1765367041553, 12827
pause-pod-2-30, 1765367028738, 1765367041821, 13083
pause-pod-2-31, 1765367028752, 1765367042077, 13325
pause-pod-2-32, 1765367028762, 1765367042345, 13583
pause-pod-2-33, 1765367028775, 1765367042597, 13822
pause-pod-2-34, 1765367028792, 1765367042864, 14072
pause-pod-2-35, 1765367028810, 1765367043114, 14304
pause-pod-2-36, 1765367028824, 1765367043377, 14553
pause-pod-2-37, 1765367028843, 1765367043667, 14824
pause-pod-2-38, 1765367028855, 1765367044065, 15210
pause-pod-2-39, 1765367028861, 1765367044331, 15470
pause-pod-2-40, 1765367028872, 1765367044588, 15716
pause-pod-2-41, 1765367028884, 1765367044845, 15961
pause-pod-2-42, 1765367028901, 1765367045086, 16185
pause-pod-2-43, 1765367028911, 1765367045332, 16421
pause-pod-2-44, 1765367028916, 1765367045595, 16679
pause-pod-2-45, 1765367028928, 1765367045845, 16917
pause-pod-2-46, 1765367028955, 1765367046111, 17156
pause-pod-2-47, 1765367028971, 1765367046361, 17390
pause-pod-2-48, 1765367028984, 1765367046624, 17640
pause-pod-2-49, 1765367028994, 1765367046896, 17902
pause-pod-2-50, 1765367029013, 1765367047156, 18143
pause-pod-3-1, 1765367119168, 1765367125263, 6095
pause-pod-3-2, 1765367119175, 1765367125503, 6328
pause-pod-3-3, 1765367119183, 1765367125752, 6569
pause-pod-3-4, 1765367119187, 1765367126029, 6842
pause-pod-3-5, 1765367119191, 1765367126290, 7099
pause-pod-3-6, 1765367119194, 1765367126584, 7390
pause-pod-3-7, 1765367119198, 1765367126854, 7656
pause-pod-3-8, 1765367119204, 1765367127131, 7927
pause-pod-3-9, 1765367119207, 1765367127429, 8222
pause-pod-3-10, 1765367119211, 1765367127678, 8467
pause-pod-3-11, 1765367119215, 1765367127956, 8741
pause-pod-3-12, 1765367119225, 1765367128236, 9011
pause-pod-3-13, 1765367119230, 1765367128517, 9287
pause-pod-3-14, 1765367119238, 1765367128776, 9538
pause-pod-3-15, 1765367119244, 1765367129055, 9811
pause-pod-3-16, 1765367119256, 1765367129351, 10095
pause-pod-3-17, 1765367119263, 1765367129632, 10369
pause-pod-3-18, 1765367119276, 1765367129929, 10653
pause-pod-3-19, 1765367119286, 1765367130220, 10934
pause-pod-3-20, 1765367119295, 1765367130476, 11181
pause-pod-3-21, 1765367119301, 1765367130772, 11471
pause-pod-3-22, 1765367119306, 1765367131034, 11728
pause-pod-3-23, 1765367119321, 1765367131312, 11991
pause-pod-3-24, 1765367119327, 1765367131596, 12269
pause-pod-3-25, 1765367119352, 1765367131849, 12497
pause-pod-3-26, 1765367119356, 1765367132112, 12756
pause-pod-3-27, 1765367119369, 1765367132400, 13031
pause-pod-3-28, 1765367119387, 1765367132679, 13292
pause-pod-3-29, 1765367119396, 1765367132939, 13543
pause-pod-3-30, 1765367119408, 1765367133192, 13784
pause-pod-3-31, 1765367119426, 1765367133456, 14030
pause-pod-3-32, 1765367119431, 1765367133704, 14273
pause-pod-3-33, 1765367119440, 1765367133950, 14510
pause-pod-3-34, 1765367119455, 1765367134212, 14757
pause-pod-3-35, 1765367119475, 1765367134450, 14975
pause-pod-3-36, 1765367119485, 1765367134711, 15226
pause-pod-3-37, 1765367119495, 1765367134968, 15473
pause-pod-3-38, 1765367119504, 1765367135250, 15746
pause-pod-3-39, 1765367119521, 1765367135508, 15987
pause-pod-3-40, 1765367119540, 1765367135768, 16228
pause-pod-3-41, 1765367119560, 1765367136034, 16474
pause-pod-3-42, 1765367119568, 1765367136292, 16724
pause-pod-3-43, 1765367119579, 1765367136555, 16976
pause-pod-3-44, 1765367119600, 1765367136808, 17208
pause-pod-3-45, 1765367119609, 1765367137068, 17459
pause-pod-3-46, 1765367119623, 1765367137352, 17729
pause-pod-3-47, 1765367119646, 1765367137656, 18010
pause-pod-3-48, 1765367119664, 1765367137966, 18302
pause-pod-3-49, 1765367119675, 1765367138259, 18584
pause-pod-3-50, 1765367119708, 1765367138538, 18830
pause-pod-4-1, 1765367210550, 1765367217603, 7053
pause-pod-4-2, 1765367210557, 1765367217870, 7313
pause-pod-4-3, 1765367210561, 1765367218136, 7575
pause-pod-4-4, 1765367210565, 1765367218419, 7854
pause-pod-4-5, 1765367210569, 1765367218697, 8128
pause-pod-4-6, 1765367210573, 1765367218989, 8416
pause-pod-4-7, 1765367210577, 1765367219282, 8705
pause-pod-4-8, 1765367210584, 1765367219579, 8995
pause-pod-4-9, 1765367210588, 1765367219875, 9287
pause-pod-4-10, 1765367210608, 1765367220151, 9543
pause-pod-4-11, 1765367210619, 1765367220441, 9822
pause-pod-4-12, 1765367210623, 1765367220702, 10079
pause-pod-4-13, 1765367210629, 1765367220987, 10358
pause-pod-4-14, 1765367210636, 1765367221278, 10642
pause-pod-4-15, 1765367210649, 1765367221570, 10921
pause-pod-4-16, 1765367210664, 1765367221847, 11183
pause-pod-4-17, 1765367210669, 1765367222128, 11459
pause-pod-4-18, 1765367210681, 1765367222410, 11729
pause-pod-4-19, 1765367210689, 1765367222690, 12001
pause-pod-4-20, 1765367210696, 1765367222973, 12277
pause-pod-4-21, 1765367210699, 1765367223251, 12552
pause-pod-4-22, 1765367210709, 1765367223536, 12827
pause-pod-4-23, 1765367210747, 1765367223816, 13069
pause-pod-4-24, 1765367210751, 1765367224083, 13332
pause-pod-4-25, 1765367210767, 1765367224353, 13586
pause-pod-4-26, 1765367210776, 1765367224623, 13847
pause-pod-4-27, 1765367210792, 1765367224905, 14113
pause-pod-4-28, 1765367210804, 1765367225191, 14387
pause-pod-4-29, 1765367210807, 1765367225491, 14684
pause-pod-4-30, 1765367210823, 1765367225786, 14963
pause-pod-4-31, 1765367210841, 1765367226067, 15226
pause-pod-4-32, 1765367210855, 1765367226351, 15496
pause-pod-4-33, 1765367210875, 1765367226635, 15760
pause-pod-4-34, 1765367210894, 1765367226931, 16037
pause-pod-4-35, 1765367210903, 1765367227211, 16308
pause-pod-4-36, 1765367210915, 1765367227483, 16568
pause-pod-4-37, 1765367210921, 1765367227763, 16842
pause-pod-4-38, 1765367210930, 1765367228042, 17112
pause-pod-4-39, 1765367210944, 1765367228322, 17378
pause-pod-4-40, 1765367210958, 1765367228606, 17648
pause-pod-4-41, 1765367210987, 1765367228895, 17908
pause-pod-4-42, 1765367210997, 1765367229196, 18199
pause-pod-4-43, 1765367211010, 1765367229488, 18478
pause-pod-4-44, 1765367211019, 1765367229745, 18726
pause-pod-4-45, 1765367211027, 1765367230022, 18995
pause-pod-4-46, 1765367211052, 1765367230314, 19262
pause-pod-4-47, 1765367211063, 1765367230605, 19542
pause-pod-4-48, 1765367211076, 1765367230894, 19818
pause-pod-4-49, 1765367211106, 1765367231169, 20063
pause-pod-4-50, 1765367211124, 1765367231449, 20325
pause-pod-5-1, 1765367303558, 1765367310290, 6732
pause-pod-5-2, 1765367303562, 1765367310546, 6984
pause-pod-5-3, 1765367303568, 1765367310806, 7238
pause-pod-5-4, 1765367303572, 1765367311092, 7520
pause-pod-5-5, 1765367303575, 1765367311382, 7807
pause-pod-5-6, 1765367303578, 1765367311670, 8092
pause-pod-5-7, 1765367303582, 1765367311955, 8373
pause-pod-5-8, 1765367303586, 1765367312246, 8660
pause-pod-5-9, 1765367303590, 1765367312548, 8958
pause-pod-5-10, 1765367303598, 1765367312856, 9258
pause-pod-5-11, 1765367303601, 1765367313154, 9553
pause-pod-5-12, 1765367303606, 1765367313459, 9853
pause-pod-5-13, 1765367303615, 1765367313753, 10138
pause-pod-5-14, 1765367303622, 1765367314031, 10409
pause-pod-5-15, 1765367303629, 1765367314310, 10681
pause-pod-5-16, 1765367303635, 1765367314566, 10931
pause-pod-5-17, 1765367303665, 1765367314852, 11187
pause-pod-5-18, 1765367303686, 1765367315156, 11470
pause-pod-5-19, 1765367303704, 1765367315448, 11744
pause-pod-5-20, 1765367303710, 1765367315729, 12019
pause-pod-5-21, 1765367303733, 1765367316030, 12297
pause-pod-5-22, 1765367303737, 1765367316338, 12601
pause-pod-5-23, 1765367303740, 1765367316629, 12889
pause-pod-5-24, 1765367303748, 1765367316919, 13171
pause-pod-5-25, 1765367303752, 1765367317208, 13456
pause-pod-5-26, 1765367303756, 1765367317481, 13725
pause-pod-5-27, 1765367303767, 1765367317769, 14002
pause-pod-5-28, 1765367303781, 1765367318056, 14275
pause-pod-5-29, 1765367303789, 1765367318348, 14559
pause-pod-5-30, 1765367303800, 1765367318669, 14869
pause-pod-5-31, 1765367303806, 1765367318972, 15166
pause-pod-5-32, 1765367303829, 1765367319252, 15423
pause-pod-5-33, 1765367303840, 1765367319517, 15677
pause-pod-5-34, 1765367303861, 1765367319793, 15932
pause-pod-5-35, 1765367303878, 1765367320091, 16213
pause-pod-5-36, 1765367303892, 1765367320389, 16497
pause-pod-5-37, 1765367303898, 1765367320667, 16769
pause-pod-5-38, 1765367303905, 1765367320932, 17027
pause-pod-5-39, 1765367303926, 1765367321228, 17302
pause-pod-5-40, 1765367303952, 1765367321511, 17559
pause-pod-5-41, 1765367303976, 1765367321773, 17797
pause-pod-5-42, 1765367303990, 1765367322060, 18070
pause-pod-5-43, 1765367304006, 1765367322369, 18363
pause-pod-5-44, 1765367304022, 1765367322659, 18637
pause-pod-5-45, 1765367304044, 1765367322942, 18898
pause-pod-5-46, 1765367304053, 1765367323215, 19162
pause-pod-5-47, 1765367304058, 1765367323497, 19439
pause-pod-5-48, 1765367304073, 1765367323779, 19706
pause-pod-5-49, 1765367304088, 1765367324080, 19992
pause-pod-5-50, 1765367304117, 1765367324378, 20261
pause-pod-6-1, 1765367397105, 1765367403011, 5906
pause-pod-6-2, 1765367397110, 1765367404025, 6915
pause-pod-6-3, 1765367397114, 1765367404267, 7153
pause-pod-6-4, 1765367397120, 1765367404505, 7385
pause-pod-6-5, 1765367397123, 1765367404743, 7620
pause-pod-6-6, 1765367397127, 1765367404984, 7857
pause-pod-6-7, 1765367397130, 1765367405231, 8101
pause-pod-6-8, 1765367397134, 1765367405470, 8336
pause-pod-6-9, 1765367397137, 1765367405732, 8595
pause-pod-6-10, 1765367397144, 1765367406022, 8878
pause-pod-6-11, 1765367397147, 1765367406302, 9155
pause-pod-6-12, 1765367397149, 1765367406583, 9434
pause-pod-6-13, 1765367397155, 1765367406883, 9728
pause-pod-6-14, 1765367397161, 1765367407159, 9998
pause-pod-6-15, 1765367397164, 1765367407432, 10268
pause-pod-6-16, 1765367397168, 1765367407725, 10557
pause-pod-6-17, 1765367397171, 1765367408013, 10842
pause-pod-6-18, 1765367397181, 1765367408315, 11134
pause-pod-6-19, 1765367397190, 1765367408603, 11413
pause-pod-6-20, 1765367397201, 1765367408898, 11697
pause-pod-6-21, 1765367397206, 1765367409188, 11982
pause-pod-6-22, 1765367397224, 1765367409471, 12247
pause-pod-6-23, 1765367397246, 1765367409733, 12487
pause-pod-6-24, 1765367397258, 1765367410017, 12759
pause-pod-6-25, 1765367397275, 1765367410299, 13024
pause-pod-6-26, 1765367397283, 1765367410578, 13295
pause-pod-6-27, 1765367397306, 1765367410835, 13529
pause-pod-6-28, 1765367397315, 1765367411082, 13767
pause-pod-6-29, 1765367397323, 1765367411375, 14052
pause-pod-6-30, 1765367397347, 1765367411646, 14299
pause-pod-6-31, 1765367397350, 1765367411939, 14589
pause-pod-6-32, 1765367397357, 1765367412224, 14867
pause-pod-6-33, 1765367397368, 1765367412505, 15137
pause-pod-6-34, 1765367397382, 1765367412796, 15414
pause-pod-6-35, 1765367397393, 1765367413093, 15700
pause-pod-6-36, 1765367397420, 1765367413374, 15954
pause-pod-6-37, 1765367397439, 1765367413634, 16195
pause-pod-6-38, 1765367397452, 1765367413909, 16457
pause-pod-6-39, 1765367397463, 1765367414200, 16737
pause-pod-6-40, 1765367397503, 1765367414500, 16997
pause-pod-6-41, 1765367397532, 1765367414794, 17262
pause-pod-6-42, 1765367397578, 1765367415065, 17487
pause-pod-6-43, 1765367397604, 1765367415342, 17738
pause-pod-6-44, 1765367397622, 1765367415634, 18012
pause-pod-6-45, 1765367397648, 1765367415910, 18262
pause-pod-6-46, 1765367397661, 1765367416184, 18523
pause-pod-6-47, 1765367397675, 1765367416459, 18784
pause-pod-6-48, 1765367397684, 1765367416722, 19038
pause-pod-6-49, 1765367397700, 1765367417006, 19306
pause-pod-6-50, 1765367397712, 1765367417287, 19575
