Pod Name, Creation Timestamp, Ready Timestamp, Latency (milliseconds)
pause-pod-1-1, 1763674276224, 1763674279024, 2800
pause-pod-1-2, 1763674276226, 1763674279231, 3005
pause-pod-1-3, 1763674276228, 1763674279446, 3218
pause-pod-1-4, 1763674276231, 1763674279618, 3387
pause-pod-1-5, 1763674276233, 1763674279778, 3545
pause-pod-1-6, 1763674276235, 1763674279938, 3703
pause-pod-1-7, 1763674276238, 1763674280102, 3864
pause-pod-1-8, 1763674276241, 1763674280260, 4019
pause-pod-1-9, 1763674276244, 1763674280417, 4173
pause-pod-1-10, 1763674276247, 1763674280572, 4325
pause-pod-1-11, 1763674276249, 1763674280728, 4479
pause-pod-1-12, 1763674276254, 1763674280885, 4631
pause-pod-1-13, 1763674276258, 1763674281040, 4782
pause-pod-1-14, 1763674276261, 1763674281195, 4934
pause-pod-1-15, 1763674276266, 1763674281351, 5085
pause-pod-1-16, 1763674276272, 1763674281506, 5234
pause-pod-1-17, 1763674276275, 1763674281662, 5387
pause-pod-1-18, 1763674276303, 1763674281817, 5514
pause-pod-1-19, 1763674276308, 1763674281972, 5664
pause-pod-1-20, 1763674276342, 1763674282127, 5785
pause-pod-1-21, 1763674276368, 1763674282281, 5913
pause-pod-1-22, 1763674276383, 1763674282436, 6053
pause-pod-1-23, 1763674276396, 1763674282591, 6195
pause-pod-1-24, 1763674276402, 1763674282746, 6344
pause-pod-1-25, 1763674276455, 1763674282902, 6447
pause-pod-1-26, 1763674276472, 1763674283058, 6586
pause-pod-1-27, 1763674276480, 1763674283215, 6735
pause-pod-1-28, 1763674276484, 1763674283371, 6887
pause-pod-1-29, 1763674276492, 1763674283525, 7033
pause-pod-1-30, 1763674276496, 1763674283681, 7185
pause-pod-1-31, 1763674276516, 1763674283837, 7321
pause-pod-1-32, 1763674276524, 1763674283993, 7469
pause-pod-1-33, 1763674276533, 1763674284149, 7616
pause-pod-1-34, 1763674276544, 1763674284304, 7760
pause-pod-1-35, 1763674276555, 1763674284459, 7904
pause-pod-1-36, 1763674276585, 1763674284614, 8029
pause-pod-1-37, 1763674276592, 1763674284770, 8178
pause-pod-1-38, 1763674276605, 1763674284925, 8320
pause-pod-1-39, 1763674276647, 1763674285081, 8434
pause-pod-1-40, 1763674276669, 1763674285236, 8567
pause-pod-1-41, 1763674276695, 1763674285392, 8697
pause-pod-1-42, 1763674276700, 1763674285548, 8848
pause-pod-1-43, 1763674276710, 1763674285704, 8994
pause-pod-1-44, 1763674276719, 1763674285859, 9140
pause-pod-1-45, 1763674276765, 1763674286015, 9250
pause-pod-1-46, 1763674276842, 1763674286170, 9328
pause-pod-1-47, 1763674276853, 1763674286324, 9471
pause-pod-1-48, 1763674276884, 1763674286480, 9596
pause-pod-1-49, 1763674276900, 1763674286636, 9736
pause-pod-1-50, 1763674276947, 1763674286791, 9844
pause-pod-1-51, 1763674276959, 1763674286947, 9988
pause-pod-1-52, 1763674276981, 1763674287102, 10121
pause-pod-1-53, 1763674277005, 1763674287258, 10253
pause-pod-1-54, 1763674277013, 1763674287414, 10401
pause-pod-1-55, 1763674277067, 1763674287568, 10501
pause-pod-1-56, 1763674277140, 1763674287723, 10583
pause-pod-1-57, 1763674277198, 1763674287879, 10681
pause-pod-1-58, 1763674277221, 1763674288033, 10812
pause-pod-1-59, 1763674277281, 1763674288189, 10908
pause-pod-1-60, 1763674277354, 1763674288344, 10990
pause-pod-1-61, 1763674277358, 1763674288499, 11141
pause-pod-1-62, 1763674277401, 1763674288655, 11254
pause-pod-1-63, 1763674277408, 1763674288811, 11403
pause-pod-1-64, 1763674277426, 1763674288965, 11539
pause-pod-1-65, 1763674277431, 1763674289119, 11688
pause-pod-1-66, 1763674277439, 1763674289274, 11835
pause-pod-1-67, 1763674277457, 1763674289429, 11972
pause-pod-1-68, 1763674277488, 1763674289585, 12097
pause-pod-1-69, 1763674277503, 1763674289742, 12239
pause-pod-1-70, 1763674277509, 1763674289897, 12388
pause-pod-1-71, 1763674277538, 1763674290051, 12513
pause-pod-1-72, 1763674277568, 1763674290205, 12637
pause-pod-1-73, 1763674277584, 1763674290359, 12775
pause-pod-1-74, 1763674277602, 1763674290514, 12912
pause-pod-1-75, 1763674277625, 1763674290668, 13043
pause-pod-1-76, 1763674277659, 1763674290823, 13164
pause-pod-1-77, 1763674277667, 1763674290979, 13312
pause-pod-1-78, 1763674277671, 1763674291135, 13464
pause-pod-1-79, 1763674277695, 1763674291290, 13595
pause-pod-1-80, 1763674277718, 1763674291444, 13726
pause-pod-1-81, 1763674277745, 1763674291600, 13855
pause-pod-1-82, 1763674277770, 1763674291756, 13986
pause-pod-1-83, 1763674277816, 1763674291913, 14097
pause-pod-1-84, 1763674277855, 1763674292068, 14213
pause-pod-1-85, 1763674277886, 1763674292224, 14338
pause-pod-1-86, 1763674277892, 1763674292379, 14487
pause-pod-1-87, 1763674277964, 1763674292534, 14570
pause-pod-1-88, 1763674277990, 1763674292689, 14699
pause-pod-1-89, 1763674278021, 1763674292844, 14823
pause-pod-1-90, 1763674278025, 1763674293000, 14975
pause-pod-1-91, 1763674278050, 1763674293155, 15105
pause-pod-1-92, 1763674278074, 1763674293311, 15237
pause-pod-1-93, 1763674278096, 1763674293466, 15370
pause-pod-1-94, 1763674278120, 1763674293622, 15502
pause-pod-1-95, 1763674278125, 1763674293780, 15655
pause-pod-1-96, 1763674278141, 1763674293935, 15794
pause-pod-1-97, 1763674278189, 1763674294089, 15900
pause-pod-1-98, 1763674278252, 1763674294245, 15993
pause-pod-1-99, 1763674278275, 1763674294400, 16125
pause-pod-1-100, 1763674278413, 1763674294556, 16143
pause-pod-2-1, 1763674362363, 1763674365045, 2682
pause-pod-2-2, 1763674362365, 1763674365269, 2904
pause-pod-2-3, 1763674362367, 1763674365724, 3357
pause-pod-2-4, 1763674362369, 1763674365882, 3513
pause-pod-2-5, 1763674362370, 1763674366040, 3670
pause-pod-2-6, 1763674362372, 1763674366195, 3823
pause-pod-2-7, 1763674362374, 1763674366352, 3978
pause-pod-2-8, 1763674362377, 1763674366508, 4131
pause-pod-2-9, 1763674362379, 1763674366664, 4285
pause-pod-2-10, 1763674362382, 1763674366820, 4438
pause-pod-2-11, 1763674362385, 1763674366975, 4590
pause-pod-2-12, 1763674362387, 1763674367132, 4745
pause-pod-2-13, 1763674362390, 1763674367287, 4897
pause-pod-2-14, 1763674362393, 1763674367443, 5050
pause-pod-2-15, 1763674362395, 1763674367598, 5203
pause-pod-2-16, 1763674362398, 1763674367754, 5356
pause-pod-2-17, 1763674362403, 1763674367914, 5511
pause-pod-2-18, 1763674362407, 1763674368071, 5664
pause-pod-2-19, 1763674362409, 1763674368226, 5817
pause-pod-2-20, 1763674362425, 1763674368381, 5956
pause-pod-2-21, 1763674362438, 1763674368537, 6099
pause-pod-2-22, 1763674362452, 1763674368693, 6241
pause-pod-2-23, 1763674362495, 1763674368849, 6354
pause-pod-2-24, 1763674362559, 1763674369004, 6445
pause-pod-2-25, 1763674362591, 1763674369159, 6568
pause-pod-2-26, 1763674362625, 1763674369314, 6689
pause-pod-2-27, 1763674362635, 1763674369470, 6835
pause-pod-2-28, 1763674362686, 1763674369625, 6939
pause-pod-2-29, 1763674362690, 1763674369781, 7091
pause-pod-2-30, 1763674362695, 1763674369936, 7241
pause-pod-2-31, 1763674362703, 1763674370092, 7389
pause-pod-2-32, 1763674362712, 1763674370248, 7536
pause-pod-2-33, 1763674362722, 1763674370404, 7682
pause-pod-2-34, 1763674362728, 1763674370559, 7831
pause-pod-2-35, 1763674362753, 1763674370715, 7962
pause-pod-2-36, 1763674362760, 1763674370870, 8110
pause-pod-2-37, 1763674362788, 1763674371025, 8237
pause-pod-2-38, 1763674362813, 1763674371181, 8368
pause-pod-2-39, 1763674362885, 1763674371335, 8450
pause-pod-2-40, 1763674362916, 1763674371490, 8574
pause-pod-2-41, 1763674362920, 1763674371645, 8725
pause-pod-2-42, 1763674362947, 1763674371800, 8853
pause-pod-2-43, 1763674362954, 1763674371954, 9000
pause-pod-2-44, 1763674362964, 1763674372110, 9146
pause-pod-2-45, 1763674362977, 1763674372266, 9289
pause-pod-2-46, 1763674363016, 1763674372420, 9404
pause-pod-2-47, 1763674363025, 1763674372576, 9551
pause-pod-2-48, 1763674363066, 1763674372731, 9665
pause-pod-2-49, 1763674363084, 1763674372886, 9802
pause-pod-2-50, 1763674363124, 1763674373041, 9917
pause-pod-2-51, 1763674363129, 1763674373198, 10069
pause-pod-2-52, 1763674363156, 1763674373353, 10197
pause-pod-2-53, 1763674363180, 1763674373507, 10327
pause-pod-2-54, 1763674363187, 1763674373662, 10475
pause-pod-2-55, 1763674363201, 1763674373817, 10616
pause-pod-2-56, 1763674363240, 1763674373973, 10733
pause-pod-2-57, 1763674363292, 1763674374128, 10836
pause-pod-2-58, 1763674363319, 1763674374282, 10963
pause-pod-2-59, 1763674363333, 1763674374438, 11105
pause-pod-2-60, 1763674363347, 1763674374593, 11246
pause-pod-2-61, 1763674363393, 1763674374749, 11356
pause-pod-2-62, 1763674363414, 1763674374904, 11490
pause-pod-2-63, 1763674363431, 1763674375059, 11628
pause-pod-2-64, 1763674363437, 1763674375214, 11777
pause-pod-2-65, 1763674363444, 1763674375370, 11926
pause-pod-2-66, 1763674363480, 1763674375525, 12045
pause-pod-2-67, 1763674363510, 1763674375680, 12170
pause-pod-2-68, 1763674363526, 1763674375835, 12309
pause-pod-2-69, 1763674363569, 1763674375990, 12421
pause-pod-2-70, 1763674363605, 1763674376146, 12541
pause-pod-2-71, 1763674363621, 1763674376300, 12679
pause-pod-2-72, 1763674363633, 1763674376455, 12822
pause-pod-2-73, 1763674363689, 1763674376610, 12921
pause-pod-2-74, 1763674363725, 1763674376765, 13040
pause-pod-2-75, 1763674363740, 1763674376919, 13179
pause-pod-2-76, 1763674363746, 1763674377074, 13328
pause-pod-2-77, 1763674363750, 1763674377227, 13477
pause-pod-2-78, 1763674363783, 1763674377381, 13598
pause-pod-2-79, 1763674363810, 1763674377535, 13725
pause-pod-2-80, 1763674363817, 1763674377689, 13872
pause-pod-2-81, 1763674363829, 1763674377844, 14015
pause-pod-2-82, 1763674363837, 1763674378002, 14165
pause-pod-2-83, 1763674363912, 1763674378157, 14245
pause-pod-2-84, 1763674363940, 1763674378311, 14371
pause-pod-2-85, 1763674363955, 1763674378465, 14510
pause-pod-2-86, 1763674363992, 1763674378618, 14626
pause-pod-2-87, 1763674364015, 1763674378772, 14757
pause-pod-2-88, 1763674364036, 1763674378926, 14890
pause-pod-2-89, 1763674364089, 1763674379080, 14991
pause-pod-2-90, 1763674364105, 1763674379233, 15128
pause-pod-2-91, 1763674364109, 1763674379386, 15277
pause-pod-2-92, 1763674364129, 1763674379541, 15412
pause-pod-2-93, 1763674364166, 1763674379694, 15528
pause-pod-2-94, 1763674364176, 1763674379849, 15673
pause-pod-2-95, 1763674364190, 1763674380003, 15813
pause-pod-2-96, 1763674364240, 1763674380158, 15918
pause-pod-2-97, 1763674364292, 1763674380312, 16020
pause-pod-2-98, 1763674364297, 1763674380466, 16169
pause-pod-2-99, 1763674364330, 1763674380620, 16290
pause-pod-2-100, 1763674364347, 1763674380775, 16428
pause-pod-3-1, 1763674448359, 1763674451235, 2876
pause-pod-3-2, 1763674448361, 1763674451436, 3075
pause-pod-3-3, 1763674448363, 1763674451632, 3269
pause-pod-3-4, 1763674448366, 1763674451805, 3439
pause-pod-3-5, 1763674448368, 1763674451962, 3594
pause-pod-3-6, 1763674448371, 1763674452119, 3748
pause-pod-3-7, 1763674448373, 1763674452280, 3907
pause-pod-3-8, 1763674448376, 1763674452440, 4064
pause-pod-3-9, 1763674448379, 1763674452598, 4219
pause-pod-3-10, 1763674448382, 1763674452755, 4373
pause-pod-3-11, 1763674448386, 1763674452910, 4524
pause-pod-3-12, 1763674448390, 1763674453065, 4675
pause-pod-3-13, 1763674448393, 1763674453221, 4828
pause-pod-3-14, 1763674448398, 1763674453378, 4980
pause-pod-3-15, 1763674448401, 1763674453533, 5132
pause-pod-3-16, 1763674448408, 1763674453689, 5281
pause-pod-3-17, 1763674448412, 1763674453849, 5437
pause-pod-3-18, 1763674448452, 1763674454004, 5552
pause-pod-3-19, 1763674448471, 1763674454159, 5688
pause-pod-3-20, 1763674448484, 1763674454316, 5832
pause-pod-3-21, 1763674448499, 1763674454472, 5973
pause-pod-3-22, 1763674448513, 1763674454628, 6115
pause-pod-3-23, 1763674448518, 1763674454783, 6265
pause-pod-3-24, 1763674448532, 1763674454939, 6407
pause-pod-3-25, 1763674448594, 1763674455095, 6501
pause-pod-3-26, 1763674448606, 1763674455251, 6645
pause-pod-3-27, 1763674448648, 1763674455406, 6758
pause-pod-3-28, 1763674448657, 1763674455562, 6905
pause-pod-3-29, 1763674448661, 1763674455718, 7057
pause-pod-3-30, 1763674448668, 1763674455874, 7206
pause-pod-3-31, 1763674448674, 1763674456028, 7354
pause-pod-3-32, 1763674448678, 1763674456184, 7506
pause-pod-3-33, 1763674448695, 1763674456339, 7644
pause-pod-3-34, 1763674448756, 1763674456495, 7739
pause-pod-3-35, 1763674448782, 1763674456650, 7868
pause-pod-3-36, 1763674448801, 1763674456805, 8004
pause-pod-3-37, 1763674448827, 1763674456961, 8134
pause-pod-3-38, 1763674448867, 1763674457115, 8248
pause-pod-3-39, 1763674448871, 1763674457271, 8400
pause-pod-3-40, 1763674448912, 1763674457426, 8514
pause-pod-3-41, 1763674448941, 1763674457581, 8640
pause-pod-3-42, 1763674448958, 1763674457736, 8778
pause-pod-3-43, 1763674448987, 1763674457891, 8904
pause-pod-3-44, 1763674449005, 1763674458047, 9042
pause-pod-3-45, 1763674449015, 1763674458204, 9189
pause-pod-3-46, 1763674449026, 1763674458359, 9333
pause-pod-3-47, 1763674449030, 1763674458514, 9484
pause-pod-3-48, 1763674449051, 1763674458670, 9619
pause-pod-3-49, 1763674449070, 1763674458824, 9754
pause-pod-3-50, 1763674449102, 1763674458979, 9877
pause-pod-3-51, 1763674449134, 1763674459134, 10000
pause-pod-3-52, 1763674449143, 1763674459288, 10145
pause-pod-3-53, 1763674449167, 1763674459442, 10275
pause-pod-3-54, 1763674449196, 1763674459597, 10401
pause-pod-3-55, 1763674449210, 1763674459752, 10542
pause-pod-3-56, 1763674449230, 1763674459907, 10677
pause-pod-3-57, 1763674449257, 1763674460062, 10805
pause-pod-3-58, 1763674449263, 1763674460218, 10955
pause-pod-3-59, 1763674449277, 1763674460374, 11097
pause-pod-3-60, 1763674449338, 1763674460529, 11191
pause-pod-3-61, 1763674449344, 1763674460684, 11340
pause-pod-3-62, 1763674449357, 1763674460840, 11483
pause-pod-3-63, 1763674449365, 1763674460995, 11630
pause-pod-3-64, 1763674449375, 1763674461150, 11775
pause-pod-3-65, 1763674449413, 1763674461304, 11891
pause-pod-3-66, 1763674449430, 1763674461459, 12029
pause-pod-3-67, 1763674449441, 1763674461615, 12174
pause-pod-3-68, 1763674449478, 1763674461770, 12292
pause-pod-3-69, 1763674449498, 1763674461924, 12426
pause-pod-3-70, 1763674449516, 1763674462079, 12563
pause-pod-3-71, 1763674449538, 1763674462235, 12697
pause-pod-3-72, 1763674449550, 1763674462389, 12839
pause-pod-3-73, 1763674449592, 1763674462543, 12951
pause-pod-3-74, 1763674449603, 1763674462699, 13096
pause-pod-3-75, 1763674449616, 1763674462854, 13238
pause-pod-3-76, 1763674449667, 1763674463010, 13343
pause-pod-3-77, 1763674449681, 1763674463165, 13484
pause-pod-3-78, 1763674449730, 1763674463320, 13590
pause-pod-3-79, 1763674449766, 1763674463476, 13710
pause-pod-3-80, 1763674449798, 1763674463629, 13831
pause-pod-3-81, 1763674449873, 1763674463783, 13910
pause-pod-3-82, 1763674449899, 1763674463937, 14038
pause-pod-3-83, 1763674449944, 1763674464090, 14146
pause-pod-3-84, 1763674450029, 1763674464245, 14216
pause-pod-3-85, 1763674450043, 1763674464399, 14356
pause-pod-3-86, 1763674450046, 1763674464555, 14509
pause-pod-3-87, 1763674450052, 1763674464709, 14657
pause-pod-3-88, 1763674450105, 1763674464865, 14760
pause-pod-3-89, 1763674450149, 1763674465020, 14871
pause-pod-3-90, 1763674450171, 1763674465176, 15005
pause-pod-3-91, 1763674450182, 1763674465331, 15149
pause-pod-3-92, 1763674450218, 1763674465486, 15268
pause-pod-3-93, 1763674450262, 1763674465640, 15378
pause-pod-3-94, 1763674450268, 1763674465795, 15527
pause-pod-3-95, 1763674450326, 1763674465951, 15625
pause-pod-3-96, 1763674450383, 1763674466106, 15723
pause-pod-3-97, 1763674450386, 1763674466261, 15875
pause-pod-3-98, 1763674450416, 1763674466416, 16000
pause-pod-3-99, 1763674450478, 1763674466571, 16093
pause-pod-3-100, 1763674450485, 1763674466726, 16241
pause-pod-4-1, 1763674534306, 1763674537017, 2711
pause-pod-4-2, 1763674534308, 1763674537229, 2921
pause-pod-4-3, 1763674534310, 1763674537416, 3106
pause-pod-4-4, 1763674534313, 1763674537597, 3284
pause-pod-4-5, 1763674534315, 1763674537774, 3459
pause-pod-4-6, 1763674534318, 1763674537936, 3618
pause-pod-4-7, 1763674534320, 1763674538093, 3773
pause-pod-4-8, 1763674534324, 1763674538250, 3926
pause-pod-4-9, 1763674534327, 1763674538405, 4078
pause-pod-4-10, 1763674534330, 1763674538567, 4237
pause-pod-4-11, 1763674534333, 1763674538723, 4390
pause-pod-4-12, 1763674534338, 1763674538879, 4541
pause-pod-4-13, 1763674534341, 1763674539034, 4693
pause-pod-4-14, 1763674534346, 1763674539189, 4843
pause-pod-4-15, 1763674534352, 1763674539345, 4993
pause-pod-4-16, 1763674534357, 1763674539501, 5144
pause-pod-4-17, 1763674534366, 1763674539657, 5291
pause-pod-4-18, 1763674534369, 1763674539813, 5444
pause-pod-4-19, 1763674534374, 1763674539968, 5594
pause-pod-4-20, 1763674534380, 1763674540124, 5744
pause-pod-4-21, 1763674534410, 1763674540279, 5869
pause-pod-4-22, 1763674534413, 1763674540434, 6021
pause-pod-4-23, 1763674534432, 1763674540591, 6159
pause-pod-4-24, 1763674534464, 1763674540749, 6285
pause-pod-4-25, 1763674534528, 1763674540905, 6377
pause-pod-4-26, 1763674534536, 1763674541060, 6524
pause-pod-4-27, 1763674534544, 1763674541217, 6673
pause-pod-4-28, 1763674534587, 1763674541372, 6785
pause-pod-4-29, 1763674534593, 1763674541527, 6934
pause-pod-4-30, 1763674534618, 1763674541683, 7065
pause-pod-4-31, 1763674534625, 1763674541838, 7213
pause-pod-4-32, 1763674534638, 1763674541995, 7357
pause-pod-4-33, 1763674534653, 1763674542150, 7497
pause-pod-4-34, 1763674534669, 1763674542305, 7636
pause-pod-4-35, 1763674534682, 1763674542461, 7779
pause-pod-4-36, 1763674534728, 1763674542617, 7889
pause-pod-4-37, 1763674534734, 1763674542772, 8038
pause-pod-4-38, 1763674534757, 1763674542927, 8170
pause-pod-4-39, 1763674534797, 1763674543083, 8286
pause-pod-4-40, 1763674534802, 1763674543239, 8437
pause-pod-4-41, 1763674534815, 1763674543393, 8578
pause-pod-4-42, 1763674534825, 1763674543549, 8724
pause-pod-4-43, 1763674534847, 1763674543705, 8858
pause-pod-4-44, 1763674534867, 1763674543861, 8994
pause-pod-4-45, 1763674534877, 1763674544017, 9140
pause-pod-4-46, 1763674534931, 1763674544174, 9243
pause-pod-4-47, 1763674535024, 1763674544330, 9306
pause-pod-4-48, 1763674535036, 1763674544484, 9448
pause-pod-4-49, 1763674535052, 1763674544639, 9587
pause-pod-4-50, 1763674535072, 1763674544795, 9723
pause-pod-4-51, 1763674535078, 1763674544950, 9872
pause-pod-4-52, 1763674535090, 1763674545105, 10015
pause-pod-4-53, 1763674535097, 1763674545261, 10164
pause-pod-4-54, 1763674535129, 1763674545416, 10287
pause-pod-4-55, 1763674535142, 1763674545571, 10429
pause-pod-4-56, 1763674535193, 1763674545726, 10533
pause-pod-4-57, 1763674535215, 1763674545891, 10676
pause-pod-4-58, 1763674535228, 1763674546045, 10817
pause-pod-4-59, 1763674535233, 1763674546200, 10967
pause-pod-4-60, 1763674535242, 1763674546356, 11114
pause-pod-4-61, 1763674535260, 1763674546511, 11251
pause-pod-4-62, 1763674535306, 1763674546667, 11361
pause-pod-4-63, 1763674535315, 1763674546823, 11508
pause-pod-4-64, 1763674535336, 1763674546978, 11642
pause-pod-4-65, 1763674535376, 1763674547133, 11757
pause-pod-4-66, 1763674535401, 1763674547289, 11888
pause-pod-4-67, 1763674535419, 1763674547444, 12025
pause-pod-4-68, 1763674535501, 1763674547601, 12100
pause-pod-4-69, 1763674535576, 1763674547756, 12180
pause-pod-4-70, 1763674535598, 1763674547912, 12314
pause-pod-4-71, 1763674535608, 1763674548067, 12459
pause-pod-4-72, 1763674535654, 1763674548223, 12569
pause-pod-4-73, 1763674535657, 1763674548379, 12722
pause-pod-4-74, 1763674535669, 1763674548535, 12866
pause-pod-4-75, 1763674535692, 1763674548692, 13000
pause-pod-4-76, 1763674535698, 1763674548847, 13149
pause-pod-4-77, 1763674535750, 1763674549003, 13253
pause-pod-4-78, 1763674535783, 1763674549158, 13375
pause-pod-4-79, 1763674535793, 1763674549313, 13520
pause-pod-4-80, 1763674535809, 1763674549469, 13660
pause-pod-4-81, 1763674535823, 1763674549624, 13801
pause-pod-4-82, 1763674535835, 1763674549779, 13944
pause-pod-4-83, 1763674535843, 1763674549934, 14091
pause-pod-4-84, 1763674535941, 1763674550090, 14149
pause-pod-4-85, 1763674535963, 1763674550246, 14283
pause-pod-4-86, 1763674535972, 1763674550402, 14430
pause-pod-4-87, 1763674536003, 1763674550558, 14555
pause-pod-4-88, 1763674536026, 1763674550713, 14687
pause-pod-4-89, 1763674536061, 1763674550868, 14807
pause-pod-4-90, 1763674536080, 1763674551024, 14944
pause-pod-4-91, 1763674536093, 1763674551181, 15088
pause-pod-4-92, 1763674536099, 1763674551336, 15237
pause-pod-4-93, 1763674536137, 1763674551492, 15355
pause-pod-4-94, 1763674536147, 1763674551648, 15501
pause-pod-4-95, 1763674536162, 1763674551803, 15641
pause-pod-4-96, 1763674536271, 1763674551958, 15687
pause-pod-4-97, 1763674536323, 1763674552114, 15791
pause-pod-4-98, 1763674536349, 1763674552269, 15920
pause-pod-4-99, 1763674536425, 1763674552425, 16000
pause-pod-4-100, 1763674536503, 1763674552580, 16077
pause-pod-5-1, 1763674620506, 1763674623237, 2731
pause-pod-5-2, 1763674620508, 1763674623450, 2942
pause-pod-5-3, 1763674620511, 1763674623637, 3126
pause-pod-5-4, 1763674620513, 1763674624450, 3937
pause-pod-5-5, 1763674620516, 1763674624616, 4100
pause-pod-5-6, 1763674620518, 1763674624773, 4255
pause-pod-5-7, 1763674620521, 1763674624931, 4410
pause-pod-5-8, 1763674620524, 1763674625088, 4564
pause-pod-5-9, 1763674620527, 1763674625265, 4738
pause-pod-5-10, 1763674620530, 1763674625422, 4892
pause-pod-5-11, 1763674620533, 1763674625579, 5046
pause-pod-5-12, 1763674620537, 1763674625736, 5199
pause-pod-5-13, 1763674620541, 1763674625893, 5352
pause-pod-5-14, 1763674620544, 1763674626050, 5506
pause-pod-5-15, 1763674620547, 1763674626208, 5661
pause-pod-5-16, 1763674620552, 1763674626364, 5812
pause-pod-5-17, 1763674620557, 1763674626521, 5964
pause-pod-5-18, 1763674620562, 1763674626678, 6116
pause-pod-5-19, 1763674620574, 1763674626834, 6260
pause-pod-5-20, 1763674620621, 1763674626992, 6371
pause-pod-5-21, 1763674620627, 1763674627149, 6522
pause-pod-5-22, 1763674620652, 1763674627307, 6655
pause-pod-5-23, 1763674620688, 1763674627464, 6776
pause-pod-5-24, 1763674620713, 1763674627622, 6909
pause-pod-5-25, 1763674620719, 1763674627779, 7060
pause-pod-5-26, 1763674620772, 1763674627937, 7165
pause-pod-5-27, 1763674620817, 1763674628095, 7278
pause-pod-5-28, 1763674620828, 1763674628253, 7425
pause-pod-5-29, 1763674620864, 1763674628411, 7547
pause-pod-5-30, 1763674620902, 1763674628571, 7669
pause-pod-5-31, 1763674620909, 1763674628730, 7821
pause-pod-5-32, 1763674620917, 1763674628889, 7972
pause-pod-5-33, 1763674620950, 1763674629047, 8097
pause-pod-5-34, 1763674620966, 1763674629204, 8238
pause-pod-5-35, 1763674620978, 1763674629363, 8385
pause-pod-5-36, 1763674620983, 1763674629519, 8536
pause-pod-5-37, 1763674620995, 1763674629676, 8681
pause-pod-5-38, 1763674621012, 1763674629833, 8821
pause-pod-5-39, 1763674621048, 1763674629991, 8943
pause-pod-5-40, 1763674621055, 1763674630148, 9093
pause-pod-5-41, 1763674621085, 1763674630306, 9221
pause-pod-5-42, 1763674621096, 1763674630464, 9368
pause-pod-5-43, 1763674621106, 1763674630621, 9515
pause-pod-5-44, 1763674621122, 1763674630779, 9657
pause-pod-5-45, 1763674621148, 1763674630936, 9788
pause-pod-5-46, 1763674621173, 1763674631092, 9919
pause-pod-5-47, 1763674621202, 1763674631250, 10048
pause-pod-5-48, 1763674621220, 1763674631408, 10188
pause-pod-5-49, 1763674621228, 1763674631566, 10338
pause-pod-5-50, 1763674621247, 1763674631723, 10476
pause-pod-5-51, 1763674621259, 1763674631881, 10622
pause-pod-5-52, 1763674621275, 1763674632038, 10763
pause-pod-5-53, 1763674621286, 1763674632195, 10909
pause-pod-5-54, 1763674621309, 1763674632353, 11044
pause-pod-5-55, 1763674621324, 1763674632511, 11187
pause-pod-5-56, 1763674621338, 1763674632668, 11330
pause-pod-5-57, 1763674621364, 1763674632824, 11460
pause-pod-5-58, 1763674621380, 1763674632982, 11602
pause-pod-5-59, 1763674621388, 1763674633140, 11752
pause-pod-5-60, 1763674621399, 1763674633306, 11907
pause-pod-5-61, 1763674621410, 1763674633464, 12054
pause-pod-5-62, 1763674621435, 1763674633621, 12186
pause-pod-5-63, 1763674621450, 1763674633780, 12330
pause-pod-5-64, 1763674621486, 1763674633937, 12451
pause-pod-5-65, 1763674621528, 1763674634094, 12566
pause-pod-5-66, 1763674621567, 1763674634252, 12685
pause-pod-5-67, 1763674621642, 1763674634410, 12768
pause-pod-5-68, 1763674621676, 1763674634567, 12891
pause-pod-5-69, 1763674621721, 1763674634725, 13004
pause-pod-5-70, 1763674621744, 1763674634882, 13138
pause-pod-5-71, 1763674621805, 1763674635040, 13235
pause-pod-5-72, 1763674621901, 1763674635196, 13295
pause-pod-5-73, 1763674621910, 1763674635353, 13443
pause-pod-5-74, 1763674621914, 1763674635510, 13596
pause-pod-5-75, 1763674621917, 1763674635668, 13751
pause-pod-5-76, 1763674621924, 1763674635840, 13916
pause-pod-5-77, 1763674621933, 1763674635998, 14065
pause-pod-5-78, 1763674621958, 1763674636155, 14197
pause-pod-5-79, 1763674621978, 1763674636312, 14334
pause-pod-5-80, 1763674621993, 1763674636469, 14476
pause-pod-5-81, 1763674622008, 1763674636626, 14618
pause-pod-5-82, 1763674622015, 1763674636784, 14769
pause-pod-5-83, 1763674622042, 1763674636941, 14899
pause-pod-5-84, 1763674622064, 1763674637099, 15035
pause-pod-5-85, 1763674622085, 1763674637257, 15172
pause-pod-5-86, 1763674622111, 1763674637415, 15304
pause-pod-5-87, 1763674622141, 1763674637571, 15430
pause-pod-5-88, 1763674622183, 1763674637729, 15546
pause-pod-5-89, 1763674622228, 1763674637886, 15658
pause-pod-5-90, 1763674622246, 1763674638042, 15796
pause-pod-5-91, 1763674622277, 1763674638200, 15923
pause-pod-5-92, 1763674622281, 1763674638357, 16076
pause-pod-5-93, 1763674622290, 1763674638514, 16224
pause-pod-5-94, 1763674622350, 1763674638673, 16323
pause-pod-5-95, 1763674622359, 1763674638830, 16471
pause-pod-5-96, 1763674622425, 1763674638987, 16562
pause-pod-5-97, 1763674622447, 1763674639144, 16697
pause-pod-5-98, 1763674622471, 1763674639301, 16830
pause-pod-5-99, 1763674622534, 1763674639458, 16924
pause-pod-5-100, 1763674622552, 1763674639615, 17063
pause-pod-6-1, 1763674707477, 1763674710290, 2813
pause-pod-6-2, 1763674707479, 1763674710503, 3024
pause-pod-6-3, 1763674707481, 1763674710702, 3221
pause-pod-6-4, 1763674707484, 1763674710874, 3390
pause-pod-6-5, 1763674707486, 1763674711036, 3550
pause-pod-6-6, 1763674707489, 1763674711197, 3708
pause-pod-6-7, 1763674707491, 1763674711360, 3869
pause-pod-6-8, 1763674707494, 1763674711518, 4024
pause-pod-6-9, 1763674707497, 1763674711676, 4179
pause-pod-6-10, 1763674707500, 1763674711834, 4334
pause-pod-6-11, 1763674707504, 1763674711991, 4487
pause-pod-6-12, 1763674707508, 1763674712150, 4642
pause-pod-6-13, 1763674707512, 1763674712310, 4798
pause-pod-6-14, 1763674707516, 1763674712467, 4951
pause-pod-6-15, 1763674707519, 1763674712624, 5105
pause-pod-6-16, 1763674707523, 1763674712780, 5257
pause-pod-6-17, 1763674707529, 1763674712936, 5407
pause-pod-6-18, 1763674707541, 1763674713093, 5552
pause-pod-6-19, 1763674707564, 1763674713250, 5686
pause-pod-6-20, 1763674707568, 1763674713407, 5839
pause-pod-6-21, 1763674707580, 1763674713563, 5983
pause-pod-6-22, 1763674707590, 1763674713720, 6130
pause-pod-6-23, 1763674707613, 1763674713877, 6264
pause-pod-6-24, 1763674707647, 1763674714034, 6387
pause-pod-6-25, 1763674707666, 1763674714192, 6526
pause-pod-6-26, 1763674707696, 1763674714348, 6652
pause-pod-6-27, 1763674707713, 1763674714505, 6792
pause-pod-6-28, 1763674707788, 1763674714661, 6873
pause-pod-6-29, 1763674707814, 1763674714817, 7003
pause-pod-6-30, 1763674707818, 1763674714974, 7156
pause-pod-6-31, 1763674707835, 1763674715131, 7296
pause-pod-6-32, 1763674707845, 1763674715289, 7444
pause-pod-6-33, 1763674707850, 1763674715445, 7595
pause-pod-6-34, 1763674707859, 1763674715602, 7743
pause-pod-6-35, 1763674707879, 1763674715758, 7879
pause-pod-6-36, 1763674707904, 1763674715915, 8011
pause-pod-6-37, 1763674707953, 1763674716071, 8118
pause-pod-6-38, 1763674707957, 1763674716228, 8271
pause-pod-6-39, 1763674707965, 1763674716384, 8419
pause-pod-6-40, 1763674707970, 1763674716541, 8571
pause-pod-6-41, 1763674707987, 1763674716699, 8712
pause-pod-6-42, 1763674708004, 1763674716855, 8851
pause-pod-6-43, 1763674708014, 1763674717011, 8997
pause-pod-6-44, 1763674708059, 1763674717168, 9109
pause-pod-6-45, 1763674708094, 1763674717325, 9231
pause-pod-6-46, 1763674708103, 1763674717482, 9379
pause-pod-6-47, 1763674708113, 1763674717639, 9526
pause-pod-6-48, 1763674708124, 1763674717795, 9671
pause-pod-6-49, 1763674708141, 1763674717953, 9812
pause-pod-6-50, 1763674708195, 1763674718111, 9916
pause-pod-6-51, 1763674708249, 1763674718267, 10018
pause-pod-6-52, 1763674708312, 1763674718424, 10112
pause-pod-6-53, 1763674708335, 1763674718585, 10250
pause-pod-6-54, 1763674708341, 1763674718744, 10403
pause-pod-6-55, 1763674708356, 1763674718901, 10545
pause-pod-6-56, 1763674708374, 1763674719063, 10689
pause-pod-6-57, 1763674708380, 1763674719220, 10840
pause-pod-6-58, 1763674708397, 1763674719377, 10980
pause-pod-6-59, 1763674708428, 1763674719533, 11105
pause-pod-6-60, 1763674708452, 1763674719689, 11237
pause-pod-6-61, 1763674708527, 1763674719847, 11320
pause-pod-6-62, 1763674708548, 1763674720003, 11455
pause-pod-6-63, 1763674708568, 1763674720160, 11592
pause-pod-6-64, 1763674708595, 1763674720317, 11722
pause-pod-6-65, 1763674708628, 1763674720472, 11844
pause-pod-6-66, 1763674708659, 1763674720628, 11969
pause-pod-6-67, 1763674708670, 1763674720787, 12117
pause-pod-6-68, 1763674708691, 1763674720944, 12253
pause-pod-6-69, 1763674708709, 1763674721100, 12391
pause-pod-6-70, 1763674708751, 1763674721256, 12505
pause-pod-6-71, 1763674708773, 1763674721412, 12639
pause-pod-6-72, 1763674708806, 1763674721569, 12763
pause-pod-6-73, 1763674708826, 1763674721726, 12900
pause-pod-6-74, 1763674708832, 1763674721882, 13050
pause-pod-6-75, 1763674708858, 1763674722039, 13181
pause-pod-6-76, 1763674708902, 1763674722197, 13295
pause-pod-6-77, 1763674708919, 1763674722353, 13434
pause-pod-6-78, 1763674708937, 1763674722510, 13573
pause-pod-6-79, 1763674708976, 1763674722667, 13691
pause-pod-6-80, 1763674708980, 1763674722823, 13843
pause-pod-6-81, 1763674708986, 1763674722979, 13993
pause-pod-6-82, 1763674709027, 1763674723136, 14109
pause-pod-6-83, 1763674709051, 1763674723295, 14244
pause-pod-6-84, 1763674709098, 1763674723450, 14352
pause-pod-6-85, 1763674709117, 1763674723606, 14489
pause-pod-6-86, 1763674709145, 1763674723762, 14617
pause-pod-6-87, 1763674709185, 1763674723918, 14733
pause-pod-6-88, 1763674709191, 1763674724074, 14883
pause-pod-6-89, 1763674709204, 1763674724235, 15031
pause-pod-6-90, 1763674709227, 1763674724391, 15164
pause-pod-6-91, 1763674709236, 1763674724547, 15311
pause-pod-6-92, 1763674709357, 1763674724704, 15347
pause-pod-6-93, 1763674709416, 1763674724861, 15445
pause-pod-6-94, 1763674709444, 1763674725018, 15574
pause-pod-6-95, 1763674709471, 1763674725174, 15703
pause-pod-6-96, 1763674709518, 1763674725331, 15813
pause-pod-6-97, 1763674709551, 1763674725487, 15936
pause-pod-6-98, 1763674709559, 1763674725644, 16085
pause-pod-6-99, 1763674709593, 1763674725832, 16239
pause-pod-6-100, 1763674709635, 1763674725988, 16353
