Pod Name, Delete Start Timestamp, Deleted Confirmed Timestamp, Delete Latency (milliseconds)
pause-pod-1-1, 1763674294710, 1763674296201, 1491
pause-pod-1-2, 1763674294712, 1763674296400, 1688
pause-pod-1-3, 1763674294713, 1763674296461, 1748
pause-pod-1-4, 1763674294715, 1763674296551, 1836
pause-pod-1-5, 1763674294717, 1763674296611, 1894
pause-pod-1-6, 1763674294718, 1763674296696, 1978
pause-pod-1-7, 1763674294720, 1763674296755, 2035
pause-pod-1-8, 1763674294722, 1763674296818, 2096
pause-pod-1-9, 1763674294724, 1763674297394, 2670
pause-pod-1-10, 1763674294726, 1763674297453, 2727
pause-pod-1-11, 1763674294729, 1763674297512, 2783
pause-pod-1-12, 1763674294731, 1763674297569, 2838
pause-pod-1-13, 1763674294741, 1763674297630, 2889
pause-pod-1-14, 1763674294744, 1763674297684, 2940
pause-pod-1-15, 1763674294754, 1763674297739, 2985
pause-pod-1-16, 1763674294769, 1763674297795, 3026
pause-pod-1-17, 1763674294778, 1763674297848, 3070
pause-pod-1-18, 1763674294784, 1763674297903, 3119
pause-pod-1-19, 1763674294787, 1763674297959, 3172
pause-pod-1-20, 1763674294808, 1763674298013, 3205
pause-pod-1-21, 1763674294817, 1763674298067, 3250
pause-pod-1-22, 1763674294828, 1763674298122, 3294
pause-pod-1-23, 1763674294831, 1763674298177, 3346
pause-pod-1-24, 1763674294854, 1763674298235, 3381
pause-pod-1-25, 1763674294862, 1763674298288, 3426
pause-pod-1-26, 1763674294869, 1763674298341, 3472
pause-pod-1-27, 1763674294883, 1763674298395, 3512
pause-pod-1-28, 1763674294893, 1763674298449, 3556
pause-pod-1-29, 1763674294900, 1763674298505, 3605
pause-pod-1-30, 1763674294904, 1763674298559, 3655
pause-pod-1-31, 1763674294909, 1763674298614, 3705
pause-pod-1-32, 1763674294920, 1763674298669, 3749
pause-pod-1-33, 1763674294935, 1763674298723, 3788
pause-pod-1-34, 1763674294941, 1763674298776, 3835
pause-pod-1-35, 1763674294947, 1763674298829, 3882
pause-pod-1-36, 1763674294952, 1763674298883, 3931
pause-pod-1-37, 1763674294991, 1763674298937, 3946
pause-pod-1-38, 1763674294998, 1763674298991, 3993
pause-pod-1-39, 1763674295011, 1763674299046, 4035
pause-pod-1-40, 1763674295039, 1763674299100, 4061
pause-pod-1-41, 1763674295048, 1763674299153, 4105
pause-pod-1-42, 1763674295052, 1763674299207, 4155
pause-pod-1-43, 1763674295092, 1763674299261, 4169
pause-pod-1-44, 1763674295099, 1763674299315, 4216
pause-pod-1-45, 1763674295103, 1763674299369, 4266
pause-pod-1-46, 1763674295108, 1763674299422, 4314
pause-pod-1-47, 1763674295112, 1763674299476, 4364
pause-pod-1-48, 1763674295154, 1763674299530, 4376
pause-pod-1-49, 1763674295166, 1763674299584, 4418
pause-pod-1-50, 1763674295173, 1763674299638, 4465
pause-pod-1-51, 1763674295176, 1763674299692, 4516
pause-pod-1-52, 1763674295181, 1763674299749, 4568
pause-pod-1-53, 1763674295184, 1763674299804, 4620
pause-pod-1-54, 1763674295194, 1763674299857, 4663
pause-pod-1-55, 1763674295198, 1763674299911, 4713
pause-pod-1-56, 1763674295210, 1763674299965, 4755
pause-pod-1-57, 1763674295215, 1763674300019, 4804
pause-pod-1-58, 1763674295236, 1763674300072, 4836
pause-pod-1-59, 1763674295241, 1763674300126, 4885
pause-pod-1-60, 1763674295264, 1763674300179, 4915
pause-pod-1-61, 1763674295272, 1763674300234, 4962
pause-pod-1-62, 1763674295290, 1763674300288, 4998
pause-pod-1-63, 1763674295297, 1763674300341, 5044
pause-pod-1-64, 1763674295309, 1763674300396, 5087
pause-pod-1-65, 1763674295337, 1763674300449, 5112
pause-pod-1-66, 1763674295362, 1763674300503, 5141
pause-pod-1-67, 1763674295370, 1763674300557, 5187
pause-pod-1-68, 1763674295383, 1763674300612, 5229
pause-pod-1-69, 1763674295404, 1763674300667, 5263
pause-pod-1-70, 1763674295408, 1763674300721, 5313
pause-pod-1-71, 1763674295427, 1763674300774, 5347
pause-pod-1-72, 1763674295438, 1763674300829, 5391
pause-pod-1-73, 1763674295462, 1763674300882, 5420
pause-pod-1-74, 1763674295473, 1763674300935, 5462
pause-pod-1-75, 1763674295479, 1763674300989, 5510
pause-pod-1-76, 1763674295501, 1763674301042, 5541
pause-pod-1-77, 1763674295504, 1763674301097, 5593
pause-pod-1-78, 1763674295526, 1763674301152, 5626
pause-pod-1-79, 1763674295548, 1763674301206, 5658
pause-pod-1-80, 1763674295610, 1763674301260, 5650
pause-pod-1-81, 1763674295625, 1763674301313, 5688
pause-pod-1-82, 1763674295637, 1763674301367, 5730
pause-pod-1-83, 1763674295650, 1763674301421, 5771
pause-pod-1-84, 1763674295679, 1763674301475, 5796
pause-pod-1-85, 1763674295687, 1763674301529, 5842
pause-pod-1-86, 1763674295708, 1763674301582, 5874
pause-pod-1-87, 1763674295721, 1763674301636, 5915
pause-pod-1-88, 1763674295733, 1763674301690, 5957
pause-pod-1-89, 1763674295751, 1763674301744, 5993
pause-pod-1-90, 1763674295755, 1763674301799, 6044
pause-pod-1-91, 1763674295813, 1763674301854, 6041
pause-pod-1-92, 1763674295848, 1763674301908, 6060
pause-pod-1-93, 1763674295851, 1763674301962, 6111
pause-pod-1-94, 1763674295856, 1763674302016, 6160
pause-pod-1-95, 1763674295860, 1763674302072, 6212
pause-pod-1-96, 1763674295875, 1763674302126, 6251
pause-pod-1-97, 1763674295880, 1763674302182, 6302
pause-pod-1-98, 1763674295884, 1763674302235, 6351
pause-pod-1-99, 1763674295888, 1763674302292, 6404
pause-pod-1-100, 1763674295891, 1763674302347, 6456
pause-pod-2-1, 1763674380924, 1763674382898, 1974
pause-pod-2-2, 1763674380926, 1763674382979, 2053
pause-pod-2-3, 1763674380928, 1763674383047, 2119
pause-pod-2-4, 1763674380930, 1763674383113, 2183
pause-pod-2-5, 1763674380932, 1763674383179, 2247
pause-pod-2-6, 1763674380934, 1763674383243, 2309
pause-pod-2-7, 1763674380937, 1763674383303, 2366
pause-pod-2-8, 1763674380939, 1763674383363, 2424
pause-pod-2-9, 1763674380942, 1763674383430, 2488
pause-pod-2-10, 1763674380945, 1763674383491, 2546
pause-pod-2-11, 1763674380947, 1763674383549, 2602
pause-pod-2-12, 1763674380950, 1763674383605, 2655
pause-pod-2-13, 1763674380953, 1763674383659, 2706
pause-pod-2-14, 1763674380956, 1763674383712, 2756
pause-pod-2-15, 1763674380959, 1763674383765, 2806
pause-pod-2-16, 1763674380972, 1763674383831, 2859
pause-pod-2-17, 1763674380975, 1763674383889, 2914
pause-pod-2-18, 1763674380978, 1763674383949, 2971
pause-pod-2-19, 1763674380981, 1763674384005, 3024
pause-pod-2-20, 1763674380988, 1763674384060, 3072
pause-pod-2-21, 1763674381017, 1763674384116, 3099
pause-pod-2-22, 1763674381037, 1763674384169, 3132
pause-pod-2-23, 1763674381055, 1763674384222, 3167
pause-pod-2-24, 1763674381068, 1763674384274, 3206
pause-pod-2-25, 1763674381079, 1763674384327, 3248
pause-pod-2-26, 1763674381085, 1763674384380, 3295
pause-pod-2-27, 1763674381106, 1763674384433, 3327
pause-pod-2-28, 1763674381126, 1763674384486, 3360
pause-pod-2-29, 1763674381144, 1763674384538, 3394
pause-pod-2-30, 1763674381147, 1763674384591, 3444
pause-pod-2-31, 1763674381157, 1763674384643, 3486
pause-pod-2-32, 1763674381160, 1763674384695, 3535
pause-pod-2-33, 1763674381165, 1763674384748, 3583
pause-pod-2-34, 1763674381170, 1763674384802, 3632
pause-pod-2-35, 1763674381174, 1763674384855, 3681
pause-pod-2-36, 1763674381181, 1763674384907, 3726
pause-pod-2-37, 1763674381197, 1763674384959, 3762
pause-pod-2-38, 1763674381209, 1763674385012, 3803
pause-pod-2-39, 1763674381242, 1763674385065, 3823
pause-pod-2-40, 1763674381257, 1763674385127, 3870
pause-pod-2-41, 1763674381268, 1763674385180, 3912
pause-pod-2-42, 1763674381273, 1763674385233, 3960
pause-pod-2-43, 1763674381288, 1763674385286, 3998
pause-pod-2-44, 1763674381294, 1763674385340, 4046
pause-pod-2-45, 1763674381302, 1763674385392, 4090
pause-pod-2-46, 1763674381307, 1763674385445, 4138
pause-pod-2-47, 1763674381328, 1763674385497, 4169
pause-pod-2-48, 1763674381333, 1763674385549, 4216
pause-pod-2-49, 1763674381339, 1763674385601, 4262
pause-pod-2-50, 1763674381343, 1763674385653, 4310
pause-pod-2-51, 1763674381348, 1763674385708, 4360
pause-pod-2-52, 1763674381353, 1763674385760, 4407
pause-pod-2-53, 1763674381369, 1763674385813, 4444
pause-pod-2-54, 1763674381377, 1763674385866, 4489
pause-pod-2-55, 1763674381380, 1763674385918, 4538
pause-pod-2-56, 1763674381394, 1763674385970, 4576
pause-pod-2-57, 1763674381413, 1763674386022, 4609
pause-pod-2-58, 1763674381419, 1763674386102, 4683
pause-pod-2-59, 1763674381436, 1763674386155, 4719
pause-pod-2-60, 1763674381441, 1763674386208, 4767
pause-pod-2-61, 1763674381448, 1763674386260, 4812
pause-pod-2-62, 1763674381462, 1763674386312, 4850
pause-pod-2-63, 1763674381485, 1763674386370, 4885
pause-pod-2-64, 1763674381528, 1763674386423, 4895
pause-pod-2-65, 1763674381554, 1763674386477, 4923
pause-pod-2-66, 1763674381570, 1763674386529, 4959
pause-pod-2-67, 1763674381599, 1763674386582, 4983
pause-pod-2-68, 1763674381609, 1763674386634, 5025
pause-pod-2-69, 1763674381621, 1763674386686, 5065
pause-pod-2-70, 1763674381636, 1763674386739, 5103
pause-pod-2-71, 1763674381649, 1763674386792, 5143
pause-pod-2-72, 1763674381662, 1763674386846, 5184
pause-pod-2-73, 1763674381672, 1763674386898, 5226
pause-pod-2-74, 1763674381685, 1763674386950, 5265
pause-pod-2-75, 1763674381720, 1763674387003, 5283
pause-pod-2-76, 1763674381739, 1763674387056, 5317
pause-pod-2-77, 1763674381755, 1763674387110, 5355
pause-pod-2-78, 1763674381762, 1763674387164, 5402
pause-pod-2-79, 1763674381793, 1763674387217, 5424
pause-pod-2-80, 1763674381800, 1763674387269, 5469
pause-pod-2-81, 1763674381809, 1763674387322, 5513
pause-pod-2-82, 1763674381829, 1763674387377, 5548
pause-pod-2-83, 1763674381843, 1763674387429, 5586
pause-pod-2-84, 1763674381865, 1763674387482, 5617
pause-pod-2-85, 1763674381887, 1763674387535, 5648
pause-pod-2-86, 1763674381899, 1763674387587, 5688
pause-pod-2-87, 1763674381904, 1763674387640, 5736
pause-pod-2-88, 1763674381911, 1763674387692, 5781
pause-pod-2-89, 1763674381930, 1763674387745, 5815
pause-pod-2-90, 1763674381946, 1763674387798, 5852
pause-pod-2-91, 1763674381951, 1763674387849, 5898
pause-pod-2-92, 1763674381961, 1763674387905, 5944
pause-pod-2-93, 1763674381972, 1763674387959, 5987
pause-pod-2-94, 1763674381998, 1763674388013, 6015
pause-pod-2-95, 1763674382004, 1763674388068, 6064
pause-pod-2-96, 1763674382041, 1763674388123, 6082
pause-pod-2-97, 1763674382054, 1763674388183, 6129
pause-pod-2-98, 1763674382062, 1763674388236, 6174
pause-pod-2-99, 1763674382074, 1763674388289, 6215
pause-pod-2-100, 1763674382090, 1763674388342, 6252
pause-pod-3-1, 1763674466881, 1763674468385, 1504
pause-pod-3-2, 1763674466883, 1763674468474, 1591
pause-pod-3-3, 1763674466886, 1763674468576, 1690
pause-pod-3-4, 1763674466888, 1763674468660, 1772
pause-pod-3-5, 1763674466890, 1763674468736, 1846
pause-pod-3-6, 1763674466893, 1763674468806, 1913
pause-pod-3-7, 1763674466895, 1763674468882, 1987
pause-pod-3-8, 1763674466898, 1763674468948, 2050
pause-pod-3-9, 1763674466902, 1763674469013, 2111
pause-pod-3-10, 1763674466912, 1763674469076, 2164
pause-pod-3-11, 1763674466915, 1763674469143, 2228
pause-pod-3-12, 1763674466918, 1763674469200, 2282
pause-pod-3-13, 1763674466921, 1763674469259, 2338
pause-pod-3-14, 1763674466924, 1763674469329, 2405
pause-pod-3-15, 1763674466927, 1763674469393, 2466
pause-pod-3-16, 1763674466929, 1763674469598, 2669
pause-pod-3-17, 1763674466936, 1763674469826, 2890
pause-pod-3-18, 1763674466941, 1763674469883, 2942
pause-pod-3-19, 1763674466952, 1763674469936, 2984
pause-pod-3-20, 1763674466956, 1763674469990, 3034
pause-pod-3-21, 1763674466959, 1763674470044, 3085
pause-pod-3-22, 1763674466998, 1763674470098, 3100
pause-pod-3-23, 1763674467020, 1763674470151, 3131
pause-pod-3-24, 1763674467035, 1763674470205, 3170
pause-pod-3-25, 1763674467042, 1763674470258, 3216
pause-pod-3-26, 1763674467054, 1763674470312, 3258
pause-pod-3-27, 1763674467066, 1763674470373, 3307
pause-pod-3-28, 1763674467070, 1763674470428, 3358
pause-pod-3-29, 1763674467076, 1763674470482, 3406
pause-pod-3-30, 1763674467095, 1763674470536, 3441
pause-pod-3-31, 1763674467106, 1763674470590, 3484
pause-pod-3-32, 1763674467118, 1763674470643, 3525
pause-pod-3-33, 1763674467124, 1763674470697, 3573
pause-pod-3-34, 1763674467129, 1763674470751, 3622
pause-pod-3-35, 1763674467136, 1763674470804, 3668
pause-pod-3-36, 1763674467148, 1763674470857, 3709
pause-pod-3-37, 1763674467165, 1763674470911, 3746
pause-pod-3-38, 1763674467176, 1763674470965, 3789
pause-pod-3-39, 1763674467193, 1763674471018, 3825
pause-pod-3-40, 1763674467219, 1763674471072, 3853
pause-pod-3-41, 1763674467224, 1763674471125, 3901
pause-pod-3-42, 1763674467246, 1763674471180, 3934
pause-pod-3-43, 1763674467256, 1763674471233, 3977
pause-pod-3-44, 1763674467264, 1763674471289, 4025
pause-pod-3-45, 1763674467274, 1763674471343, 4069
pause-pod-3-46, 1763674467279, 1763674471397, 4118
pause-pod-3-47, 1763674467314, 1763674471451, 4137
pause-pod-3-48, 1763674467321, 1763674471504, 4183
pause-pod-3-49, 1763674467329, 1763674471558, 4229
pause-pod-3-50, 1763674467338, 1763674471611, 4273
pause-pod-3-51, 1763674467342, 1763674471664, 4322
pause-pod-3-52, 1763674467352, 1763674471718, 4366
pause-pod-3-53, 1763674467394, 1763674471771, 4377
pause-pod-3-54, 1763674467398, 1763674471825, 4427
pause-pod-3-55, 1763674467402, 1763674471879, 4477
pause-pod-3-56, 1763674467417, 1763674471932, 4515
pause-pod-3-57, 1763674467449, 1763674471985, 4536
pause-pod-3-58, 1763674467474, 1763674472039, 4565
pause-pod-3-59, 1763674467483, 1763674472093, 4610
pause-pod-3-60, 1763674467489, 1763674472147, 4658
pause-pod-3-61, 1763674467506, 1763674472201, 4695
pause-pod-3-62, 1763674467526, 1763674472254, 4728
pause-pod-3-63, 1763674467559, 1763674472308, 4749
pause-pod-3-64, 1763674467563, 1763674472361, 4798
pause-pod-3-65, 1763674467570, 1763674472415, 4845
pause-pod-3-66, 1763674467575, 1763674472468, 4893
pause-pod-3-67, 1763674467580, 1763674472520, 4940
pause-pod-3-68, 1763674467595, 1763674472573, 4978
pause-pod-3-69, 1763674467612, 1763674472626, 5014
pause-pod-3-70, 1763674467617, 1763674472678, 5061
pause-pod-3-71, 1763674467622, 1763674472730, 5108
pause-pod-3-72, 1763674467626, 1763674472784, 5158
pause-pod-3-73, 1763674467645, 1763674472837, 5192
pause-pod-3-74, 1763674467675, 1763674472891, 5216
pause-pod-3-75, 1763674467683, 1763674472945, 5262
pause-pod-3-76, 1763674467715, 1763674472998, 5283
pause-pod-3-77, 1763674467719, 1763674473051, 5332
pause-pod-3-78, 1763674467723, 1763674473105, 5382
pause-pod-3-79, 1763674467732, 1763674473158, 5426
pause-pod-3-80, 1763674467739, 1763674473213, 5474
pause-pod-3-81, 1763674467748, 1763674473266, 5518
pause-pod-3-82, 1763674467757, 1763674473321, 5564
pause-pod-3-83, 1763674467792, 1763674473375, 5583
pause-pod-3-84, 1763674467841, 1763674473428, 5587
pause-pod-3-85, 1763674467848, 1763674473482, 5634
pause-pod-3-86, 1763674467856, 1763674473536, 5680
pause-pod-3-87, 1763674467870, 1763674473590, 5720
pause-pod-3-88, 1763674467887, 1763674473643, 5756
pause-pod-3-89, 1763674467896, 1763674473698, 5802
pause-pod-3-90, 1763674467911, 1763674473752, 5841
pause-pod-3-91, 1763674467978, 1763674473806, 5828
pause-pod-3-92, 1763674467988, 1763674473860, 5872
pause-pod-3-93, 1763674467993, 1763674473916, 5923
pause-pod-3-94, 1763674468002, 1763674473969, 5967
pause-pod-3-95, 1763674468006, 1763674474023, 6017
pause-pod-3-96, 1763674468010, 1763674474076, 6066
pause-pod-3-97, 1763674468038, 1763674474129, 6091
pause-pod-3-98, 1763674468063, 1763674474183, 6120
pause-pod-3-99, 1763674468080, 1763674474236, 6156
pause-pod-3-100, 1763674468101, 1763674474289, 6188
pause-pod-4-1, 1763674552735, 1763674554201, 1466
pause-pod-4-2, 1763674552736, 1763674554282, 1546
pause-pod-4-3, 1763674552738, 1763674555134, 2396
pause-pod-4-4, 1763674552740, 1763674555202, 2462
pause-pod-4-5, 1763674552741, 1763674555271, 2530
pause-pod-4-6, 1763674552743, 1763674555340, 2597
pause-pod-4-7, 1763674552745, 1763674555402, 2657
pause-pod-4-8, 1763674552747, 1763674555460, 2713
pause-pod-4-9, 1763674552749, 1763674555517, 2768
pause-pod-4-10, 1763674552751, 1763674555572, 2821
pause-pod-4-11, 1763674552754, 1763674555626, 2872
pause-pod-4-12, 1763674552756, 1763674555684, 2928
pause-pod-4-13, 1763674552758, 1763674555740, 2982
pause-pod-4-14, 1763674552761, 1763674555795, 3034
pause-pod-4-15, 1763674552765, 1763674555850, 3085
pause-pod-4-16, 1763674552775, 1763674555905, 3130
pause-pod-4-17, 1763674552778, 1763674555959, 3181
pause-pod-4-18, 1763674552792, 1763674556013, 3221
pause-pod-4-19, 1763674552795, 1763674556070, 3275
pause-pod-4-20, 1763674552808, 1763674556130, 3322
pause-pod-4-21, 1763674552810, 1763674556187, 3377
pause-pod-4-22, 1763674552820, 1763674556242, 3422
pause-pod-4-23, 1763674552822, 1763674556296, 3474
pause-pod-4-24, 1763674552833, 1763674556350, 3517
pause-pod-4-25, 1763674552838, 1763674556405, 3567
pause-pod-4-26, 1763674552853, 1763674556458, 3605
pause-pod-4-27, 1763674552867, 1763674556512, 3645
pause-pod-4-28, 1763674552887, 1763674556565, 3678
pause-pod-4-29, 1763674552894, 1763674556619, 3725
pause-pod-4-30, 1763674552926, 1763674556673, 3747
pause-pod-4-31, 1763674552931, 1763674556727, 3796
pause-pod-4-32, 1763674552940, 1763674556780, 3840
pause-pod-4-33, 1763674552965, 1763674556832, 3867
pause-pod-4-34, 1763674552969, 1763674556888, 3919
pause-pod-4-35, 1763674552973, 1763674556942, 3969
pause-pod-4-36, 1763674552976, 1763674556996, 4020
pause-pod-4-37, 1763674552980, 1763674557049, 4069
pause-pod-4-38, 1763674552992, 1763674557102, 4110
pause-pod-4-39, 1763674553000, 1763674557156, 4156
pause-pod-4-40, 1763674553009, 1763674557210, 4201
pause-pod-4-41, 1763674553017, 1763674557264, 4247
pause-pod-4-42, 1763674553054, 1763674557318, 4264
pause-pod-4-43, 1763674553067, 1763674557371, 4304
pause-pod-4-44, 1763674553075, 1763674557425, 4350
pause-pod-4-45, 1763674553082, 1763674557479, 4397
pause-pod-4-46, 1763674553101, 1763674557534, 4433
pause-pod-4-47, 1763674553116, 1763674557588, 4472
pause-pod-4-48, 1763674553137, 1763674557642, 4505
pause-pod-4-49, 1763674553153, 1763674557696, 4543
pause-pod-4-50, 1763674553184, 1763674557750, 4566
pause-pod-4-51, 1763674553195, 1763674557833, 4638
pause-pod-4-52, 1763674553216, 1763674557888, 4672
pause-pod-4-53, 1763674553238, 1763674557943, 4705
pause-pod-4-54, 1763674553243, 1763674557996, 4753
pause-pod-4-55, 1763674553249, 1763674558051, 4802
pause-pod-4-56, 1763674553256, 1763674558107, 4851
pause-pod-4-57, 1763674553260, 1763674558163, 4903
pause-pod-4-58, 1763674553267, 1763674558216, 4949
pause-pod-4-59, 1763674553279, 1763674558272, 4993
pause-pod-4-60, 1763674553290, 1763674558325, 5035
pause-pod-4-61, 1763674553302, 1763674558379, 5077
pause-pod-4-62, 1763674553317, 1763674558433, 5116
pause-pod-4-63, 1763674553336, 1763674558488, 5152
pause-pod-4-64, 1763674553342, 1763674558542, 5200
pause-pod-4-65, 1763674553353, 1763674558599, 5246
pause-pod-4-66, 1763674553359, 1763674558654, 5295
pause-pod-4-67, 1763674553370, 1763674558710, 5340
pause-pod-4-68, 1763674553376, 1763674558764, 5388
pause-pod-4-69, 1763674553395, 1763674558818, 5423
pause-pod-4-70, 1763674553418, 1763674558872, 5454
pause-pod-4-71, 1763674553425, 1763674558927, 5502
pause-pod-4-72, 1763674553439, 1763674558980, 5541
pause-pod-4-73, 1763674553462, 1763674559034, 5572
pause-pod-4-74, 1763674553466, 1763674559088, 5622
pause-pod-4-75, 1763674553474, 1763674559143, 5669
pause-pod-4-76, 1763674553485, 1763674559197, 5712
pause-pod-4-77, 1763674553500, 1763674559251, 5751
pause-pod-4-78, 1763674553509, 1763674559303, 5794
pause-pod-4-79, 1763674553519, 1763674559356, 5837
pause-pod-4-80, 1763674553524, 1763674559409, 5885
pause-pod-4-81, 1763674553527, 1763674559463, 5936
pause-pod-4-82, 1763674553591, 1763674559515, 5924
pause-pod-4-83, 1763674553610, 1763674559570, 5960
pause-pod-4-84, 1763674553618, 1763674559624, 6006
pause-pod-4-85, 1763674553628, 1763674559678, 6050
pause-pod-4-86, 1763674553684, 1763674559732, 6048
pause-pod-4-87, 1763674553695, 1763674559786, 6091
pause-pod-4-88, 1763674553717, 1763674559840, 6123
pause-pod-4-89, 1763674553765, 1763674559894, 6129
pause-pod-4-90, 1763674553782, 1763674559948, 6166
pause-pod-4-91, 1763674553809, 1763674560001, 6192
pause-pod-4-92, 1763674553813, 1763674560056, 6243
pause-pod-4-93, 1763674553817, 1763674560110, 6293
pause-pod-4-94, 1763674553827, 1763674560165, 6338
pause-pod-4-95, 1763674553833, 1763674560219, 6386
pause-pod-4-96, 1763674553852, 1763674560272, 6420
pause-pod-4-97, 1763674553884, 1763674560327, 6443
pause-pod-4-98, 1763674553892, 1763674560381, 6489
pause-pod-4-99, 1763674553900, 1763674560436, 6536
pause-pod-4-100, 1763674553905, 1763674560489, 6584
pause-pod-5-1, 1763674639774, 1763674641276, 1502
pause-pod-5-2, 1763674639776, 1763674641595, 1819
pause-pod-5-3, 1763674639777, 1763674641803, 2026
pause-pod-5-4, 1763674639779, 1763674641882, 2103
pause-pod-5-5, 1763674639781, 1763674641955, 2174
pause-pod-5-6, 1763674639783, 1763674642023, 2240
pause-pod-5-7, 1763674639785, 1763674642089, 2304
pause-pod-5-8, 1763674639787, 1763674642151, 2364
pause-pod-5-9, 1763674639789, 1763674642210, 2421
pause-pod-5-10, 1763674639792, 1763674642269, 2477
pause-pod-5-11, 1763674639794, 1763674642329, 2535
pause-pod-5-12, 1763674639797, 1763674642388, 2591
pause-pod-5-13, 1763674639799, 1763674642447, 2648
pause-pod-5-14, 1763674639802, 1763674642509, 2707
pause-pod-5-15, 1763674639805, 1763674642568, 2763
pause-pod-5-16, 1763674639809, 1763674642629, 2820
pause-pod-5-17, 1763674639812, 1763674642696, 2884
pause-pod-5-18, 1763674639814, 1763674642761, 2947
pause-pod-5-19, 1763674639837, 1763674642822, 2985
pause-pod-5-20, 1763674639840, 1763674642880, 3040
pause-pod-5-21, 1763674639850, 1763674642935, 3085
pause-pod-5-22, 1763674639853, 1763674642991, 3138
pause-pod-5-23, 1763674639881, 1763674643047, 3166
pause-pod-5-24, 1763674639897, 1763674643103, 3206
pause-pod-5-25, 1763674639909, 1763674643159, 3250
pause-pod-5-26, 1763674639932, 1763674643215, 3283
pause-pod-5-27, 1763674639939, 1763674643271, 3332
pause-pod-5-28, 1763674639969, 1763674643326, 3357
pause-pod-5-29, 1763674639976, 1763674643380, 3404
pause-pod-5-30, 1763674639980, 1763674643436, 3456
pause-pod-5-31, 1763674639984, 1763674643493, 3509
pause-pod-5-32, 1763674639991, 1763674643548, 3557
pause-pod-5-33, 1763674640003, 1763674643604, 3601
pause-pod-5-34, 1763674640012, 1763674643662, 3650
pause-pod-5-35, 1763674640018, 1763674643717, 3699
pause-pod-5-36, 1763674640033, 1763674643772, 3739
pause-pod-5-37, 1763674640049, 1763674643828, 3779
pause-pod-5-38, 1763674640056, 1763674643883, 3827
pause-pod-5-39, 1763674640071, 1763674643938, 3867
pause-pod-5-40, 1763674640075, 1763674643993, 3918
pause-pod-5-41, 1763674640097, 1763674644048, 3951
pause-pod-5-42, 1763674640108, 1763674644104, 3996
pause-pod-5-43, 1763674640112, 1763674644160, 4048
pause-pod-5-44, 1763674640128, 1763674644216, 4088
pause-pod-5-45, 1763674640132, 1763674644275, 4143
pause-pod-5-46, 1763674640151, 1763674644332, 4181
pause-pod-5-47, 1763674640173, 1763674644390, 4217
pause-pod-5-48, 1763674640196, 1763674644448, 4252
pause-pod-5-49, 1763674640205, 1763674644507, 4302
pause-pod-5-50, 1763674640217, 1763674644565, 4348
pause-pod-5-51, 1763674640243, 1763674644622, 4379
pause-pod-5-52, 1763674640247, 1763674644683, 4436
pause-pod-5-53, 1763674640262, 1763674644741, 4479
pause-pod-5-54, 1763674640266, 1763674644800, 4534
pause-pod-5-55, 1763674640278, 1763674644858, 4580
pause-pod-5-56, 1763674640289, 1763674644917, 4628
pause-pod-5-57, 1763674640295, 1763674644974, 4679
pause-pod-5-58, 1763674640300, 1763674645033, 4733
pause-pod-5-59, 1763674640306, 1763674645092, 4786
pause-pod-5-60, 1763674640313, 1763674645151, 4838
pause-pod-5-61, 1763674640320, 1763674645208, 4888
pause-pod-5-62, 1763674640357, 1763674645268, 4911
pause-pod-5-63, 1763674640369, 1763674645325, 4956
pause-pod-5-64, 1763674640380, 1763674645382, 5002
pause-pod-5-65, 1763674640390, 1763674645442, 5052
pause-pod-5-66, 1763674640437, 1763674645499, 5062
pause-pod-5-67, 1763674640455, 1763674645557, 5102
pause-pod-5-68, 1763674640461, 1763674645614, 5153
pause-pod-5-69, 1763674640504, 1763674645674, 5170
pause-pod-5-70, 1763674640517, 1763674645731, 5214
pause-pod-5-71, 1763674640543, 1763674645796, 5253
pause-pod-5-72, 1763674640552, 1763674645854, 5302
pause-pod-5-73, 1763674640560, 1763674645912, 5352
pause-pod-5-74, 1763674640586, 1763674645971, 5385
pause-pod-5-75, 1763674640604, 1763674646032, 5428
pause-pod-5-76, 1763674640613, 1763674646090, 5477
pause-pod-5-77, 1763674640625, 1763674646148, 5523
pause-pod-5-78, 1763674640629, 1763674646205, 5576
pause-pod-5-79, 1763674640663, 1763674646264, 5601
pause-pod-5-80, 1763674640672, 1763674646320, 5648
pause-pod-5-81, 1763674640707, 1763674646377, 5670
pause-pod-5-82, 1763674640722, 1763674646433, 5711
pause-pod-5-83, 1763674640730, 1763674646490, 5760
pause-pod-5-84, 1763674640733, 1763674646545, 5812
pause-pod-5-85, 1763674640736, 1763674646603, 5867
pause-pod-5-86, 1763674640745, 1763674646660, 5915
pause-pod-5-87, 1763674640767, 1763674646717, 5950
pause-pod-5-88, 1763674640821, 1763674646775, 5954
pause-pod-5-89, 1763674640826, 1763674646831, 6005
pause-pod-5-90, 1763674640833, 1763674646891, 6058
pause-pod-5-91, 1763674640844, 1763674646948, 6104
pause-pod-5-92, 1763674640850, 1763674647007, 6157
pause-pod-5-93, 1763674640868, 1763674647064, 6196
pause-pod-5-94, 1763674640882, 1763674647121, 6239
pause-pod-5-95, 1763674640900, 1763674647177, 6277
pause-pod-5-96, 1763674640910, 1763674647233, 6323
pause-pod-5-97, 1763674640920, 1763674647291, 6371
pause-pod-5-98, 1763674640929, 1763674647347, 6418
pause-pod-5-99, 1763674640934, 1763674647403, 6469
pause-pod-5-100, 1763674640942, 1763674647460, 6518
pause-pod-6-1, 1763674726147, 1763674727621, 1474
pause-pod-6-2, 1763674726149, 1763674727913, 1764
pause-pod-6-3, 1763674726151, 1763674728473, 2322
pause-pod-6-4, 1763674726153, 1763674728537, 2384
pause-pod-6-5, 1763674726154, 1763674728606, 2452
pause-pod-6-6, 1763674726156, 1763674728668, 2512
pause-pod-6-7, 1763674726158, 1763674728726, 2568
pause-pod-6-8, 1763674726160, 1763674728788, 2628
pause-pod-6-9, 1763674726163, 1763674728849, 2686
pause-pod-6-10, 1763674726165, 1763674728910, 2745
pause-pod-6-11, 1763674726168, 1763674728967, 2799
pause-pod-6-12, 1763674726170, 1763674729023, 2853
pause-pod-6-13, 1763674726172, 1763674729081, 2909
pause-pod-6-14, 1763674726175, 1763674729143, 2968
pause-pod-6-15, 1763674726178, 1763674729201, 3023
pause-pod-6-16, 1763674726180, 1763674729258, 3078
pause-pod-6-17, 1763674726192, 1763674729323, 3131
pause-pod-6-18, 1763674726196, 1763674729388, 3192
pause-pod-6-19, 1763674726208, 1763674729446, 3238
pause-pod-6-20, 1763674726219, 1763674729504, 3285
pause-pod-6-21, 1763674726227, 1763674729560, 3333
pause-pod-6-22, 1763674726243, 1763674729618, 3375
pause-pod-6-23, 1763674726260, 1763674729674, 3414
pause-pod-6-24, 1763674726270, 1763674729732, 3462
pause-pod-6-25, 1763674726286, 1763674729788, 3502
pause-pod-6-26, 1763674726291, 1763674729844, 3553
pause-pod-6-27, 1763674726304, 1763674729898, 3594
pause-pod-6-28, 1763674726307, 1763674729954, 3647
pause-pod-6-29, 1763674726324, 1763674730008, 3684
pause-pod-6-30, 1763674726330, 1763674730064, 3734
pause-pod-6-31, 1763674726336, 1763674730119, 3783
pause-pod-6-32, 1763674726344, 1763674730174, 3830
pause-pod-6-33, 1763674726375, 1763674730230, 3855
pause-pod-6-34, 1763674726379, 1763674730286, 3907
pause-pod-6-35, 1763674726406, 1763674730341, 3935
pause-pod-6-36, 1763674726421, 1763674730396, 3975
pause-pod-6-37, 1763674726432, 1763674730452, 4020
pause-pod-6-38, 1763674726451, 1763674730506, 4055
pause-pod-6-39, 1763674726481, 1763674730563, 4082
pause-pod-6-40, 1763674726485, 1763674730619, 4134
pause-pod-6-41, 1763674726489, 1763674730673, 4184
pause-pod-6-42, 1763674726510, 1763674730728, 4218
pause-pod-6-43, 1763674726516, 1763674730784, 4268
pause-pod-6-44, 1763674726523, 1763674730840, 4317
pause-pod-6-45, 1763674726536, 1763674730895, 4359
pause-pod-6-46, 1763674726543, 1763674730951, 4408
pause-pod-6-47, 1763674726559, 1763674731007, 4448
pause-pod-6-48, 1763674726565, 1763674731063, 4498
pause-pod-6-49, 1763674726581, 1763674731119, 4538
pause-pod-6-50, 1763674726592, 1763674731175, 4583
pause-pod-6-51, 1763674726599, 1763674731232, 4633
pause-pod-6-52, 1763674726607, 1763674731289, 4682
pause-pod-6-53, 1763674726610, 1763674731345, 4735
pause-pod-6-54, 1763674726644, 1763674731400, 4756
pause-pod-6-55, 1763674726648, 1763674731460, 4812
pause-pod-6-56, 1763674726652, 1763674731516, 4864
pause-pod-6-57, 1763674726659, 1763674731571, 4912
pause-pod-6-58, 1763674726681, 1763674731626, 4945
pause-pod-6-59, 1763674726688, 1763674731681, 4993
pause-pod-6-60, 1763674726696, 1763674731735, 5039
pause-pod-6-61, 1763674726703, 1763674731791, 5088
pause-pod-6-62, 1763674726707, 1763674731846, 5139
pause-pod-6-63, 1763674726754, 1763674731901, 5147
pause-pod-6-64, 1763674726760, 1763674731956, 5196
pause-pod-6-65, 1763674726765, 1763674732012, 5247
pause-pod-6-66, 1763674726789, 1763674732067, 5278
pause-pod-6-67, 1763674726794, 1763674732123, 5329
pause-pod-6-68, 1763674726805, 1763674732178, 5373
pause-pod-6-69, 1763674726812, 1763674732233, 5421
pause-pod-6-70, 1763674726822, 1763674732288, 5466
pause-pod-6-71, 1763674726853, 1763674732343, 5490
pause-pod-6-72, 1763674726870, 1763674732398, 5528
pause-pod-6-73, 1763674726889, 1763674732452, 5563
pause-pod-6-74, 1763674726911, 1763674732507, 5596
pause-pod-6-75, 1763674726918, 1763674732561, 5643
pause-pod-6-76, 1763674726926, 1763674732617, 5691
pause-pod-6-77, 1763674726993, 1763674732672, 5679
pause-pod-6-78, 1763674727011, 1763674732726, 5715
pause-pod-6-79, 1763674727035, 1763674732782, 5747
pause-pod-6-80, 1763674727045, 1763674732837, 5792
pause-pod-6-81, 1763674727049, 1763674732892, 5843
pause-pod-6-82, 1763674727063, 1763674732947, 5884
pause-pod-6-83, 1763674727078, 1763674733003, 5925
pause-pod-6-84, 1763674727106, 1763674733058, 5952
pause-pod-6-85, 1763674727123, 1763674733117, 5994
pause-pod-6-86, 1763674727161, 1763674733173, 6012
pause-pod-6-87, 1763674727168, 1763674733228, 6060
pause-pod-6-88, 1763674727173, 1763674733283, 6110
pause-pod-6-89, 1763674727216, 1763674733340, 6124
pause-pod-6-90, 1763674727223, 1763674733395, 6172
pause-pod-6-91, 1763674727248, 1763674733450, 6202
pause-pod-6-92, 1763674727261, 1763674733505, 6244
pause-pod-6-93, 1763674727279, 1763674733560, 6281
pause-pod-6-94, 1763674727285, 1763674733615, 6330
pause-pod-6-95, 1763674727295, 1763674733670, 6375
pause-pod-6-96, 1763674727303, 1763674733726, 6423
pause-pod-6-97, 1763674727315, 1763674733781, 6466
pause-pod-6-98, 1763674727324, 1763674733837, 6513
pause-pod-6-99, 1763674727355, 1763674733893, 6538
pause-pod-6-100, 1763674727361, 1763674733948, 6587
