Pod Name, Delete Start Timestamp, Deleted Confirmed Timestamp, Delete Latency (milliseconds)
pause-pod-1-1, 1763675824071, 1763675826413, 2342
pause-pod-1-2, 1763675824073, 1763675826503, 2430
pause-pod-1-3, 1763675824075, 1763675826591, 2516
pause-pod-1-4, 1763675824077, 1763675827275, 3198
pause-pod-1-5, 1763675824078, 1763675827370, 3292
pause-pod-1-6, 1763675824080, 1763675827463, 3383
pause-pod-1-7, 1763675824082, 1763675827537, 3455
pause-pod-1-8, 1763675824085, 1763675827628, 3543
pause-pod-1-9, 1763675824087, 1763675827760, 3673
pause-pod-1-10, 1763675824090, 1763675827835, 3745
pause-pod-1-11, 1763675824092, 1763675827905, 3813
pause-pod-1-12, 1763675824095, 1763675827973, 3878
pause-pod-1-13, 1763675824098, 1763675828040, 3942
pause-pod-1-14, 1763675824102, 1763675828133, 4031
pause-pod-1-15, 1763675824105, 1763675828205, 4100
pause-pod-1-16, 1763675824108, 1763675828270, 4162
pause-pod-1-17, 1763675824111, 1763675828334, 4223
pause-pod-1-18, 1763675824120, 1763675828409, 4289
pause-pod-1-19, 1763675824141, 1763675828475, 4334
pause-pod-1-20, 1763675824146, 1763675828535, 4389
pause-pod-1-21, 1763675824149, 1763675828592, 4443
pause-pod-1-22, 1763675824154, 1763675828646, 4492
pause-pod-1-23, 1763675824163, 1763675828704, 4541
pause-pod-1-24, 1763675824182, 1763675828757, 4575
pause-pod-1-25, 1763675824192, 1763675828812, 4620
pause-pod-1-26, 1763675824202, 1763675828865, 4663
pause-pod-1-27, 1763675824213, 1763675828920, 4707
pause-pod-1-28, 1763675824219, 1763675828974, 4755
pause-pod-1-29, 1763675824226, 1763675829028, 4802
pause-pod-1-30, 1763675824233, 1763675829082, 4849
pause-pod-1-31, 1763675824237, 1763675829137, 4900
pause-pod-1-32, 1763675824241, 1763675829191, 4950
pause-pod-1-33, 1763675824246, 1763675829244, 4998
pause-pod-1-34, 1763675824252, 1763675829298, 5046
pause-pod-1-35, 1763675824283, 1763675829351, 5068
pause-pod-1-36, 1763675824308, 1763675829404, 5096
pause-pod-1-37, 1763675824336, 1763675829456, 5120
pause-pod-1-38, 1763675824355, 1763675829508, 5153
pause-pod-1-39, 1763675824404, 1763675829562, 5158
pause-pod-1-40, 1763675824428, 1763675829616, 5188
pause-pod-1-41, 1763675824438, 1763675829670, 5232
pause-pod-1-42, 1763675824443, 1763675829724, 5281
pause-pod-1-43, 1763675824459, 1763675829776, 5317
pause-pod-1-44, 1763675824464, 1763675829829, 5365
pause-pod-1-45, 1763675824469, 1763675829883, 5414
pause-pod-1-46, 1763675824474, 1763675829936, 5462
pause-pod-1-47, 1763675824481, 1763675829990, 5509
pause-pod-1-48, 1763675824501, 1763675830044, 5543
pause-pod-1-49, 1763675824505, 1763675830098, 5593
pause-pod-1-50, 1763675824531, 1763675830152, 5621
pause-pod-1-51, 1763675824534, 1763675830205, 5671
pause-pod-1-52, 1763675824537, 1763675830260, 5723
pause-pod-1-53, 1763675824558, 1763675830313, 5755
pause-pod-1-54, 1763675824572, 1763675830367, 5795
pause-pod-1-55, 1763675824576, 1763675830421, 5845
pause-pod-1-56, 1763675824587, 1763675830475, 5888
pause-pod-1-57, 1763675824595, 1763675830529, 5934
pause-pod-1-58, 1763675824599, 1763675830583, 5984
pause-pod-1-59, 1763675824620, 1763675830638, 6018
pause-pod-1-60, 1763675824624, 1763675830693, 6069
pause-pod-1-61, 1763675824630, 1763675830748, 6118
pause-pod-1-62, 1763675824651, 1763675830803, 6152
pause-pod-1-63, 1763675824654, 1763675830857, 6203
pause-pod-1-64, 1763675824667, 1763675830910, 6243
pause-pod-1-65, 1763675824678, 1763675830963, 6285
pause-pod-1-66, 1763675824700, 1763675831017, 6317
pause-pod-1-67, 1763675824706, 1763675831071, 6365
pause-pod-1-68, 1763675824710, 1763675831125, 6415
pause-pod-1-69, 1763675824714, 1763675831179, 6465
pause-pod-1-70, 1763675824736, 1763675831233, 6497
pause-pod-1-71, 1763675824748, 1763675831286, 6538
pause-pod-1-72, 1763675824758, 1763675831340, 6582
pause-pod-1-73, 1763675824787, 1763675831393, 6606
pause-pod-1-74, 1763675824791, 1763675831448, 6657
pause-pod-1-75, 1763675824820, 1763675831502, 6682
pause-pod-1-76, 1763675824840, 1763675831557, 6717
pause-pod-1-77, 1763675824855, 1763675831611, 6756
pause-pod-1-78, 1763675824859, 1763675831666, 6807
pause-pod-1-79, 1763675824899, 1763675831719, 6820
pause-pod-1-80, 1763675824929, 1763675831772, 6843
pause-pod-1-81, 1763675824937, 1763675831826, 6889
pause-pod-1-82, 1763675824972, 1763675831879, 6907
pause-pod-1-83, 1763675824994, 1763675831934, 6940
pause-pod-1-84, 1763675825000, 1763675831987, 6987
pause-pod-1-85, 1763675825003, 1763675832041, 7038
pause-pod-1-86, 1763675825033, 1763675832094, 7061
pause-pod-1-87, 1763675825038, 1763675832147, 7109
pause-pod-1-88, 1763675825045, 1763675832201, 7156
pause-pod-1-89, 1763675825051, 1763675832255, 7204
pause-pod-1-90, 1763675825056, 1763675832310, 7254
pause-pod-1-91, 1763675825071, 1763675832364, 7293
pause-pod-1-92, 1763675825079, 1763675832419, 7340
pause-pod-1-93, 1763675825092, 1763675832472, 7380
pause-pod-1-94, 1763675825101, 1763675832526, 7425
pause-pod-1-95, 1763675825121, 1763675832579, 7458
pause-pod-1-96, 1763675825173, 1763675832632, 7459
pause-pod-1-97, 1763675825178, 1763675832687, 7509
pause-pod-1-98, 1763675825198, 1763675832741, 7543
pause-pod-1-99, 1763675825209, 1763675832795, 7586
pause-pod-1-100, 1763675825227, 1763675832848, 7621
pause-pod-1-101, 1763675825237, 1763675832902, 7665
pause-pod-1-102, 1763675825265, 1763675832956, 7691
pause-pod-1-103, 1763675825280, 1763675833012, 7732
pause-pod-1-104, 1763675825318, 1763675833066, 7748
pause-pod-1-105, 1763675825335, 1763675833122, 7787
pause-pod-1-106, 1763675825356, 1763675833176, 7820
pause-pod-1-107, 1763675825364, 1763675833230, 7866
pause-pod-1-108, 1763675825375, 1763675833283, 7908
pause-pod-1-109, 1763675825401, 1763675833336, 7935
pause-pod-1-110, 1763675825412, 1763675833388, 7976
pause-pod-1-111, 1763675825426, 1763675833443, 8017
pause-pod-1-112, 1763675825433, 1763675833497, 8064
pause-pod-1-113, 1763675825442, 1763675833551, 8109
pause-pod-1-114, 1763675825447, 1763675833605, 8158
pause-pod-1-115, 1763675825466, 1763675833659, 8193
pause-pod-1-116, 1763675825473, 1763675833720, 8247
pause-pod-1-117, 1763675825485, 1763675833774, 8289
pause-pod-1-118, 1763675825502, 1763675833827, 8325
pause-pod-1-119, 1763675825518, 1763675833882, 8364
pause-pod-1-120, 1763675825535, 1763675833936, 8401
pause-pod-1-121, 1763675825541, 1763675833990, 8449
pause-pod-1-122, 1763675825569, 1763675834044, 8475
pause-pod-1-123, 1763675825589, 1763675834099, 8510
pause-pod-1-124, 1763675825596, 1763675834153, 8557
pause-pod-1-125, 1763675825638, 1763675834207, 8569
pause-pod-1-126, 1763675825659, 1763675834261, 8602
pause-pod-1-127, 1763675825673, 1763675834315, 8642
pause-pod-1-128, 1763675825681, 1763675834368, 8687
pause-pod-1-129, 1763675825691, 1763675834421, 8730
pause-pod-1-130, 1763675825703, 1763675834474, 8771
pause-pod-1-131, 1763675825760, 1763675834527, 8767
pause-pod-1-132, 1763675825773, 1763675834579, 8806
pause-pod-1-133, 1763675825784, 1763675834633, 8849
pause-pod-1-134, 1763675825789, 1763675834688, 8899
pause-pod-1-135, 1763675825797, 1763675834742, 8945
pause-pod-1-136, 1763675825802, 1763675834796, 8994
pause-pod-1-137, 1763675825806, 1763675834851, 9045
pause-pod-1-138, 1763675825820, 1763675834904, 9084
pause-pod-1-139, 1763675825890, 1763675834959, 9069
pause-pod-1-140, 1763675825897, 1763675835012, 9115
pause-pod-1-141, 1763675825908, 1763675835067, 9159
pause-pod-1-142, 1763675825929, 1763675835122, 9193
pause-pod-1-143, 1763675825959, 1763675835175, 9216
pause-pod-1-144, 1763675825982, 1763675835229, 9247
pause-pod-1-145, 1763675826036, 1763675835284, 9248
pause-pod-1-146, 1763675826050, 1763675835338, 9288
pause-pod-1-147, 1763675826062, 1763675835391, 9329
pause-pod-1-148, 1763675826082, 1763675835445, 9363
pause-pod-1-149, 1763675826097, 1763675835500, 9403
pause-pod-1-150, 1763675826105, 1763675835554, 9449
pause-pod-2-1, 1763675923436, 1763675925861, 2425
pause-pod-2-2, 1763675923438, 1763675925950, 2512
pause-pod-2-3, 1763675923440, 1763675926043, 2603
pause-pod-2-4, 1763675923442, 1763675926113, 2671
pause-pod-2-5, 1763675923444, 1763675926177, 2733
pause-pod-2-6, 1763675923446, 1763675926238, 2792
pause-pod-2-7, 1763675923448, 1763675926297, 2849
pause-pod-2-8, 1763675923451, 1763675926361, 2910
pause-pod-2-9, 1763675923453, 1763675926448, 2995
pause-pod-2-10, 1763675923456, 1763675926523, 3067
pause-pod-2-11, 1763675923459, 1763675926592, 3133
pause-pod-2-12, 1763675923462, 1763675926962, 3500
pause-pod-2-13, 1763675923464, 1763675927028, 3564
pause-pod-2-14, 1763675923467, 1763675927095, 3628
pause-pod-2-15, 1763675923471, 1763675927160, 3689
pause-pod-2-16, 1763675923474, 1763675927220, 3746
pause-pod-2-17, 1763675923480, 1763675927281, 3801
pause-pod-2-18, 1763675923486, 1763675927342, 3856
pause-pod-2-19, 1763675923513, 1763675927400, 3887
pause-pod-2-20, 1763675923520, 1763675927458, 3938
pause-pod-2-21, 1763675923525, 1763675927512, 3987
pause-pod-2-22, 1763675923541, 1763675927571, 4030
pause-pod-2-23, 1763675923546, 1763675927625, 4079
pause-pod-2-24, 1763675923577, 1763675927678, 4101
pause-pod-2-25, 1763675923607, 1763675927733, 4126
pause-pod-2-26, 1763675923620, 1763675927789, 4169
pause-pod-2-27, 1763675923625, 1763675927843, 4218
pause-pod-2-28, 1763675923639, 1763675927900, 4261
pause-pod-2-29, 1763675923651, 1763675927955, 4304
pause-pod-2-30, 1763675923658, 1763675928009, 4351
pause-pod-2-31, 1763675923661, 1763675928064, 4403
pause-pod-2-32, 1763675923673, 1763675928119, 4446
pause-pod-2-33, 1763675923681, 1763675928174, 4493
pause-pod-2-34, 1763675923697, 1763675928228, 4531
pause-pod-2-35, 1763675923703, 1763675928285, 4582
pause-pod-2-36, 1763675923710, 1763675928341, 4631
pause-pod-2-37, 1763675923717, 1763675928395, 4678
pause-pod-2-38, 1763675923729, 1763675928448, 4719
pause-pod-2-39, 1763675923734, 1763675928501, 4767
pause-pod-2-40, 1763675923779, 1763675928554, 4775
pause-pod-2-41, 1763675923796, 1763675928608, 4812
pause-pod-2-42, 1763675923801, 1763675928660, 4859
pause-pod-2-43, 1763675923806, 1763675928713, 4907
pause-pod-2-44, 1763675923816, 1763675928766, 4950
pause-pod-2-45, 1763675923824, 1763675928819, 4995
pause-pod-2-46, 1763675923843, 1763675928871, 5028
pause-pod-2-47, 1763675923862, 1763675928924, 5062
pause-pod-2-48, 1763675923865, 1763675928977, 5112
pause-pod-2-49, 1763675923868, 1763675929029, 5161
pause-pod-2-50, 1763675923898, 1763675929083, 5185
pause-pod-2-51, 1763675923925, 1763675929135, 5210
pause-pod-2-52, 1763675923931, 1763675929187, 5256
pause-pod-2-53, 1763675923938, 1763675929239, 5301
pause-pod-2-54, 1763675923944, 1763675929293, 5349
pause-pod-2-55, 1763675923954, 1763675929346, 5392
pause-pod-2-56, 1763675923960, 1763675929399, 5439
pause-pod-2-57, 1763675923966, 1763675929452, 5486
pause-pod-2-58, 1763675923978, 1763675929505, 5527
pause-pod-2-59, 1763675923983, 1763675929558, 5575
pause-pod-2-60, 1763675924002, 1763675929612, 5610
pause-pod-2-61, 1763675924018, 1763675929664, 5646
pause-pod-2-62, 1763675924040, 1763675929717, 5677
pause-pod-2-63, 1763675924049, 1763675929771, 5722
pause-pod-2-64, 1763675924060, 1763675929824, 5764
pause-pod-2-65, 1763675924107, 1763675929877, 5770
pause-pod-2-66, 1763675924122, 1763675929929, 5807
pause-pod-2-67, 1763675924138, 1763675929982, 5844
pause-pod-2-68, 1763675924146, 1763675930034, 5888
pause-pod-2-69, 1763675924176, 1763675930086, 5910
pause-pod-2-70, 1763675924191, 1763675930140, 5949
pause-pod-2-71, 1763675924206, 1763675930193, 5987
pause-pod-2-72, 1763675924237, 1763675930246, 6009
pause-pod-2-73, 1763675924245, 1763675930301, 6056
pause-pod-2-74, 1763675924272, 1763675930354, 6082
pause-pod-2-75, 1763675924276, 1763675930406, 6130
pause-pod-2-76, 1763675924300, 1763675930458, 6158
pause-pod-2-77, 1763675924312, 1763675930511, 6199
pause-pod-2-78, 1763675924330, 1763675930564, 6234
pause-pod-2-79, 1763675924334, 1763675930618, 6284
pause-pod-2-80, 1763675924338, 1763675930670, 6332
pause-pod-2-81, 1763675924342, 1763675930723, 6381
pause-pod-2-82, 1763675924370, 1763675930776, 6406
pause-pod-2-83, 1763675924391, 1763675930829, 6438
pause-pod-2-84, 1763675924412, 1763675930881, 6469
pause-pod-2-85, 1763675924424, 1763675930933, 6509
pause-pod-2-86, 1763675924429, 1763675930986, 6557
pause-pod-2-87, 1763675924433, 1763675931039, 6606
pause-pod-2-88, 1763675924454, 1763675931090, 6636
pause-pod-2-89, 1763675924487, 1763675931144, 6657
pause-pod-2-90, 1763675924505, 1763675931196, 6691
pause-pod-2-91, 1763675924510, 1763675931249, 6739
pause-pod-2-92, 1763675924531, 1763675931303, 6772
pause-pod-2-93, 1763675924536, 1763675931356, 6820
pause-pod-2-94, 1763675924563, 1763675931409, 6846
pause-pod-2-95, 1763675924592, 1763675931462, 6870
pause-pod-2-96, 1763675924599, 1763675931516, 6917
pause-pod-2-97, 1763675924608, 1763675931569, 6961
pause-pod-2-98, 1763675924615, 1763675931622, 7007
pause-pod-2-99, 1763675924624, 1763675931674, 7050
pause-pod-2-100, 1763675924655, 1763675931726, 7071
pause-pod-2-101, 1763675924676, 1763675931780, 7104
pause-pod-2-102, 1763675924680, 1763675931834, 7154
pause-pod-2-103, 1763675924685, 1763675931886, 7201
pause-pod-2-104, 1763675924707, 1763675931940, 7233
pause-pod-2-105, 1763675924732, 1763675931993, 7261
pause-pod-2-106, 1763675924739, 1763675932049, 7310
pause-pod-2-107, 1763675924746, 1763675932102, 7356
pause-pod-2-108, 1763675924751, 1763675932155, 7404
pause-pod-2-109, 1763675924754, 1763675932209, 7455
pause-pod-2-110, 1763675924757, 1763675932262, 7505
pause-pod-2-111, 1763675924768, 1763675932316, 7548
pause-pod-2-112, 1763675924773, 1763675932369, 7596
pause-pod-2-113, 1763675924777, 1763675932422, 7645
pause-pod-2-114, 1763675924779, 1763675932475, 7696
pause-pod-2-115, 1763675924783, 1763675932529, 7746
pause-pod-2-116, 1763675924786, 1763675932584, 7798
pause-pod-2-117, 1763675924789, 1763675932637, 7848
pause-pod-2-118, 1763675924813, 1763675932690, 7877
pause-pod-2-119, 1763675924818, 1763675932743, 7925
pause-pod-2-120, 1763675924866, 1763675932795, 7929
pause-pod-2-121, 1763675924896, 1763675932848, 7952
pause-pod-2-122, 1763675924933, 1763675932902, 7969
pause-pod-2-123, 1763675924968, 1763675932954, 7986
pause-pod-2-124, 1763675924979, 1763675933007, 8028
pause-pod-2-125, 1763675925005, 1763675933061, 8056
pause-pod-2-126, 1763675925009, 1763675933117, 8108
pause-pod-2-127, 1763675925031, 1763675933175, 8144
pause-pod-2-128, 1763675925036, 1763675933229, 8193
pause-pod-2-129, 1763675925047, 1763675933282, 8235
pause-pod-2-130, 1763675925073, 1763675933335, 8262
pause-pod-2-131, 1763675925128, 1763675933389, 8261
pause-pod-2-132, 1763675925147, 1763675933443, 8296
pause-pod-2-133, 1763675925162, 1763675933496, 8334
pause-pod-2-134, 1763675925177, 1763675933549, 8372
pause-pod-2-135, 1763675925185, 1763675933602, 8417
pause-pod-2-136, 1763675925191, 1763675933657, 8466
pause-pod-2-137, 1763675925201, 1763675933709, 8508
pause-pod-2-138, 1763675925219, 1763675933764, 8545
pause-pod-2-139, 1763675925228, 1763675933817, 8589
pause-pod-2-140, 1763675925255, 1763675933870, 8615
pause-pod-2-141, 1763675925274, 1763675933923, 8649
pause-pod-2-142, 1763675925280, 1763675933976, 8696
pause-pod-2-143, 1763675925284, 1763675934028, 8744
pause-pod-2-144, 1763675925306, 1763675934081, 8775
pause-pod-2-145, 1763675925320, 1763675934133, 8813
pause-pod-2-146, 1763675925373, 1763675934186, 8813
pause-pod-2-147, 1763675925396, 1763675934239, 8843
pause-pod-2-148, 1763675925413, 1763675934291, 8878
pause-pod-2-149, 1763675925423, 1763675934343, 8920
pause-pod-2-150, 1763675925427, 1763675934396, 8969
pause-pod-3-1, 1763676022147, 1763676024442, 2295
pause-pod-3-2, 1763676022148, 1763676024508, 2360
pause-pod-3-3, 1763676022150, 1763676024582, 2432
pause-pod-3-4, 1763676022152, 1763676025502, 3350
pause-pod-3-5, 1763676022154, 1763676025566, 3412
pause-pod-3-6, 1763676022156, 1763676025624, 3468
pause-pod-3-7, 1763676022157, 1763676025682, 3525
pause-pod-3-8, 1763676022160, 1763676025742, 3582
pause-pod-3-9, 1763676022161, 1763676025807, 3646
pause-pod-3-10, 1763676022164, 1763676025868, 3704
pause-pod-3-11, 1763676022166, 1763676025928, 3762
pause-pod-3-12, 1763676022169, 1763676025986, 3817
pause-pod-3-13, 1763676022171, 1763676026068, 3897
pause-pod-3-14, 1763676022173, 1763676026125, 3952
pause-pod-3-15, 1763676022175, 1763676026181, 4006
pause-pod-3-16, 1763676022181, 1763676026236, 4055
pause-pod-3-17, 1763676022184, 1763676026299, 4115
pause-pod-3-18, 1763676022187, 1763676026354, 4167
pause-pod-3-19, 1763676022190, 1763676026408, 4218
pause-pod-3-20, 1763676022213, 1763676026463, 4250
pause-pod-3-21, 1763676022217, 1763676026516, 4299
pause-pod-3-22, 1763676022231, 1763676026574, 4343
pause-pod-3-23, 1763676022233, 1763676026628, 4395
pause-pod-3-24, 1763676022248, 1763676026681, 4433
pause-pod-3-25, 1763676022271, 1763676026736, 4465
pause-pod-3-26, 1763676022278, 1763676026790, 4512
pause-pod-3-27, 1763676022294, 1763676026844, 4550
pause-pod-3-28, 1763676022337, 1763676026902, 4565
pause-pod-3-29, 1763676022348, 1763676026957, 4609
pause-pod-3-30, 1763676022356, 1763676027011, 4655
pause-pod-3-31, 1763676022363, 1763676027064, 4701
pause-pod-3-32, 1763676022366, 1763676027117, 4751
pause-pod-3-33, 1763676022393, 1763676027170, 4777
pause-pod-3-34, 1763676022406, 1763676027223, 4817
pause-pod-3-35, 1763676022411, 1763676027276, 4865
pause-pod-3-36, 1763676022417, 1763676027330, 4913
pause-pod-3-37, 1763676022428, 1763676027384, 4956
pause-pod-3-38, 1763676022433, 1763676027437, 5004
pause-pod-3-39, 1763676022438, 1763676027491, 5053
pause-pod-3-40, 1763676022450, 1763676027544, 5094
pause-pod-3-41, 1763676022470, 1763676027598, 5128
pause-pod-3-42, 1763676022484, 1763676027652, 5168
pause-pod-3-43, 1763676022497, 1763676027705, 5208
pause-pod-3-44, 1763676022507, 1763676027759, 5252
pause-pod-3-45, 1763676022511, 1763676027813, 5302
pause-pod-3-46, 1763676022516, 1763676027866, 5350
pause-pod-3-47, 1763676022524, 1763676027919, 5395
pause-pod-3-48, 1763676022543, 1763676027972, 5429
pause-pod-3-49, 1763676022585, 1763676028025, 5440
pause-pod-3-50, 1763676022590, 1763676028078, 5488
pause-pod-3-51, 1763676022594, 1763676028133, 5539
pause-pod-3-52, 1763676022600, 1763676028188, 5588
pause-pod-3-53, 1763676022605, 1763676028241, 5636
pause-pod-3-54, 1763676022609, 1763676028294, 5685
pause-pod-3-55, 1763676022616, 1763676028347, 5731
pause-pod-3-56, 1763676022629, 1763676028400, 5771
pause-pod-3-57, 1763676022639, 1763676028453, 5814
pause-pod-3-58, 1763676022660, 1763676028506, 5846
pause-pod-3-59, 1763676022696, 1763676028559, 5863
pause-pod-3-60, 1763676022716, 1763676028613, 5897
pause-pod-3-61, 1763676022719, 1763676028666, 5947
pause-pod-3-62, 1763676022729, 1763676028719, 5990
pause-pod-3-63, 1763676022738, 1763676028772, 6034
pause-pod-3-64, 1763676022741, 1763676028824, 6083
pause-pod-3-65, 1763676022757, 1763676028876, 6119
pause-pod-3-66, 1763676022799, 1763676028928, 6129
pause-pod-3-67, 1763676022810, 1763676028980, 6170
pause-pod-3-68, 1763676022823, 1763676029033, 6210
pause-pod-3-69, 1763676022836, 1763676029086, 6250
pause-pod-3-70, 1763676022841, 1763676029140, 6299
pause-pod-3-71, 1763676022858, 1763676029192, 6334
pause-pod-3-72, 1763676022866, 1763676029245, 6379
pause-pod-3-73, 1763676022874, 1763676029298, 6424
pause-pod-3-74, 1763676022882, 1763676029351, 6469
pause-pod-3-75, 1763676022885, 1763676029405, 6520
pause-pod-3-76, 1763676022888, 1763676029457, 6569
pause-pod-3-77, 1763676022907, 1763676029509, 6602
pause-pod-3-78, 1763676022915, 1763676029562, 6647
pause-pod-3-79, 1763676022936, 1763676029617, 6681
pause-pod-3-80, 1763676022971, 1763676029671, 6700
pause-pod-3-81, 1763676022976, 1763676029723, 6747
pause-pod-3-82, 1763676022988, 1763676029776, 6788
pause-pod-3-83, 1763676023005, 1763676029829, 6824
pause-pod-3-84, 1763676023038, 1763676029882, 6844
pause-pod-3-85, 1763676023048, 1763676029935, 6887
pause-pod-3-86, 1763676023058, 1763676029987, 6929
pause-pod-3-87, 1763676023085, 1763676030040, 6955
pause-pod-3-88, 1763676023094, 1763676030093, 6999
pause-pod-3-89, 1763676023102, 1763676030146, 7044
pause-pod-3-90, 1763676023107, 1763676030198, 7091
pause-pod-3-91, 1763676023119, 1763676030252, 7133
pause-pod-3-92, 1763676023154, 1763676030305, 7151
pause-pod-3-93, 1763676023192, 1763676030357, 7165
pause-pod-3-94, 1763676023219, 1763676030410, 7191
pause-pod-3-95, 1763676023240, 1763676030462, 7222
pause-pod-3-96, 1763676023250, 1763676030514, 7264
pause-pod-3-97, 1763676023253, 1763676030568, 7315
pause-pod-3-98, 1763676023284, 1763676030620, 7336
pause-pod-3-99, 1763676023302, 1763676030673, 7371
pause-pod-3-100, 1763676023322, 1763676030725, 7403
pause-pod-3-101, 1763676023328, 1763676030779, 7451
pause-pod-3-102, 1763676023361, 1763676030832, 7471
pause-pod-3-103, 1763676023372, 1763676030886, 7514
pause-pod-3-104, 1763676023399, 1763676030939, 7540
pause-pod-3-105, 1763676023426, 1763676030992, 7566
pause-pod-3-106, 1763676023435, 1763676031045, 7610
pause-pod-3-107, 1763676023450, 1763676031098, 7648
pause-pod-3-108, 1763676023469, 1763676031151, 7682
pause-pod-3-109, 1763676023474, 1763676031204, 7730
pause-pod-3-110, 1763676023492, 1763676031256, 7764
pause-pod-3-111, 1763676023507, 1763676031309, 7802
pause-pod-3-112, 1763676023520, 1763676031362, 7842
pause-pod-3-113, 1763676023525, 1763676031414, 7889
pause-pod-3-114, 1763676023542, 1763676031467, 7925
pause-pod-3-115, 1763676023551, 1763676031520, 7969
pause-pod-3-116, 1763676023588, 1763676031574, 7986
pause-pod-3-117, 1763676023592, 1763676031627, 8035
pause-pod-3-118, 1763676023618, 1763676031680, 8062
pause-pod-3-119, 1763676023622, 1763676031733, 8111
pause-pod-3-120, 1763676023664, 1763676031786, 8122
pause-pod-3-121, 1763676023679, 1763676031839, 8160
pause-pod-3-122, 1763676023684, 1763676031891, 8207
pause-pod-3-123, 1763676023719, 1763676031946, 8227
pause-pod-3-124, 1763676023723, 1763676031997, 8274
pause-pod-3-125, 1763676023726, 1763676032050, 8324
pause-pod-3-126, 1763676023751, 1763676032102, 8351
pause-pod-3-127, 1763676023758, 1763676032156, 8398
pause-pod-3-128, 1763676023779, 1763676032209, 8430
pause-pod-3-129, 1763676023797, 1763676032262, 8465
pause-pod-3-130, 1763676023827, 1763676032316, 8489
pause-pod-3-131, 1763676023844, 1763676032369, 8525
pause-pod-3-132, 1763676023853, 1763676032422, 8569
pause-pod-3-133, 1763676023887, 1763676032475, 8588
pause-pod-3-134, 1763676023921, 1763676032527, 8606
pause-pod-3-135, 1763676023937, 1763676032580, 8643
pause-pod-3-136, 1763676023962, 1763676032633, 8671
pause-pod-3-137, 1763676023971, 1763676032685, 8714
pause-pod-3-138, 1763676023980, 1763676032739, 8759
pause-pod-3-139, 1763676023988, 1763676032791, 8803
pause-pod-3-140, 1763676023992, 1763676032843, 8851
pause-pod-3-141, 1763676024017, 1763676032896, 8879
pause-pod-3-142, 1763676024029, 1763676032948, 8919
pause-pod-3-143, 1763676024035, 1763676033001, 8966
pause-pod-3-144, 1763676024040, 1763676033053, 9013
pause-pod-3-145, 1763676024045, 1763676033107, 9062
pause-pod-3-146, 1763676024051, 1763676033160, 9109
pause-pod-3-147, 1763676024056, 1763676033213, 9157
pause-pod-3-148, 1763676024064, 1763676033269, 9205
pause-pod-3-149, 1763676024073, 1763676033327, 9254
pause-pod-3-150, 1763676024089, 1763676033382, 9293
pause-pod-4-1, 1763676121131, 1763676124291, 3160
pause-pod-4-2, 1763676121132, 1763676124361, 3229
pause-pod-4-3, 1763676121134, 1763676124456, 3322
pause-pod-4-4, 1763676121136, 1763676124565, 3429
pause-pod-4-5, 1763676121137, 1763676124658, 3521
pause-pod-4-6, 1763676121139, 1763676124741, 3602
pause-pod-4-7, 1763676121141, 1763676124823, 3682
pause-pod-4-8, 1763676121143, 1763676124925, 3782
pause-pod-4-9, 1763676121145, 1763676125013, 3868
pause-pod-4-10, 1763676121147, 1763676125079, 3932
pause-pod-4-11, 1763676121149, 1763676125161, 4012
pause-pod-4-12, 1763676121152, 1763676125230, 4078
pause-pod-4-13, 1763676121155, 1763676125293, 4138
pause-pod-4-14, 1763676121157, 1763676125353, 4196
pause-pod-4-15, 1763676121160, 1763676125412, 4252
pause-pod-4-16, 1763676121166, 1763676125466, 4300
pause-pod-4-17, 1763676121194, 1763676125529, 4335
pause-pod-4-18, 1763676121199, 1763676125589, 4390
pause-pod-4-19, 1763676121204, 1763676125647, 4443
pause-pod-4-20, 1763676121220, 1763676125700, 4480
pause-pod-4-21, 1763676121236, 1763676125753, 4517
pause-pod-4-22, 1763676121240, 1763676125806, 4566
pause-pod-4-23, 1763676121257, 1763676125861, 4604
pause-pod-4-24, 1763676121262, 1763676125913, 4651
pause-pod-4-25, 1763676121271, 1763676125966, 4695
pause-pod-4-26, 1763676121292, 1763676126019, 4727
pause-pod-4-27, 1763676121301, 1763676126072, 4771
pause-pod-4-28, 1763676121311, 1763676126124, 4813
pause-pod-4-29, 1763676121316, 1763676126176, 4860
pause-pod-4-30, 1763676121319, 1763676126229, 4910
pause-pod-4-31, 1763676121325, 1763676126281, 4956
pause-pod-4-32, 1763676121338, 1763676126333, 4995
pause-pod-4-33, 1763676121346, 1763676126386, 5040
pause-pod-4-34, 1763676121356, 1763676126439, 5083
pause-pod-4-35, 1763676121365, 1763676126491, 5126
pause-pod-4-36, 1763676121369, 1763676126543, 5174
pause-pod-4-37, 1763676121379, 1763676126596, 5217
pause-pod-4-38, 1763676121389, 1763676126648, 5259
pause-pod-4-39, 1763676121399, 1763676126701, 5302
pause-pod-4-40, 1763676121404, 1763676126753, 5349
pause-pod-4-41, 1763676121477, 1763676126805, 5328
pause-pod-4-42, 1763676121482, 1763676126857, 5375
pause-pod-4-43, 1763676121492, 1763676126909, 5417
pause-pod-4-44, 1763676121513, 1763676126961, 5448
pause-pod-4-45, 1763676121523, 1763676127014, 5491
pause-pod-4-46, 1763676121531, 1763676127067, 5536
pause-pod-4-47, 1763676121566, 1763676127120, 5554
pause-pod-4-48, 1763676121589, 1763676127173, 5584
pause-pod-4-49, 1763676121595, 1763676127225, 5630
pause-pod-4-50, 1763676121601, 1763676127279, 5678
pause-pod-4-51, 1763676121605, 1763676127331, 5726
pause-pod-4-52, 1763676121617, 1763676127383, 5766
pause-pod-4-53, 1763676121626, 1763676127435, 5809
pause-pod-4-54, 1763676121634, 1763676127487, 5853
pause-pod-4-55, 1763676121640, 1763676127540, 5900
pause-pod-4-56, 1763676121646, 1763676127591, 5945
pause-pod-4-57, 1763676121661, 1763676127644, 5983
pause-pod-4-58, 1763676121675, 1763676127696, 6021
pause-pod-4-59, 1763676121679, 1763676127749, 6070
pause-pod-4-60, 1763676121686, 1763676127801, 6115
pause-pod-4-61, 1763676121699, 1763676127853, 6154
pause-pod-4-62, 1763676121713, 1763676127905, 6192
pause-pod-4-63, 1763676121717, 1763676127958, 6241
pause-pod-4-64, 1763676121720, 1763676128011, 6291
pause-pod-4-65, 1763676121741, 1763676128064, 6323
pause-pod-4-66, 1763676121751, 1763676128118, 6367
pause-pod-4-67, 1763676121765, 1763676128173, 6408
pause-pod-4-68, 1763676121777, 1763676128226, 6449
pause-pod-4-69, 1763676121820, 1763676128278, 6458
pause-pod-4-70, 1763676121833, 1763676128331, 6498
pause-pod-4-71, 1763676121863, 1763676128383, 6520
pause-pod-4-72, 1763676121891, 1763676128438, 6547
pause-pod-4-73, 1763676121900, 1763676128496, 6596
pause-pod-4-74, 1763676121913, 1763676128550, 6637
pause-pod-4-75, 1763676121928, 1763676128603, 6675
pause-pod-4-76, 1763676121947, 1763676128656, 6709
pause-pod-4-77, 1763676121957, 1763676128710, 6753
pause-pod-4-78, 1763676121981, 1763676128763, 6782
pause-pod-4-79, 1763676122019, 1763676128815, 6796
pause-pod-4-80, 1763676122023, 1763676128868, 6845
pause-pod-4-81, 1763676122044, 1763676128920, 6876
pause-pod-4-82, 1763676122067, 1763676128971, 6904
pause-pod-4-83, 1763676122076, 1763676129023, 6947
pause-pod-4-84, 1763676122084, 1763676129076, 6992
pause-pod-4-85, 1763676122109, 1763676129128, 7019
pause-pod-4-86, 1763676122144, 1763676129181, 7037
pause-pod-4-87, 1763676122148, 1763676129233, 7085
pause-pod-4-88, 1763676122152, 1763676129287, 7135
pause-pod-4-89, 1763676122155, 1763676129340, 7185
pause-pod-4-90, 1763676122165, 1763676129393, 7228
pause-pod-4-91, 1763676122176, 1763676129446, 7270
pause-pod-4-92, 1763676122187, 1763676129499, 7312
pause-pod-4-93, 1763676122208, 1763676129551, 7343
pause-pod-4-94, 1763676122217, 1763676129603, 7386
pause-pod-4-95, 1763676122220, 1763676129655, 7435
pause-pod-4-96, 1763676122244, 1763676129708, 7464
pause-pod-4-97, 1763676122272, 1763676129760, 7488
pause-pod-4-98, 1763676122304, 1763676129814, 7510
pause-pod-4-99, 1763676122310, 1763676129866, 7556
pause-pod-4-100, 1763676122353, 1763676129919, 7566
pause-pod-4-101, 1763676122365, 1763676129972, 7607
pause-pod-4-102, 1763676122371, 1763676130025, 7654
pause-pod-4-103, 1763676122388, 1763676130078, 7690
pause-pod-4-104, 1763676122393, 1763676130131, 7738
pause-pod-4-105, 1763676122398, 1763676130184, 7786
pause-pod-4-106, 1763676122401, 1763676130235, 7834
pause-pod-4-107, 1763676122405, 1763676130288, 7883
pause-pod-4-108, 1763676122409, 1763676130341, 7932
pause-pod-4-109, 1763676122413, 1763676130393, 7980
pause-pod-4-110, 1763676122428, 1763676130446, 8018
pause-pod-4-111, 1763676122479, 1763676130499, 8020
pause-pod-4-112, 1763676122490, 1763676130551, 8061
pause-pod-4-113, 1763676122519, 1763676130606, 8087
pause-pod-4-114, 1763676122534, 1763676130660, 8126
pause-pod-4-115, 1763676122569, 1763676130714, 8145
pause-pod-4-116, 1763676122593, 1763676130766, 8173
pause-pod-4-117, 1763676122610, 1763676130819, 8209
pause-pod-4-118, 1763676122614, 1763676130871, 8257
pause-pod-4-119, 1763676122636, 1763676130924, 8288
pause-pod-4-120, 1763676122642, 1763676130977, 8335
pause-pod-4-121, 1763676122687, 1763676131028, 8341
pause-pod-4-122, 1763676122706, 1763676131082, 8376
pause-pod-4-123, 1763676122727, 1763676131137, 8410
pause-pod-4-124, 1763676122745, 1763676131190, 8445
pause-pod-4-125, 1763676122748, 1763676131243, 8495
pause-pod-4-126, 1763676122764, 1763676131296, 8532
pause-pod-4-127, 1763676122771, 1763676131349, 8578
pause-pod-4-128, 1763676122781, 1763676131401, 8620
pause-pod-4-129, 1763676122812, 1763676131454, 8642
pause-pod-4-130, 1763676122823, 1763676131507, 8684
pause-pod-4-131, 1763676122837, 1763676131560, 8723
pause-pod-4-132, 1763676122843, 1763676131613, 8770
pause-pod-4-133, 1763676122849, 1763676131665, 8816
pause-pod-4-134, 1763676122866, 1763676131718, 8852
pause-pod-4-135, 1763676122877, 1763676131770, 8893
pause-pod-4-136, 1763676122895, 1763676131822, 8927
pause-pod-4-137, 1763676122901, 1763676131874, 8973
pause-pod-4-138, 1763676122931, 1763676131927, 8996
pause-pod-4-139, 1763676122970, 1763676131979, 9009
pause-pod-4-140, 1763676122974, 1763676132033, 9059
pause-pod-4-141, 1763676123015, 1763676132085, 9070
pause-pod-4-142, 1763676123019, 1763676132138, 9119
pause-pod-4-143, 1763676123044, 1763676132190, 9146
pause-pod-4-144, 1763676123055, 1763676132241, 9186
pause-pod-4-145, 1763676123060, 1763676132294, 9234
pause-pod-4-146, 1763676123064, 1763676132346, 9282
pause-pod-4-147, 1763676123081, 1763676132397, 9316
pause-pod-4-148, 1763676123088, 1763676132450, 9362
pause-pod-4-149, 1763676123102, 1763676132503, 9401
pause-pod-4-150, 1763676123132, 1763676132556, 9424
pause-pod-5-1, 1763676220401, 1763676223188, 2787
pause-pod-5-2, 1763676220403, 1763676223311, 2908
pause-pod-5-3, 1763676220405, 1763676223501, 3096
pause-pod-5-4, 1763676220407, 1763676223604, 3197
pause-pod-5-5, 1763676220408, 1763676223695, 3287
pause-pod-5-6, 1763676220410, 1763676223794, 3384
pause-pod-5-7, 1763676220412, 1763676223878, 3466
pause-pod-5-8, 1763676220414, 1763676223952, 3538
pause-pod-5-9, 1763676220416, 1763676224030, 3614
pause-pod-5-10, 1763676220419, 1763676224135, 3716
pause-pod-5-11, 1763676220421, 1763676224243, 3822
pause-pod-5-12, 1763676220423, 1763676224316, 3893
pause-pod-5-13, 1763676220426, 1763676224380, 3954
pause-pod-5-14, 1763676220429, 1763676224446, 4017
pause-pod-5-15, 1763676220432, 1763676224517, 4085
pause-pod-5-16, 1763676220442, 1763676224581, 4139
pause-pod-5-17, 1763676220446, 1763676224644, 4198
pause-pod-5-18, 1763676220452, 1763676224701, 4249
pause-pod-5-19, 1763676220484, 1763676224755, 4271
pause-pod-5-20, 1763676220489, 1763676224817, 4328
pause-pod-5-21, 1763676220494, 1763676224878, 4384
pause-pod-5-22, 1763676220497, 1763676224937, 4440
pause-pod-5-23, 1763676220501, 1763676224993, 4492
pause-pod-5-24, 1763676220517, 1763676225045, 4528
pause-pod-5-25, 1763676220525, 1763676225099, 4574
pause-pod-5-26, 1763676220530, 1763676225151, 4621
pause-pod-5-27, 1763676220549, 1763676225205, 4656
pause-pod-5-28, 1763676220559, 1763676225258, 4699
pause-pod-5-29, 1763676220566, 1763676225313, 4747
pause-pod-5-30, 1763676220573, 1763676225365, 4792
pause-pod-5-31, 1763676220614, 1763676225418, 4804
pause-pod-5-32, 1763676220628, 1763676225471, 4843
pause-pod-5-33, 1763676220632, 1763676225525, 4893
pause-pod-5-34, 1763676220637, 1763676225578, 4941
pause-pod-5-35, 1763676220641, 1763676225631, 4990
pause-pod-5-36, 1763676220645, 1763676225684, 5039
pause-pod-5-37, 1763676220674, 1763676225738, 5064
pause-pod-5-38, 1763676220694, 1763676225792, 5098
pause-pod-5-39, 1763676220728, 1763676225846, 5118
pause-pod-5-40, 1763676220747, 1763676225898, 5151
pause-pod-5-41, 1763676220751, 1763676225951, 5200
pause-pod-5-42, 1763676220762, 1763676226003, 5241
pause-pod-5-43, 1763676220767, 1763676226056, 5289
pause-pod-5-44, 1763676220772, 1763676226110, 5338
pause-pod-5-45, 1763676220796, 1763676226164, 5368
pause-pod-5-46, 1763676220809, 1763676226217, 5408
pause-pod-5-47, 1763676220814, 1763676226270, 5456
pause-pod-5-48, 1763676220821, 1763676226323, 5502
pause-pod-5-49, 1763676220825, 1763676226376, 5551
pause-pod-5-50, 1763676220834, 1763676226429, 5595
pause-pod-5-51, 1763676220843, 1763676226482, 5639
pause-pod-5-52, 1763676220851, 1763676226535, 5684
pause-pod-5-53, 1763676220855, 1763676226587, 5732
pause-pod-5-54, 1763676220869, 1763676226641, 5772
pause-pod-5-55, 1763676220891, 1763676226693, 5802
pause-pod-5-56, 1763676220905, 1763676226746, 5841
pause-pod-5-57, 1763676220942, 1763676226799, 5857
pause-pod-5-58, 1763676220974, 1763676226852, 5878
pause-pod-5-59, 1763676221001, 1763676226905, 5904
pause-pod-5-60, 1763676221013, 1763676226957, 5944
pause-pod-5-61, 1763676221018, 1763676227010, 5992
pause-pod-5-62, 1763676221028, 1763676227064, 6036
pause-pod-5-63, 1763676221036, 1763676227120, 6084
pause-pod-5-64, 1763676221049, 1763676227174, 6125
pause-pod-5-65, 1763676221061, 1763676227227, 6166
pause-pod-5-66, 1763676221069, 1763676227280, 6211
pause-pod-5-67, 1763676221076, 1763676227333, 6257
pause-pod-5-68, 1763676221082, 1763676227388, 6306
pause-pod-5-69, 1763676221087, 1763676227441, 6354
pause-pod-5-70, 1763676221090, 1763676227494, 6404
pause-pod-5-71, 1763676221095, 1763676227547, 6452
pause-pod-5-72, 1763676221103, 1763676227600, 6497
pause-pod-5-73, 1763676221106, 1763676227653, 6547
pause-pod-5-74, 1763676221140, 1763676227706, 6566
pause-pod-5-75, 1763676221145, 1763676227760, 6615
pause-pod-5-76, 1763676221175, 1763676227814, 6639
pause-pod-5-77, 1763676221205, 1763676227869, 6664
pause-pod-5-78, 1763676221210, 1763676227921, 6711
pause-pod-5-79, 1763676221222, 1763676227975, 6753
pause-pod-5-80, 1763676221231, 1763676228028, 6797
pause-pod-5-81, 1763676221263, 1763676228082, 6819
pause-pod-5-82, 1763676221293, 1763676228139, 6846
pause-pod-5-83, 1763676221303, 1763676228192, 6889
pause-pod-5-84, 1763676221330, 1763676228246, 6916
pause-pod-5-85, 1763676221384, 1763676228299, 6915
pause-pod-5-86, 1763676221394, 1763676228352, 6958
pause-pod-5-87, 1763676221417, 1763676228405, 6988
pause-pod-5-88, 1763676221430, 1763676228460, 7030
pause-pod-5-89, 1763676221436, 1763676228514, 7078
pause-pod-5-90, 1763676221442, 1763676228568, 7126
pause-pod-5-91, 1763676221456, 1763676228623, 7167
pause-pod-5-92, 1763676221503, 1763676228676, 7173
pause-pod-5-93, 1763676221512, 1763676228730, 7218
pause-pod-5-94, 1763676221521, 1763676228783, 7262
pause-pod-5-95, 1763676221526, 1763676228836, 7310
pause-pod-5-96, 1763676221540, 1763676228889, 7349
pause-pod-5-97, 1763676221553, 1763676228941, 7388
pause-pod-5-98, 1763676221559, 1763676228994, 7435
pause-pod-5-99, 1763676221565, 1763676229047, 7482
pause-pod-5-100, 1763676221615, 1763676229100, 7485
pause-pod-5-101, 1763676221629, 1763676229152, 7523
pause-pod-5-102, 1763676221644, 1763676229203, 7559
pause-pod-5-103, 1763676221648, 1763676229256, 7608
pause-pod-5-104, 1763676221660, 1763676229308, 7648
pause-pod-5-105, 1763676221673, 1763676229361, 7688
pause-pod-5-106, 1763676221690, 1763676229414, 7724
pause-pod-5-107, 1763676221722, 1763676229467, 7745
pause-pod-5-108, 1763676221783, 1763676229519, 7736
pause-pod-5-109, 1763676221788, 1763676229571, 7783
pause-pod-5-110, 1763676221798, 1763676229624, 7826
pause-pod-5-111, 1763676221802, 1763676229677, 7875
pause-pod-5-112, 1763676221829, 1763676229729, 7900
pause-pod-5-113, 1763676221854, 1763676229782, 7928
pause-pod-5-114, 1763676221871, 1763676229833, 7962
pause-pod-5-115, 1763676221893, 1763676229887, 7994
pause-pod-5-116, 1763676221908, 1763676229940, 8032
pause-pod-5-117, 1763676221913, 1763676229993, 8080
pause-pod-5-118, 1763676221926, 1763676230047, 8121
pause-pod-5-119, 1763676221933, 1763676230102, 8169
pause-pod-5-120, 1763676221957, 1763676230157, 8200
pause-pod-5-121, 1763676221967, 1763676230213, 8246
pause-pod-5-122, 1763676221981, 1763676230266, 8285
pause-pod-5-123, 1763676222018, 1763676230320, 8302
pause-pod-5-124, 1763676222029, 1763676230374, 8345
pause-pod-5-125, 1763676222032, 1763676230427, 8395
pause-pod-5-126, 1763676222037, 1763676230481, 8444
pause-pod-5-127, 1763676222040, 1763676230534, 8494
pause-pod-5-128, 1763676222044, 1763676230587, 8543
pause-pod-5-129, 1763676222049, 1763676230640, 8591
pause-pod-5-130, 1763676222062, 1763676230692, 8630
pause-pod-5-131, 1763676222069, 1763676230745, 8676
pause-pod-5-132, 1763676222150, 1763676230798, 8648
pause-pod-5-133, 1763676222193, 1763676230851, 8658
pause-pod-5-134, 1763676222198, 1763676230903, 8705
pause-pod-5-135, 1763676222202, 1763676230956, 8754
pause-pod-5-136, 1763676222205, 1763676231010, 8805
pause-pod-5-137, 1763676222224, 1763676231063, 8839
pause-pod-5-138, 1763676222247, 1763676231116, 8869
pause-pod-5-139, 1763676222253, 1763676231169, 8916
pause-pod-5-140, 1763676222264, 1763676231223, 8959
pause-pod-5-141, 1763676222280, 1763676231278, 8998
pause-pod-5-142, 1763676222285, 1763676231332, 9047
pause-pod-5-143, 1763676222303, 1763676231384, 9081
pause-pod-5-144, 1763676222329, 1763676231438, 9109
pause-pod-5-145, 1763676222333, 1763676231492, 9159
pause-pod-5-146, 1763676222337, 1763676231545, 9208
pause-pod-5-147, 1763676222343, 1763676231598, 9255
pause-pod-5-148, 1763676222346, 1763676231651, 9305
pause-pod-5-149, 1763676222351, 1763676231704, 9353
pause-pod-5-150, 1763676222375, 1763676231757, 9382
pause-pod-6-1, 1763676319670, 1763676322046, 2376
pause-pod-6-2, 1763676319672, 1763676322141, 2469
pause-pod-6-3, 1763676319674, 1763676322911, 3237
pause-pod-6-4, 1763676319676, 1763676323018, 3342
pause-pod-6-5, 1763676319678, 1763676323130, 3452
pause-pod-6-6, 1763676319680, 1763676323244, 3564
pause-pod-6-7, 1763676319683, 1763676323316, 3633
pause-pod-6-8, 1763676319685, 1763676323418, 3733
pause-pod-6-9, 1763676319688, 1763676323495, 3807
pause-pod-6-10, 1763676319691, 1763676323569, 3878
pause-pod-6-11, 1763676319694, 1763676323637, 3943
pause-pod-6-12, 1763676319697, 1763676323707, 4010
pause-pod-6-13, 1763676319700, 1763676323778, 4078
pause-pod-6-14, 1763676319703, 1763676323848, 4145
pause-pod-6-15, 1763676319708, 1763676323914, 4206
pause-pod-6-16, 1763676319712, 1763676323991, 4279
pause-pod-6-17, 1763676319715, 1763676324060, 4345
pause-pod-6-18, 1763676319719, 1763676324120, 4401
pause-pod-6-19, 1763676319739, 1763676324179, 4440
pause-pod-6-20, 1763676319767, 1763676324236, 4469
pause-pod-6-21, 1763676319772, 1763676324304, 4532
pause-pod-6-22, 1763676319776, 1763676324394, 4618
pause-pod-6-23, 1763676319801, 1763676324452, 4651
pause-pod-6-24, 1763676319810, 1763676324508, 4698
pause-pod-6-25, 1763676319819, 1763676324567, 4748
pause-pod-6-26, 1763676319832, 1763676324623, 4791
pause-pod-6-27, 1763676319848, 1763676324680, 4832
pause-pod-6-28, 1763676319852, 1763676324747, 4895
pause-pod-6-29, 1763676319865, 1763676324819, 4954
pause-pod-6-30, 1763676319872, 1763676324876, 5004
pause-pod-6-31, 1763676319880, 1763676324934, 5054
pause-pod-6-32, 1763676319895, 1763676324999, 5104
pause-pod-6-33, 1763676319898, 1763676325057, 5159
pause-pod-6-34, 1763676319906, 1763676325124, 5218
pause-pod-6-35, 1763676319910, 1763676325180, 5270
pause-pod-6-36, 1763676319943, 1763676325237, 5294
pause-pod-6-37, 1763676319946, 1763676325294, 5348
pause-pod-6-38, 1763676319958, 1763676325349, 5391
pause-pod-6-39, 1763676319970, 1763676325405, 5435
pause-pod-6-40, 1763676319980, 1763676325461, 5481
pause-pod-6-41, 1763676319986, 1763676325520, 5534
pause-pod-6-42, 1763676320007, 1763676325576, 5569
pause-pod-6-43, 1763676320017, 1763676325632, 5615
pause-pod-6-44, 1763676320025, 1763676325722, 5697
pause-pod-6-45, 1763676320034, 1763676325780, 5746
pause-pod-6-46, 1763676320045, 1763676325847, 5802
pause-pod-6-47, 1763676320062, 1763676325902, 5840
pause-pod-6-48, 1763676320070, 1763676325959, 5889
pause-pod-6-49, 1763676320103, 1763676326017, 5914
pause-pod-6-50, 1763676320125, 1763676326074, 5949
pause-pod-6-51, 1763676320139, 1763676326138, 5999
pause-pod-6-52, 1763676320151, 1763676326195, 6044
pause-pod-6-53, 1763676320173, 1763676326251, 6078
pause-pod-6-54, 1763676320191, 1763676326308, 6117
pause-pod-6-55, 1763676320210, 1763676326368, 6158
pause-pod-6-56, 1763676320215, 1763676326426, 6211
pause-pod-6-57, 1763676320222, 1763676326485, 6263
pause-pod-6-58, 1763676320227, 1763676326541, 6314
pause-pod-6-59, 1763676320243, 1763676326602, 6359
pause-pod-6-60, 1763676320256, 1763676326657, 6401
pause-pod-6-61, 1763676320268, 1763676326715, 6447
pause-pod-6-62, 1763676320275, 1763676326775, 6500
pause-pod-6-63, 1763676320284, 1763676326831, 6547
pause-pod-6-64, 1763676320291, 1763676326913, 6622
pause-pod-6-65, 1763676320295, 1763676326968, 6673
pause-pod-6-66, 1763676320308, 1763676327024, 6716
pause-pod-6-67, 1763676320323, 1763676327084, 6761
pause-pod-6-68, 1763676320351, 1763676327140, 6789
pause-pod-6-69, 1763676320383, 1763676327196, 6813
pause-pod-6-70, 1763676320409, 1763676327256, 6847
pause-pod-6-71, 1763676320412, 1763676327314, 6902
pause-pod-6-72, 1763676320428, 1763676327376, 6948
pause-pod-6-73, 1763676320437, 1763676327432, 6995
pause-pod-6-74, 1763676320442, 1763676327487, 7045
pause-pod-6-75, 1763676320458, 1763676327542, 7084
pause-pod-6-76, 1763676320463, 1763676327599, 7136
pause-pod-6-77, 1763676320466, 1763676327654, 7188
pause-pod-6-78, 1763676320474, 1763676327709, 7235
pause-pod-6-79, 1763676320483, 1763676327767, 7284
pause-pod-6-80, 1763676320497, 1763676327830, 7333
pause-pod-6-81, 1763676320508, 1763676327897, 7389
pause-pod-6-82, 1763676320575, 1763676327954, 7379
pause-pod-6-83, 1763676320581, 1763676328024, 7443
pause-pod-6-84, 1763676320587, 1763676328080, 7493
pause-pod-6-85, 1763676320592, 1763676328146, 7554
pause-pod-6-86, 1763676320611, 1763676328206, 7595
pause-pod-6-87, 1763676320657, 1763676328261, 7604
pause-pod-6-88, 1763676320670, 1763676328321, 7651
pause-pod-6-89, 1763676320683, 1763676328381, 7698
pause-pod-6-90, 1763676320690, 1763676328439, 7749
pause-pod-6-91, 1763676320703, 1763676328496, 7793
pause-pod-6-92, 1763676320721, 1763676328551, 7830
pause-pod-6-93, 1763676320747, 1763676328607, 7860
pause-pod-6-94, 1763676320770, 1763676328661, 7891
pause-pod-6-95, 1763676320787, 1763676328717, 7930
pause-pod-6-96, 1763676320803, 1763676328774, 7971
pause-pod-6-97, 1763676320809, 1763676328831, 8022
pause-pod-6-98, 1763676320825, 1763676328887, 8062
pause-pod-6-99, 1763676320831, 1763676328942, 8111
pause-pod-6-100, 1763676320850, 1763676328999, 8149
pause-pod-6-101, 1763676320853, 1763676329054, 8201
pause-pod-6-102, 1763676320873, 1763676329111, 8238
pause-pod-6-103, 1763676320900, 1763676329177, 8277
pause-pod-6-104, 1763676320943, 1763676329234, 8291
pause-pod-6-105, 1763676320959, 1763676329292, 8333
pause-pod-6-106, 1763676320965, 1763676329381, 8416
pause-pod-6-107, 1763676320975, 1763676329438, 8463
pause-pod-6-108, 1763676320985, 1763676329497, 8512
pause-pod-6-109, 1763676321029, 1763676329552, 8523
pause-pod-6-110, 1763676321076, 1763676329608, 8532
pause-pod-6-111, 1763676321117, 1763676329676, 8559
pause-pod-6-112, 1763676321123, 1763676329735, 8612
pause-pod-6-113, 1763676321156, 1763676329791, 8635
pause-pod-6-114, 1763676321164, 1763676329848, 8684
pause-pod-6-115, 1763676321168, 1763676329903, 8735
pause-pod-6-116, 1763676321186, 1763676329961, 8775
pause-pod-6-117, 1763676321191, 1763676330019, 8828
pause-pod-6-118, 1763676321197, 1763676330074, 8877
pause-pod-6-119, 1763676321202, 1763676330129, 8927
pause-pod-6-120, 1763676321207, 1763676330185, 8978
pause-pod-6-121, 1763676321231, 1763676330242, 9011
pause-pod-6-122, 1763676321243, 1763676330296, 9053
pause-pod-6-123, 1763676321268, 1763676330352, 9084
pause-pod-6-124, 1763676321274, 1763676330408, 9134
pause-pod-6-125, 1763676321300, 1763676330463, 9163
pause-pod-6-126, 1763676321335, 1763676330521, 9186
pause-pod-6-127, 1763676321358, 1763676330577, 9219
pause-pod-6-128, 1763676321375, 1763676330634, 9259
pause-pod-6-129, 1763676321382, 1763676330692, 9310
pause-pod-6-130, 1763676321414, 1763676330763, 9349
pause-pod-6-131, 1763676321426, 1763676330821, 9395
pause-pod-6-132, 1763676321446, 1763676330878, 9432
pause-pod-6-133, 1763676321468, 1763676330934, 9466
pause-pod-6-134, 1763676321513, 1763676330992, 9479
pause-pod-6-135, 1763676321525, 1763676331048, 9523
pause-pod-6-136, 1763676321532, 1763676331121, 9589
pause-pod-6-137, 1763676321543, 1763676331175, 9632
pause-pod-6-138, 1763676321563, 1763676331229, 9666
pause-pod-6-139, 1763676321596, 1763676331281, 9685
pause-pod-6-140, 1763676321608, 1763676331334, 9726
pause-pod-6-141, 1763676321632, 1763676331387, 9755
pause-pod-6-142, 1763676321639, 1763676331440, 9801
pause-pod-6-143, 1763676321651, 1763676331493, 9842
pause-pod-6-144, 1763676321695, 1763676331550, 9855
pause-pod-6-145, 1763676321700, 1763676331603, 9903
pause-pod-6-146, 1763676321704, 1763676331656, 9952
pause-pod-6-147, 1763676321750, 1763676331709, 9959
pause-pod-6-148, 1763676321754, 1763676331762, 10008
pause-pod-6-149, 1763676321768, 1763676331816, 10048
pause-pod-6-150, 1763676321774, 1763676331869, 10095
