Pod Name, Delete Start Timestamp, Deleted Confirmed Timestamp, Delete Latency (milliseconds)
pause-pod-1-1, 1763673839931, 1763673841385, 1454
pause-pod-1-2, 1763673839933, 1763673841625, 1692
pause-pod-1-3, 1763673839936, 1763673841686, 1750
pause-pod-1-4, 1763673839938, 1763673841745, 1807
pause-pod-1-5, 1763673839940, 1763673841815, 1875
pause-pod-1-6, 1763673839942, 1763673841885, 1943
pause-pod-1-7, 1763673839944, 1763673841955, 2011
pause-pod-1-8, 1763673839947, 1763673842018, 2071
pause-pod-1-9, 1763673839950, 1763673842087, 2137
pause-pod-1-10, 1763673839952, 1763673842158, 2206
pause-pod-1-11, 1763673839955, 1763673842215, 2260
pause-pod-1-12, 1763673839958, 1763673842269, 2311
pause-pod-1-13, 1763673839960, 1763673842324, 2364
pause-pod-1-14, 1763673839963, 1763673842386, 2423
pause-pod-1-15, 1763673839966, 1763673842443, 2477
pause-pod-1-16, 1763673839997, 1763673842497, 2500
pause-pod-1-17, 1763673840004, 1763673842551, 2547
pause-pod-1-18, 1763673840011, 1763673842606, 2595
pause-pod-1-19, 1763673840014, 1763673842660, 2646
pause-pod-1-20, 1763673840031, 1763673842714, 2683
pause-pod-1-21, 1763673840035, 1763673842782, 2747
pause-pod-1-22, 1763673840056, 1763673842850, 2794
pause-pod-1-23, 1763673840063, 1763673842904, 2841
pause-pod-1-24, 1763673840081, 1763673842959, 2878
pause-pod-1-25, 1763673840089, 1763673843013, 2924
pause-pod-1-26, 1763673840099, 1763673843068, 2969
pause-pod-1-27, 1763673840111, 1763673843123, 3012
pause-pod-1-28, 1763673840146, 1763673843178, 3032
pause-pod-1-29, 1763673840153, 1763673843242, 3089
pause-pod-1-30, 1763673840156, 1763673843296, 3140
pause-pod-1-31, 1763673840174, 1763673843351, 3177
pause-pod-1-32, 1763673840193, 1763673843405, 3212
pause-pod-1-33, 1763673840198, 1763673843460, 3262
pause-pod-1-34, 1763673840206, 1763673843514, 3308
pause-pod-1-35, 1763673840215, 1763673843569, 3354
pause-pod-1-36, 1763673840218, 1763673843622, 3404
pause-pod-1-37, 1763673840224, 1763673843675, 3451
pause-pod-1-38, 1763673840236, 1763673843730, 3494
pause-pod-1-39, 1763673840243, 1763673843794, 3551
pause-pod-1-40, 1763673840247, 1763673843847, 3600
pause-pod-1-41, 1763673840264, 1763673843902, 3638
pause-pod-1-42, 1763673840268, 1763673843957, 3689
pause-pod-1-43, 1763673840274, 1763673844016, 3742
pause-pod-1-44, 1763673840281, 1763673844079, 3798
pause-pod-1-45, 1763673840309, 1763673844135, 3826
pause-pod-1-46, 1763673840322, 1763673844188, 3866
pause-pod-1-47, 1763673840331, 1763673844244, 3913
pause-pod-1-48, 1763673840336, 1763673844298, 3962
pause-pod-1-49, 1763673840362, 1763673844352, 3990
pause-pod-1-50, 1763673840377, 1763673844407, 4030
pause-pod-2-1, 1763673914259, 1763673915610, 1351
pause-pod-2-2, 1763673914261, 1763673915789, 1528
pause-pod-2-3, 1763673914263, 1763673915850, 1587
pause-pod-2-4, 1763673914265, 1763673915906, 1641
pause-pod-2-5, 1763673914268, 1763673915965, 1697
pause-pod-2-6, 1763673914270, 1763673916020, 1750
pause-pod-2-7, 1763673914272, 1763673916075, 1803
pause-pod-2-8, 1763673914274, 1763673916130, 1856
pause-pod-2-9, 1763673914276, 1763673916187, 1911
pause-pod-2-10, 1763673914279, 1763673916242, 1963
pause-pod-2-11, 1763673914282, 1763673916295, 2013
pause-pod-2-12, 1763673914290, 1763673916348, 2058
pause-pod-2-13, 1763673914292, 1763673916401, 2109
pause-pod-2-14, 1763673914295, 1763673916456, 2161
pause-pod-2-15, 1763673914298, 1763673916510, 2212
pause-pod-2-16, 1763673914301, 1763673916566, 2265
pause-pod-2-17, 1763673914304, 1763673916629, 2325
pause-pod-2-18, 1763673914307, 1763673916684, 2377
pause-pod-2-19, 1763673914310, 1763673916738, 2428
pause-pod-2-20, 1763673914314, 1763673916792, 2478
pause-pod-2-21, 1763673914320, 1763673916845, 2525
pause-pod-2-22, 1763673914324, 1763673916900, 2576
pause-pod-2-23, 1763673914340, 1763673916954, 2614
pause-pod-2-24, 1763673914344, 1763673917008, 2664
pause-pod-2-25, 1763673914347, 1763673917061, 2714
pause-pod-2-26, 1763673914377, 1763673917116, 2739
pause-pod-2-27, 1763673914389, 1763673917169, 2780
pause-pod-2-28, 1763673914395, 1763673917223, 2828
pause-pod-2-29, 1763673914424, 1763673917278, 2854
pause-pod-2-30, 1763673914457, 1763673917332, 2875
pause-pod-2-31, 1763673914473, 1763673917386, 2913
pause-pod-2-32, 1763673914493, 1763673917440, 2947
pause-pod-2-33, 1763673914522, 1763673917494, 2972
pause-pod-2-34, 1763673914533, 1763673917547, 3014
pause-pod-2-35, 1763673914537, 1763673917600, 3063
pause-pod-2-36, 1763673914545, 1763673917655, 3110
pause-pod-2-37, 1763673914550, 1763673917709, 3159
pause-pod-2-38, 1763673914553, 1763673917763, 3210
pause-pod-2-39, 1763673914565, 1763673917817, 3252
pause-pod-2-40, 1763673914577, 1763673917871, 3294
pause-pod-2-41, 1763673914582, 1763673917926, 3344
pause-pod-2-42, 1763673914587, 1763673917979, 3392
pause-pod-2-43, 1763673914608, 1763673918033, 3425
pause-pod-2-44, 1763673914611, 1763673918086, 3475
pause-pod-2-45, 1763673914638, 1763673918142, 3504
pause-pod-2-46, 1763673914657, 1763673918197, 3540
pause-pod-2-47, 1763673914669, 1763673918250, 3581
pause-pod-2-48, 1763673914679, 1763673918304, 3625
pause-pod-2-49, 1763673914683, 1763673918359, 3676
pause-pod-2-50, 1763673914688, 1763673918414, 3726
pause-pod-3-1, 1763673988419, 1763673989991, 1572
pause-pod-3-2, 1763673988421, 1763673990057, 1636
pause-pod-3-3, 1763673988423, 1763673990115, 1692
pause-pod-3-4, 1763673988425, 1763673990171, 1746
pause-pod-3-5, 1763673988427, 1763673990227, 1800
pause-pod-3-6, 1763673988429, 1763673990280, 1851
pause-pod-3-7, 1763673988431, 1763673990333, 1902
pause-pod-3-8, 1763673988434, 1763673990387, 1953
pause-pod-3-9, 1763673988436, 1763673990441, 2005
pause-pod-3-10, 1763673988438, 1763673990494, 2056
pause-pod-3-11, 1763673988441, 1763673990548, 2107
pause-pod-3-12, 1763673988444, 1763673990601, 2157
pause-pod-3-13, 1763673988448, 1763673990657, 2209
pause-pod-3-14, 1763673988451, 1763673990711, 2260
pause-pod-3-15, 1763673988454, 1763673990765, 2311
pause-pod-3-16, 1763673988457, 1763673990818, 2361
pause-pod-3-17, 1763673988461, 1763673990875, 2414
pause-pod-3-18, 1763673988464, 1763673990928, 2464
pause-pod-3-19, 1763673988491, 1763673990982, 2491
pause-pod-3-20, 1763673988496, 1763673991035, 2539
pause-pod-3-21, 1763673988530, 1763673991088, 2558
pause-pod-3-22, 1763673988534, 1763673991142, 2608
pause-pod-3-23, 1763673988538, 1763673991197, 2659
pause-pod-3-24, 1763673988541, 1763673991251, 2710
pause-pod-3-25, 1763673988545, 1763673991306, 2761
pause-pod-3-26, 1763673988550, 1763673991359, 2809
pause-pod-3-27, 1763673988553, 1763673991412, 2859
pause-pod-3-28, 1763673988565, 1763673991466, 2901
pause-pod-3-29, 1763673988611, 1763673991520, 2909
pause-pod-3-30, 1763673988617, 1763673991573, 2956
pause-pod-3-31, 1763673988629, 1763673991626, 2997
pause-pod-3-32, 1763673988639, 1763673991678, 3039
pause-pod-3-33, 1763673988648, 1763673991731, 3083
pause-pod-3-34, 1763673988659, 1763673991785, 3126
pause-pod-3-35, 1763673988665, 1763673991840, 3175
pause-pod-3-36, 1763673988695, 1763673991894, 3199
pause-pod-3-37, 1763673988704, 1763673991948, 3244
pause-pod-3-38, 1763673988711, 1763673992002, 3291
pause-pod-3-39, 1763673988722, 1763673992055, 3333
pause-pod-3-40, 1763673988730, 1763673992110, 3380
pause-pod-3-41, 1763673988735, 1763673992164, 3429
pause-pod-3-42, 1763673988740, 1763673992218, 3478
pause-pod-3-43, 1763673988748, 1763673992273, 3525
pause-pod-3-44, 1763673988756, 1763673992327, 3571
pause-pod-3-45, 1763673988761, 1763673992380, 3619
pause-pod-3-46, 1763673988770, 1763673992433, 3663
pause-pod-3-47, 1763673988791, 1763673992487, 3696
pause-pod-3-48, 1763673988803, 1763673992540, 3737
pause-pod-3-49, 1763673988809, 1763673992593, 3784
pause-pod-3-50, 1763673988833, 1763673992646, 3813
pause-pod-4-1, 1763674062134, 1763674063126, 992
pause-pod-4-2, 1763674062136, 1763674063188, 1052
pause-pod-4-3, 1763674062138, 1763674063413, 1275
pause-pod-4-4, 1763674062140, 1763674064140, 2000
pause-pod-4-5, 1763674062142, 1763674064203, 2061
pause-pod-4-6, 1763674062144, 1763674064266, 2122
pause-pod-4-7, 1763674062146, 1763674064322, 2176
pause-pod-4-8, 1763674062149, 1763674064378, 2229
pause-pod-4-9, 1763674062151, 1763674064433, 2282
pause-pod-4-10, 1763674062154, 1763674064486, 2332
pause-pod-4-11, 1763674062157, 1763674064539, 2382
pause-pod-4-12, 1763674062166, 1763674064592, 2426
pause-pod-4-13, 1763674062169, 1763674064646, 2477
pause-pod-4-14, 1763674062174, 1763674064700, 2526
pause-pod-4-15, 1763674062179, 1763674064753, 2574
pause-pod-4-16, 1763674062183, 1763674064808, 2625
pause-pod-4-17, 1763674062186, 1763674064862, 2676
pause-pod-4-18, 1763674062203, 1763674064920, 2717
pause-pod-4-19, 1763674062206, 1763674064974, 2768
pause-pod-4-20, 1763674062214, 1763674065028, 2814
pause-pod-4-21, 1763674062226, 1763674065082, 2856
pause-pod-4-22, 1763674062247, 1763674065136, 2889
pause-pod-4-23, 1763674062255, 1763674065189, 2934
pause-pod-4-24, 1763674062276, 1763674065243, 2967
pause-pod-4-25, 1763674062308, 1763674065297, 2989
pause-pod-4-26, 1763674062318, 1763674065351, 3033
pause-pod-4-27, 1763674062326, 1763674065404, 3078
pause-pod-4-28, 1763674062331, 1763674065458, 3127
pause-pod-4-29, 1763674062335, 1763674065510, 3175
pause-pod-4-30, 1763674062338, 1763674065564, 3226
pause-pod-4-31, 1763674062347, 1763674065617, 3270
pause-pod-4-32, 1763674062353, 1763674065669, 3316
pause-pod-4-33, 1763674062360, 1763674065722, 3362
pause-pod-4-34, 1763674062375, 1763674065776, 3401
pause-pod-4-35, 1763674062381, 1763674065829, 3448
pause-pod-4-36, 1763674062391, 1763674065882, 3491
pause-pod-4-37, 1763674062403, 1763674065935, 3532
pause-pod-4-38, 1763674062406, 1763674065989, 3583
pause-pod-4-39, 1763674062409, 1763674066042, 3633
pause-pod-4-40, 1763674062424, 1763674066096, 3672
pause-pod-4-41, 1763674062432, 1763674066149, 3717
pause-pod-4-42, 1763674062447, 1763674066203, 3756
pause-pod-4-43, 1763674062469, 1763674066256, 3787
pause-pod-4-44, 1763674062483, 1763674066310, 3827
pause-pod-4-45, 1763674062495, 1763674066364, 3869
pause-pod-4-46, 1763674062511, 1763674066417, 3906
pause-pod-4-47, 1763674062520, 1763674066472, 3952
pause-pod-4-48, 1763674062533, 1763674066526, 3993
pause-pod-4-49, 1763674062548, 1763674066580, 4032
pause-pod-4-50, 1763674062564, 1763674066634, 4070
pause-pod-5-1, 1763674136557, 1763674138537, 1980
pause-pod-5-2, 1763674136559, 1763674138594, 2035
pause-pod-5-3, 1763674136561, 1763674138648, 2087
pause-pod-5-4, 1763674136562, 1763674138702, 2140
pause-pod-5-5, 1763674136564, 1763674138756, 2192
pause-pod-5-6, 1763674136565, 1763674138810, 2245
pause-pod-5-7, 1763674136567, 1763674138865, 2298
pause-pod-5-8, 1763674136569, 1763674138919, 2350
pause-pod-5-9, 1763674136571, 1763674138973, 2402
pause-pod-5-10, 1763674136573, 1763674139026, 2453
pause-pod-5-11, 1763674136575, 1763674139079, 2504
pause-pod-5-12, 1763674136577, 1763674139134, 2557
pause-pod-5-13, 1763674136580, 1763674139188, 2608
pause-pod-5-14, 1763674136582, 1763674139241, 2659
pause-pod-5-15, 1763674136585, 1763674139294, 2709
pause-pod-5-16, 1763674136589, 1763674139349, 2760
pause-pod-5-17, 1763674136592, 1763674139403, 2811
pause-pod-5-18, 1763674136621, 1763674139457, 2836
pause-pod-5-19, 1763674136647, 1763674139511, 2864
pause-pod-5-20, 1763674136652, 1763674139564, 2912
pause-pod-5-21, 1763674136661, 1763674139618, 2957
pause-pod-5-22, 1763674136670, 1763674139671, 3001
pause-pod-5-23, 1763674136680, 1763674139726, 3046
pause-pod-5-24, 1763674136702, 1763674139779, 3077
pause-pod-5-25, 1763674136705, 1763674139832, 3127
pause-pod-5-26, 1763674136708, 1763674139886, 3178
pause-pod-5-27, 1763674136723, 1763674139940, 3217
pause-pod-5-28, 1763674136727, 1763674139993, 3266
pause-pod-5-29, 1763674136741, 1763674140046, 3305
pause-pod-5-30, 1763674136750, 1763674140099, 3349
pause-pod-5-31, 1763674136756, 1763674140150, 3394
pause-pod-5-32, 1763674136777, 1763674140203, 3426
pause-pod-5-33, 1763674136791, 1763674140256, 3465
pause-pod-5-34, 1763674136795, 1763674140309, 3514
pause-pod-5-35, 1763674136808, 1763674140363, 3555
pause-pod-5-36, 1763674136813, 1763674140416, 3603
pause-pod-5-37, 1763674136819, 1763674140469, 3650
pause-pod-5-38, 1763674136851, 1763674140523, 3672
pause-pod-5-39, 1763674136857, 1763674140576, 3719
pause-pod-5-40, 1763674136861, 1763674140629, 3768
pause-pod-5-41, 1763674136903, 1763674140682, 3779
pause-pod-5-42, 1763674136924, 1763674140735, 3811
pause-pod-5-43, 1763674136928, 1763674140788, 3860
pause-pod-5-44, 1763674136931, 1763674140841, 3910
pause-pod-5-45, 1763674136941, 1763674140895, 3954
pause-pod-5-46, 1763674136944, 1763674140948, 4004
pause-pod-5-47, 1763674136947, 1763674141002, 4055
pause-pod-5-48, 1763674136953, 1763674141055, 4102
pause-pod-5-49, 1763674136981, 1763674141108, 4127
pause-pod-5-50, 1763674136988, 1763674141162, 4174
pause-pod-6-1, 1763674211368, 1763674212905, 1537
pause-pod-6-2, 1763674211369, 1763674212964, 1595
pause-pod-6-3, 1763674211371, 1763674213018, 1647
pause-pod-6-4, 1763674211373, 1763674213698, 2325
pause-pod-6-5, 1763674211374, 1763674213755, 2381
pause-pod-6-6, 1763674211376, 1763674213809, 2433
pause-pod-6-7, 1763674211378, 1763674213865, 2487
pause-pod-6-8, 1763674211380, 1763674213919, 2539
pause-pod-6-9, 1763674211382, 1763674213974, 2592
pause-pod-6-10, 1763674211384, 1763674214028, 2644
pause-pod-6-11, 1763674211387, 1763674214083, 2696
pause-pod-6-12, 1763674211389, 1763674214137, 2748
pause-pod-6-13, 1763674211391, 1763674214192, 2801
pause-pod-6-14, 1763674211396, 1763674214246, 2850
pause-pod-6-15, 1763674211400, 1763674214300, 2900
pause-pod-6-16, 1763674211416, 1763674214353, 2937
pause-pod-6-17, 1763674211419, 1763674214406, 2987
pause-pod-6-18, 1763674211427, 1763674214461, 3034
pause-pod-6-19, 1763674211431, 1763674214515, 3084
pause-pod-6-20, 1763674211440, 1763674214570, 3130
pause-pod-6-21, 1763674211452, 1763674214624, 3172
pause-pod-6-22, 1763674211459, 1763674214678, 3219
pause-pod-6-23, 1763674211468, 1763674214732, 3264
pause-pod-6-24, 1763674211471, 1763674214787, 3316
pause-pod-6-25, 1763674211511, 1763674214841, 3330
pause-pod-6-26, 1763674211523, 1763674214896, 3373
pause-pod-6-27, 1763674211533, 1763674214950, 3417
pause-pod-6-28, 1763674211547, 1763674215004, 3457
pause-pod-6-29, 1763674211557, 1763674215059, 3502
pause-pod-6-30, 1763674211572, 1763674215113, 3541
pause-pod-6-31, 1763674211591, 1763674215167, 3576
pause-pod-6-32, 1763674211598, 1763674215221, 3623
pause-pod-6-33, 1763674211607, 1763674215275, 3668
pause-pod-6-34, 1763674211613, 1763674215330, 3717
pause-pod-6-35, 1763674211621, 1763674215385, 3764
pause-pod-6-36, 1763674211631, 1763674215439, 3808
pause-pod-6-37, 1763674211656, 1763674215495, 3839
pause-pod-6-38, 1763674211673, 1763674215549, 3876
pause-pod-6-39, 1763674211690, 1763674215603, 3913
pause-pod-6-40, 1763674211695, 1763674215657, 3962
pause-pod-6-41, 1763674211704, 1763674215719, 4015
pause-pod-6-42, 1763674211710, 1763674215774, 4064
pause-pod-6-43, 1763674211720, 1763674215829, 4109
pause-pod-6-44, 1763674211725, 1763674215883, 4158
pause-pod-6-45, 1763674211730, 1763674215937, 4207
pause-pod-6-46, 1763674211773, 1763674215991, 4218
pause-pod-6-47, 1763674211777, 1763674216046, 4269
pause-pod-6-48, 1763674211784, 1763674216100, 4316
pause-pod-6-49, 1763674211792, 1763674216154, 4362
pause-pod-6-50, 1763674211795, 1763674216208, 4413
