Pod Name, Creation Timestamp, Ready Timestamp, Latency (milliseconds)
pause-pod-1-1, 1763673829642, 1763673831296, 1654
pause-pod-1-2, 1763673829644, 1763673831488, 1844
pause-pod-1-3, 1763673829646, 1763673832302, 2656
pause-pod-1-4, 1763673829649, 1763673832465, 2816
pause-pod-1-5, 1763673829655, 1763673832623, 2968
pause-pod-1-6, 1763673829657, 1763673832782, 3125
pause-pod-1-7, 1763673829660, 1763673832939, 3279
pause-pod-1-8, 1763673829664, 1763673833099, 3435
pause-pod-1-9, 1763673829668, 1763673833258, 3590
pause-pod-1-10, 1763673829671, 1763673833418, 3747
pause-pod-1-11, 1763673829675, 1763673833584, 3909
pause-pod-1-12, 1763673829678, 1763673833744, 4066
pause-pod-1-13, 1763673829681, 1763673833906, 4225
pause-pod-1-14, 1763673829684, 1763673834062, 4378
pause-pod-1-15, 1763673829695, 1763673834223, 4528
pause-pod-1-16, 1763673829699, 1763673834382, 4683
pause-pod-1-17, 1763673829702, 1763673834552, 4850
pause-pod-1-18, 1763673829706, 1763673834713, 5007
pause-pod-1-19, 1763673829732, 1763673834871, 5139
pause-pod-1-20, 1763673829765, 1763673835054, 5289
pause-pod-1-21, 1763673829775, 1763673835212, 5437
pause-pod-1-22, 1763673829780, 1763673835369, 5589
pause-pod-1-23, 1763673829784, 1763673835527, 5743
pause-pod-1-24, 1763673829789, 1763673835683, 5894
pause-pod-1-25, 1763673829807, 1763673835838, 6031
pause-pod-1-26, 1763673829834, 1763673835993, 6159
pause-pod-1-27, 1763673829850, 1763673836147, 6297
pause-pod-1-28, 1763673829881, 1763673836302, 6421
pause-pod-1-29, 1763673829932, 1763673836456, 6524
pause-pod-1-30, 1763673829961, 1763673836626, 6665
pause-pod-1-31, 1763673829992, 1763673836782, 6790
pause-pod-1-32, 1763673830010, 1763673836938, 6928
pause-pod-1-33, 1763673830033, 1763673837098, 7065
pause-pod-1-34, 1763673830073, 1763673837254, 7181
pause-pod-1-35, 1763673830086, 1763673837409, 7323
pause-pod-1-36, 1763673830108, 1763673837564, 7456
pause-pod-1-37, 1763673830111, 1763673837721, 7610
pause-pod-1-38, 1763673830117, 1763673837884, 7767
pause-pod-1-39, 1763673830156, 1763673838047, 7891
pause-pod-1-40, 1763673830168, 1763673838231, 8063
pause-pod-1-41, 1763673830186, 1763673838387, 8201
pause-pod-1-42, 1763673830210, 1763673838542, 8332
pause-pod-1-43, 1763673830222, 1763673838699, 8477
pause-pod-1-44, 1763673830238, 1763673838858, 8620
pause-pod-1-45, 1763673830251, 1763673839013, 8762
pause-pod-1-46, 1763673830267, 1763673839177, 8910
pause-pod-1-47, 1763673830295, 1763673839348, 9053
pause-pod-1-48, 1763673830298, 1763673839507, 9209
pause-pod-1-49, 1763673830306, 1763673839663, 9357
pause-pod-1-50, 1763673830320, 1763673839819, 9499
pause-pod-2-1, 1763673904423, 1763673906490, 2067
pause-pod-2-2, 1763673904425, 1763673906656, 2231
pause-pod-2-3, 1763673904427, 1763673906814, 2387
pause-pod-2-4, 1763673904429, 1763673906970, 2541
pause-pod-2-5, 1763673904432, 1763673907127, 2695
pause-pod-2-6, 1763673904435, 1763673907284, 2849
pause-pod-2-7, 1763673904437, 1763673907440, 3003
pause-pod-2-8, 1763673904440, 1763673907595, 3155
pause-pod-2-9, 1763673904443, 1763673907752, 3309
pause-pod-2-10, 1763673904446, 1763673907909, 3463
pause-pod-2-11, 1763673904449, 1763673908066, 3617
pause-pod-2-12, 1763673904453, 1763673908224, 3771
pause-pod-2-13, 1763673904457, 1763673908380, 3923
pause-pod-2-14, 1763673904461, 1763673908538, 4077
pause-pod-2-15, 1763673904480, 1763673908695, 4215
pause-pod-2-16, 1763673904492, 1763673908850, 4358
pause-pod-2-17, 1763673904495, 1763673909006, 4511
pause-pod-2-18, 1763673904498, 1763673909161, 4663
pause-pod-2-19, 1763673904516, 1763673909317, 4801
pause-pod-2-20, 1763673904520, 1763673909473, 4953
pause-pod-2-21, 1763673904559, 1763673909629, 5070
pause-pod-2-22, 1763673904586, 1763673909784, 5198
pause-pod-2-23, 1763673904610, 1763673909940, 5330
pause-pod-2-24, 1763673904614, 1763673910096, 5482
pause-pod-2-25, 1763673904636, 1763673910252, 5616
pause-pod-2-26, 1763673904646, 1763673910407, 5761
pause-pod-2-27, 1763673904674, 1763673910563, 5889
pause-pod-2-28, 1763673904700, 1763673910720, 6020
pause-pod-2-29, 1763673904731, 1763673910875, 6144
pause-pod-2-30, 1763673904736, 1763673911031, 6295
pause-pod-2-31, 1763673904739, 1763673911187, 6448
pause-pod-2-32, 1763673904755, 1763673911343, 6588
pause-pod-2-33, 1763673904762, 1763673911498, 6736
pause-pod-2-34, 1763673904796, 1763673911657, 6861
pause-pod-2-35, 1763673904814, 1763673911812, 6998
pause-pod-2-36, 1763673904856, 1763673911968, 7112
pause-pod-2-37, 1763673904870, 1763673912123, 7253
pause-pod-2-38, 1763673904880, 1763673912279, 7399
pause-pod-2-39, 1763673904888, 1763673912435, 7547
pause-pod-2-40, 1763673904900, 1763673912591, 7691
pause-pod-2-41, 1763673904918, 1763673912747, 7829
pause-pod-2-42, 1763673904926, 1763673912902, 7976
pause-pod-2-43, 1763673904962, 1763673913059, 8097
pause-pod-2-44, 1763673904978, 1763673913216, 8238
pause-pod-2-45, 1763673905006, 1763673913372, 8366
pause-pod-2-46, 1763673905014, 1763673913527, 8513
pause-pod-2-47, 1763673905060, 1763673913683, 8623
pause-pod-2-48, 1763673905087, 1763673913841, 8754
pause-pod-2-49, 1763673905126, 1763673913997, 8871
pause-pod-2-50, 1763673905134, 1763673914153, 9019
pause-pod-3-1, 1763673978429, 1763673979912, 1483
pause-pod-3-2, 1763673978431, 1763673980855, 2424
pause-pod-3-3, 1763673978433, 1763673981017, 2584
pause-pod-3-4, 1763673978434, 1763673981171, 2737
pause-pod-3-5, 1763673978436, 1763673981327, 2891
pause-pod-3-6, 1763673978438, 1763673981481, 3043
pause-pod-3-7, 1763673978440, 1763673981637, 3197
pause-pod-3-8, 1763673978443, 1763673981791, 3348
pause-pod-3-9, 1763673978445, 1763673981947, 3502
pause-pod-3-10, 1763673978448, 1763673982102, 3654
pause-pod-3-11, 1763673978452, 1763673982257, 3805
pause-pod-3-12, 1763673978454, 1763673982414, 3960
pause-pod-3-13, 1763673978457, 1763673982569, 4112
pause-pod-3-14, 1763673978460, 1763673982723, 4263
pause-pod-3-15, 1763673978463, 1763673982878, 4415
pause-pod-3-16, 1763673978466, 1763673983033, 4567
pause-pod-3-17, 1763673978468, 1763673983189, 4721
pause-pod-3-18, 1763673978471, 1763673983344, 4873
pause-pod-3-19, 1763673978474, 1763673983499, 5025
pause-pod-3-20, 1763673978495, 1763673983655, 5160
pause-pod-3-21, 1763673978498, 1763673983810, 5312
pause-pod-3-22, 1763673978523, 1763673983967, 5444
pause-pod-3-23, 1763673978528, 1763673984122, 5594
pause-pod-3-24, 1763673978530, 1763673984280, 5750
pause-pod-3-25, 1763673978543, 1763673984436, 5893
pause-pod-3-26, 1763673978546, 1763673984591, 6045
pause-pod-3-27, 1763673978621, 1763673984747, 6126
pause-pod-3-28, 1763673978640, 1763673984903, 6263
pause-pod-3-29, 1763673978657, 1763673985058, 6401
pause-pod-3-30, 1763673978677, 1763673985214, 6537
pause-pod-3-31, 1763673978700, 1763673985370, 6670
pause-pod-3-32, 1763673978709, 1763673985524, 6815
pause-pod-3-33, 1763673978759, 1763673985679, 6920
pause-pod-3-34, 1763673978816, 1763673985833, 7017
pause-pod-3-35, 1763673978844, 1763673985988, 7144
pause-pod-3-36, 1763673978852, 1763673986143, 7291
pause-pod-3-37, 1763673978860, 1763673986297, 7437
pause-pod-3-38, 1763673978870, 1763673986450, 7580
pause-pod-3-39, 1763673978881, 1763673986606, 7725
pause-pod-3-40, 1763673978892, 1763673986761, 7869
pause-pod-3-41, 1763673978906, 1763673986916, 8010
pause-pod-3-42, 1763673978958, 1763673987071, 8113
pause-pod-3-43, 1763673978969, 1763673987226, 8257
pause-pod-3-44, 1763673978985, 1763673987383, 8398
pause-pod-3-45, 1763673979005, 1763673987537, 8532
pause-pod-3-46, 1763673979047, 1763673987693, 8646
pause-pod-3-47, 1763673979052, 1763673987847, 8795
pause-pod-3-48, 1763673979086, 1763673988003, 8917
pause-pod-3-49, 1763673979104, 1763673988158, 9054
pause-pod-3-50, 1763673979133, 1763673988312, 9179
pause-pod-4-1, 1763674052661, 1763674054074, 1413
pause-pod-4-2, 1763674052663, 1763674054261, 1598
pause-pod-4-3, 1763674052664, 1763674054436, 1772
pause-pod-4-4, 1763674052666, 1763674054592, 1926
pause-pod-4-5, 1763674052668, 1763674055040, 2372
pause-pod-4-6, 1763674052671, 1763674055205, 2534
pause-pod-4-7, 1763674052673, 1763674055361, 2688
pause-pod-4-8, 1763674052675, 1763674055515, 2840
pause-pod-4-9, 1763674052678, 1763674055669, 2991
pause-pod-4-10, 1763674052681, 1763674055825, 3144
pause-pod-4-11, 1763674052683, 1763674055980, 3297
pause-pod-4-12, 1763674052686, 1763674056134, 3448
pause-pod-4-13, 1763674052689, 1763674056290, 3601
pause-pod-4-14, 1763674052692, 1763674056446, 3754
pause-pod-4-15, 1763674052695, 1763674056600, 3905
pause-pod-4-16, 1763674052698, 1763674056761, 4063
pause-pod-4-17, 1763674052708, 1763674056917, 4209
pause-pod-4-18, 1763674052711, 1763674057072, 4361
pause-pod-4-19, 1763674052727, 1763674057226, 4499
pause-pod-4-20, 1763674052735, 1763674057381, 4646
pause-pod-4-21, 1763674052749, 1763674057535, 4786
pause-pod-4-22, 1763674052767, 1763674057690, 4923
pause-pod-4-23, 1763674052771, 1763674057846, 5075
pause-pod-4-24, 1763674052780, 1763674058001, 5221
pause-pod-4-25, 1763674052800, 1763674058156, 5356
pause-pod-4-26, 1763674052807, 1763674058310, 5503
pause-pod-4-27, 1763674052853, 1763674058466, 5613
pause-pod-4-28, 1763674052858, 1763674058621, 5763
pause-pod-4-29, 1763674052924, 1763674058776, 5852
pause-pod-4-30, 1763674052932, 1763674058930, 5998
pause-pod-4-31, 1763674052958, 1763674059085, 6127
pause-pod-4-32, 1763674053027, 1763674059240, 6213
pause-pod-4-33, 1763674053039, 1763674059395, 6356
pause-pod-4-34, 1763674053050, 1763674059550, 6500
pause-pod-4-35, 1763674053058, 1763674059705, 6647
pause-pod-4-36, 1763674053127, 1763674059860, 6733
pause-pod-4-37, 1763674053139, 1763674060015, 6876
pause-pod-4-38, 1763674053159, 1763674060170, 7011
pause-pod-4-39, 1763674053179, 1763674060325, 7146
pause-pod-4-40, 1763674053192, 1763674060479, 7287
pause-pod-4-41, 1763674053207, 1763674060634, 7427
pause-pod-4-42, 1763674053219, 1763674060788, 7569
pause-pod-4-43, 1763674053230, 1763674060942, 7712
pause-pod-4-44, 1763674053259, 1763674061098, 7839
pause-pod-4-45, 1763674053267, 1763674061253, 7986
pause-pod-4-46, 1763674053278, 1763674061408, 8130
pause-pod-4-47, 1763674053298, 1763674061563, 8265
pause-pod-4-48, 1763674053318, 1763674061718, 8400
pause-pod-4-49, 1763674053333, 1763674061873, 8540
pause-pod-4-50, 1763674053344, 1763674062028, 8684
pause-pod-5-1, 1763674126650, 1763674128359, 1709
pause-pod-5-2, 1763674126651, 1763674128525, 1874
pause-pod-5-3, 1763674126653, 1763674128681, 2028
pause-pod-5-4, 1763674126655, 1763674129317, 2662
pause-pod-5-5, 1763674126657, 1763674129474, 2817
pause-pod-5-6, 1763674126659, 1763674129630, 2971
pause-pod-5-7, 1763674126661, 1763674129786, 3125
pause-pod-5-8, 1763674126663, 1763674129941, 3278
pause-pod-5-9, 1763674126666, 1763674130098, 3432
pause-pod-5-10, 1763674126668, 1763674130253, 3585
pause-pod-5-11, 1763674126670, 1763674130411, 3741
pause-pod-5-12, 1763674126673, 1763674130565, 3892
pause-pod-5-13, 1763674126675, 1763674130719, 4044
pause-pod-5-14, 1763674126678, 1763674130873, 4195
pause-pod-5-15, 1763674126682, 1763674131027, 4345
pause-pod-5-16, 1763674126703, 1763674131182, 4479
pause-pod-5-17, 1763674126726, 1763674131338, 4612
pause-pod-5-18, 1763674126740, 1763674131493, 4753
pause-pod-5-19, 1763674126762, 1763674131648, 4886
pause-pod-5-20, 1763674126781, 1763674131803, 5022
pause-pod-5-21, 1763674126784, 1763674131957, 5173
pause-pod-5-22, 1763674126799, 1763674132113, 5314
pause-pod-5-23, 1763674126807, 1763674132271, 5464
pause-pod-5-24, 1763674126832, 1763674132425, 5593
pause-pod-5-25, 1763674126921, 1763674132581, 5660
pause-pod-5-26, 1763674126929, 1763674132737, 5808
pause-pod-5-27, 1763674126958, 1763674132894, 5936
pause-pod-5-28, 1763674126961, 1763674133049, 6088
pause-pod-5-29, 1763674126976, 1763674133204, 6228
pause-pod-5-30, 1763674126983, 1763674133360, 6377
pause-pod-5-31, 1763674126990, 1763674133514, 6524
pause-pod-5-32, 1763674126994, 1763674133669, 6675
pause-pod-5-33, 1763674127009, 1763674133824, 6815
pause-pod-5-34, 1763674127021, 1763674133978, 6957
pause-pod-5-35, 1763674127034, 1763674134133, 7099
pause-pod-5-36, 1763674127039, 1763674134288, 7249
pause-pod-5-37, 1763674127048, 1763674134443, 7395
pause-pod-5-38, 1763674127077, 1763674134598, 7521
pause-pod-5-39, 1763674127128, 1763674134753, 7625
pause-pod-5-40, 1763674127141, 1763674134908, 7767
pause-pod-5-41, 1763674127163, 1763674135062, 7899
pause-pod-5-42, 1763674127205, 1763674135217, 8012
pause-pod-5-43, 1763674127227, 1763674135372, 8145
pause-pod-5-44, 1763674127231, 1763674135526, 8295
pause-pod-5-45, 1763674127273, 1763674135681, 8408
pause-pod-5-46, 1763674127319, 1763674135835, 8516
pause-pod-5-47, 1763674127342, 1763674135990, 8648
pause-pod-5-48, 1763674127364, 1763674136144, 8780
pause-pod-5-49, 1763674127386, 1763674136299, 8913
pause-pod-5-50, 1763674127433, 1763674136453, 9020
pause-pod-6-1, 1763674201178, 1763674203620, 2442
pause-pod-6-2, 1763674201180, 1763674203786, 2606
pause-pod-6-3, 1763674201182, 1763674203941, 2759
pause-pod-6-4, 1763674201185, 1763674204097, 2912
pause-pod-6-5, 1763674201187, 1763674204253, 3066
pause-pod-6-6, 1763674201189, 1763674204408, 3219
pause-pod-6-7, 1763674201192, 1763674204562, 3370
pause-pod-6-8, 1763674201194, 1763674204719, 3525
pause-pod-6-9, 1763674201197, 1763674204875, 3678
pause-pod-6-10, 1763674201201, 1763674205030, 3829
pause-pod-6-11, 1763674201204, 1763674205185, 3981
pause-pod-6-12, 1763674201207, 1763674205340, 4133
pause-pod-6-13, 1763674201212, 1763674205497, 4285
pause-pod-6-14, 1763674201218, 1763674205651, 4433
pause-pod-6-15, 1763674201222, 1763674205805, 4583
pause-pod-6-16, 1763674201225, 1763674205961, 4736
pause-pod-6-17, 1763674201228, 1763674206116, 4888
pause-pod-6-18, 1763674201231, 1763674206273, 5042
pause-pod-6-19, 1763674201242, 1763674206428, 5186
pause-pod-6-20, 1763674201252, 1763674206583, 5331
pause-pod-6-21, 1763674201269, 1763674206739, 5470
pause-pod-6-22, 1763674201293, 1763674206895, 5602
pause-pod-6-23, 1763674201296, 1763674207051, 5755
pause-pod-6-24, 1763674201301, 1763674207208, 5907
pause-pod-6-25, 1763674201304, 1763674207366, 6062
pause-pod-6-26, 1763674201312, 1763674207523, 6211
pause-pod-6-27, 1763674201316, 1763674207678, 6362
pause-pod-6-28, 1763674201345, 1763674207833, 6488
pause-pod-6-29, 1763674201353, 1763674207989, 6636
pause-pod-6-30, 1763674201418, 1763674208146, 6728
pause-pod-6-31, 1763674201430, 1763674208301, 6871
pause-pod-6-32, 1763674201458, 1763674208458, 7000
pause-pod-6-33, 1763674201472, 1763674208616, 7144
pause-pod-6-34, 1763674201503, 1763674208771, 7268
pause-pod-6-35, 1763674201527, 1763674208927, 7400
pause-pod-6-36, 1763674201545, 1763674209082, 7537
pause-pod-6-37, 1763674201582, 1763674209237, 7655
pause-pod-6-38, 1763674201589, 1763674209392, 7803
pause-pod-6-39, 1763674201593, 1763674209548, 7955
pause-pod-6-40, 1763674201653, 1763674209703, 8050
pause-pod-6-41, 1763674201657, 1763674209859, 8202
pause-pod-6-42, 1763674201663, 1763674210014, 8351
pause-pod-6-43, 1763674201691, 1763674210170, 8479
pause-pod-6-44, 1763674201697, 1763674210326, 8629
pause-pod-6-45, 1763674201752, 1763674210481, 8729
pause-pod-6-46, 1763674201778, 1763674210638, 8860
pause-pod-6-47, 1763674201790, 1763674210794, 9004
pause-pod-6-48, 1763674201803, 1763674210951, 9148
pause-pod-6-49, 1763674201826, 1763674211106, 9280
pause-pod-6-50, 1763674201839, 1763674211262, 9423
