Pod Name, Creation Timestamp, Ready Timestamp, Latency (milliseconds)
pause-pod-1-1, 1763675796131, 1763675800482, 4351
pause-pod-1-2, 1763675796133, 1763675800703, 4570
pause-pod-1-3, 1763675796135, 1763675800898, 4763
pause-pod-1-4, 1763675796136, 1763675801089, 4953
pause-pod-1-5, 1763675796138, 1763675801253, 5115
pause-pod-1-6, 1763675796140, 1763675801414, 5274
pause-pod-1-7, 1763675796142, 1763675801570, 5428
pause-pod-1-8, 1763675796144, 1763675801726, 5582
pause-pod-1-9, 1763675796146, 1763675801882, 5736
pause-pod-1-10, 1763675796149, 1763675802040, 5891
pause-pod-1-11, 1763675796151, 1763675802199, 6048
pause-pod-1-12, 1763675796153, 1763675802355, 6202
pause-pod-1-13, 1763675796155, 1763675802516, 6361
pause-pod-1-14, 1763675796157, 1763675802671, 6514
pause-pod-1-15, 1763675796159, 1763675802825, 6666
pause-pod-1-16, 1763675796162, 1763675802983, 6821
pause-pod-1-17, 1763675796180, 1763675803164, 6984
pause-pod-1-18, 1763675796183, 1763675803319, 7136
pause-pod-1-19, 1763675796201, 1763675803475, 7274
pause-pod-1-20, 1763675796207, 1763675803631, 7424
pause-pod-1-21, 1763675796258, 1763675803790, 7532
pause-pod-1-22, 1763675796263, 1763675803946, 7683
pause-pod-1-23, 1763675796267, 1763675804103, 7836
pause-pod-1-24, 1763675796269, 1763675804266, 7997
pause-pod-1-25, 1763675796290, 1763675804423, 8133
pause-pod-1-26, 1763675796316, 1763675804579, 8263
pause-pod-1-27, 1763675796334, 1763675804736, 8402
pause-pod-1-28, 1763675796401, 1763675804893, 8492
pause-pod-1-29, 1763675796423, 1763675805049, 8626
pause-pod-1-30, 1763675796458, 1763675805207, 8749
pause-pod-1-31, 1763675796474, 1763675805363, 8889
pause-pod-1-32, 1763675796483, 1763675805518, 9035
pause-pod-1-33, 1763675796493, 1763675805673, 9180
pause-pod-1-34, 1763675796521, 1763675805832, 9311
pause-pod-1-35, 1763675796538, 1763675805989, 9451
pause-pod-1-36, 1763675796555, 1763675806145, 9590
pause-pod-1-37, 1763675796620, 1763675806300, 9680
pause-pod-1-38, 1763675796626, 1763675806458, 9832
pause-pod-1-39, 1763675796651, 1763675806613, 9962
pause-pod-1-40, 1763675796687, 1763675806768, 10081
pause-pod-1-41, 1763675796702, 1763675806925, 10223
pause-pod-1-42, 1763675796707, 1763675807081, 10374
pause-pod-1-43, 1763675796724, 1763675807237, 10513
pause-pod-1-44, 1763675796736, 1763675807394, 10658
pause-pod-1-45, 1763675796743, 1763675807551, 10808
pause-pod-1-46, 1763675796772, 1763675807706, 10934
pause-pod-1-47, 1763675796804, 1763675807861, 11057
pause-pod-1-48, 1763675796835, 1763675808018, 11183
pause-pod-1-49, 1763675796838, 1763675808172, 11334
pause-pod-1-50, 1763675796842, 1763675808328, 11486
pause-pod-1-51, 1763675796860, 1763675808483, 11623
pause-pod-1-52, 1763675796878, 1763675808638, 11760
pause-pod-1-53, 1763675796891, 1763675808794, 11903
pause-pod-1-54, 1763675796924, 1763675808949, 12025
pause-pod-1-55, 1763675796933, 1763675809104, 12171
pause-pod-1-56, 1763675796940, 1763675809260, 12320
pause-pod-1-57, 1763675796945, 1763675809414, 12469
pause-pod-1-58, 1763675796962, 1763675809568, 12606
pause-pod-1-59, 1763675796991, 1763675809732, 12741
pause-pod-1-60, 1763675797028, 1763675809886, 12858
pause-pod-1-61, 1763675797041, 1763675810041, 13000
pause-pod-1-62, 1763675797067, 1763675810197, 13130
pause-pod-1-63, 1763675797075, 1763675810352, 13277
pause-pod-1-64, 1763675797097, 1763675810507, 13410
pause-pod-1-65, 1763675797130, 1763675810661, 13531
pause-pod-1-66, 1763675797136, 1763675810816, 13680
pause-pod-1-67, 1763675797187, 1763675810972, 13785
pause-pod-1-68, 1763675797242, 1763675811127, 13885
pause-pod-1-69, 1763675797263, 1763675811282, 14019
pause-pod-1-70, 1763675797270, 1763675811437, 14167
pause-pod-1-71, 1763675797349, 1763675811593, 14244
pause-pod-1-72, 1763675797380, 1763675811747, 14367
pause-pod-1-73, 1763675797408, 1763675811902, 14494
pause-pod-1-74, 1763675797422, 1763675812058, 14636
pause-pod-1-75, 1763675797490, 1763675812213, 14723
pause-pod-1-76, 1763675797528, 1763675812367, 14839
pause-pod-1-77, 1763675797550, 1763675812523, 14973
pause-pod-1-78, 1763675797601, 1763675812679, 15078
pause-pod-1-79, 1763675797607, 1763675812834, 15227
pause-pod-1-80, 1763675797647, 1763675812989, 15342
pause-pod-1-81, 1763675797668, 1763675813145, 15477
pause-pod-1-82, 1763675797678, 1763675813301, 15623
pause-pod-1-83, 1763675797721, 1763675813455, 15734
pause-pod-1-84, 1763675797769, 1763675813611, 15842
pause-pod-1-85, 1763675797794, 1763675813766, 15972
pause-pod-1-86, 1763675797854, 1763675813921, 16067
pause-pod-1-87, 1763675797871, 1763675814077, 16206
pause-pod-1-88, 1763675797921, 1763675814232, 16311
pause-pod-1-89, 1763675797928, 1763675814387, 16459
pause-pod-1-90, 1763675797933, 1763675814542, 16609
pause-pod-1-91, 1763675797966, 1763675814697, 16731
pause-pod-1-92, 1763675798011, 1763675814852, 16841
pause-pod-1-93, 1763675798030, 1763675815008, 16978
pause-pod-1-94, 1763675798056, 1763675815163, 17107
pause-pod-1-95, 1763675798081, 1763675815318, 17237
pause-pod-1-96, 1763675798086, 1763675815473, 17387
pause-pod-1-97, 1763675798092, 1763675815629, 17537
pause-pod-1-98, 1763675798139, 1763675815785, 17646
pause-pod-1-99, 1763675798162, 1763675815939, 17777
pause-pod-1-100, 1763675798170, 1763675816094, 17924
pause-pod-1-101, 1763675798201, 1763675816251, 18050
pause-pod-1-102, 1763675798204, 1763675816406, 18202
pause-pod-1-103, 1763675798220, 1763675816562, 18342
pause-pod-1-104, 1763675798251, 1763675816717, 18466
pause-pod-1-105, 1763675798264, 1763675816873, 18609
pause-pod-1-106, 1763675798290, 1763675817032, 18742
pause-pod-1-107, 1763675798342, 1763675817186, 18844
pause-pod-1-108, 1763675798354, 1763675817341, 18987
pause-pod-1-109, 1763675798409, 1763675817497, 19088
pause-pod-1-110, 1763675798421, 1763675817652, 19231
pause-pod-1-111, 1763675798427, 1763675817807, 19380
pause-pod-1-112, 1763675798466, 1763675817963, 19497
pause-pod-1-113, 1763675798525, 1763675818118, 19593
pause-pod-1-114, 1763675798559, 1763675818274, 19715
pause-pod-1-115, 1763675798614, 1763675818429, 19815
pause-pod-1-116, 1763675798740, 1763675818583, 19843
pause-pod-1-117, 1763675798745, 1763675818739, 19994
pause-pod-1-118, 1763675798777, 1763675818894, 20117
pause-pod-1-119, 1763675798817, 1763675819049, 20232
pause-pod-1-120, 1763675798839, 1763675819205, 20366
pause-pod-1-121, 1763675798863, 1763675819360, 20497
pause-pod-1-122, 1763675798927, 1763675819516, 20589
pause-pod-1-123, 1763675798977, 1763675819672, 20695
pause-pod-1-124, 1763675798982, 1763675819829, 20847
pause-pod-1-125, 1763675799024, 1763675819984, 20960
pause-pod-1-126, 1763675799029, 1763675820139, 21110
pause-pod-1-127, 1763675799048, 1763675820294, 21246
pause-pod-1-128, 1763675799084, 1763675820449, 21365
pause-pod-1-129, 1763675799102, 1763675820604, 21502
pause-pod-1-130, 1763675799195, 1763675820759, 21564
pause-pod-1-131, 1763675799209, 1763675820913, 21704
pause-pod-1-132, 1763675799228, 1763675821068, 21840
pause-pod-1-133, 1763675799254, 1763675821223, 21969
pause-pod-1-134, 1763675799262, 1763675821379, 22117
pause-pod-1-135, 1763675799305, 1763675821535, 22230
pause-pod-1-136, 1763675799390, 1763675821692, 22302
pause-pod-1-137, 1763675799403, 1763675821847, 22444
pause-pod-1-138, 1763675799453, 1763675822002, 22549
pause-pod-1-139, 1763675799487, 1763675822158, 22671
pause-pod-1-140, 1763675799493, 1763675822313, 22820
pause-pod-1-141, 1763675799496, 1763675822468, 22972
pause-pod-1-142, 1763675799515, 1763675822622, 23107
pause-pod-1-143, 1763675799530, 1763675822778, 23248
pause-pod-1-144, 1763675799569, 1763675822935, 23366
pause-pod-1-145, 1763675799610, 1763675823090, 23480
pause-pod-1-146, 1763675799630, 1763675823247, 23617
pause-pod-1-147, 1763675799687, 1763675823402, 23715
pause-pod-1-148, 1763675799715, 1763675823558, 23843
pause-pod-1-149, 1763675799758, 1763675823714, 23956
pause-pod-1-150, 1763675799799, 1763675823870, 24071
pause-pod-2-1, 1763675895570, 1763675899849, 4279
pause-pod-2-2, 1763675895571, 1763675900074, 4503
pause-pod-2-3, 1763675895573, 1763675900289, 4716
pause-pod-2-4, 1763675895575, 1763675900475, 4900
pause-pod-2-5, 1763675895577, 1763675900648, 5071
pause-pod-2-6, 1763675895579, 1763675900826, 5247
pause-pod-2-7, 1763675895581, 1763675900983, 5402
pause-pod-2-8, 1763675895583, 1763675901141, 5558
pause-pod-2-9, 1763675895586, 1763675901302, 5716
pause-pod-2-10, 1763675895588, 1763675901460, 5872
pause-pod-2-11, 1763675895591, 1763675901615, 6024
pause-pod-2-12, 1763675895594, 1763675901773, 6179
pause-pod-2-13, 1763675895596, 1763675901929, 6333
pause-pod-2-14, 1763675895599, 1763675902084, 6485
pause-pod-2-15, 1763675895606, 1763675902239, 6633
pause-pod-2-16, 1763675895611, 1763675902396, 6785
pause-pod-2-17, 1763675895614, 1763675902551, 6937
pause-pod-2-18, 1763675895622, 1763675902706, 7084
pause-pod-2-19, 1763675895626, 1763675902861, 7235
pause-pod-2-20, 1763675895673, 1763675903019, 7346
pause-pod-2-21, 1763675895698, 1763675903174, 7476
pause-pod-2-22, 1763675895706, 1763675903331, 7625
pause-pod-2-23, 1763675895740, 1763675903487, 7747
pause-pod-2-24, 1763675895782, 1763675903641, 7859
pause-pod-2-25, 1763675895795, 1763675903798, 8003
pause-pod-2-26, 1763675895799, 1763675903952, 8153
pause-pod-2-27, 1763675895848, 1763675904108, 8260
pause-pod-2-28, 1763675895868, 1763675904266, 8398
pause-pod-2-29, 1763675895873, 1763675904422, 8549
pause-pod-2-30, 1763675895923, 1763675904576, 8653
pause-pod-2-31, 1763675895971, 1763675904730, 8759
pause-pod-2-32, 1763675895981, 1763675904886, 8905
pause-pod-2-33, 1763675895985, 1763675905040, 9055
pause-pod-2-34, 1763675895993, 1763675905198, 9205
pause-pod-2-35, 1763675895999, 1763675905355, 9356
pause-pod-2-36, 1763675896002, 1763675905511, 9509
pause-pod-2-37, 1763675896006, 1763675905665, 9659
pause-pod-2-38, 1763675896016, 1763675905820, 9804
pause-pod-2-39, 1763675896022, 1763675905976, 9954
pause-pod-2-40, 1763675896035, 1763675906131, 10096
pause-pod-2-41, 1763675896047, 1763675906286, 10239
pause-pod-2-42, 1763675896059, 1763675906440, 10381
pause-pod-2-43, 1763675896103, 1763675906596, 10493
pause-pod-2-44, 1763675896145, 1763675906753, 10608
pause-pod-2-45, 1763675896245, 1763675906908, 10663
pause-pod-2-46, 1763675896254, 1763675907064, 10810
pause-pod-2-47, 1763675896271, 1763675907220, 10949
pause-pod-2-48, 1763675896276, 1763675907375, 11099
pause-pod-2-49, 1763675896284, 1763675907530, 11246
pause-pod-2-50, 1763675896290, 1763675907686, 11396
pause-pod-2-51, 1763675896297, 1763675907841, 11544
pause-pod-2-52, 1763675896329, 1763675907995, 11666
pause-pod-2-53, 1763675896352, 1763675908152, 11800
pause-pod-2-54, 1763675896362, 1763675908307, 11945
pause-pod-2-55, 1763675896381, 1763675908463, 12082
pause-pod-2-56, 1763675896404, 1763675908622, 12218
pause-pod-2-57, 1763675896441, 1763675908776, 12335
pause-pod-2-58, 1763675896462, 1763675908932, 12470
pause-pod-2-59, 1763675896479, 1763675909087, 12608
pause-pod-2-60, 1763675896502, 1763675909243, 12741
pause-pod-2-61, 1763675896523, 1763675909397, 12874
pause-pod-2-62, 1763675896532, 1763675909552, 13020
pause-pod-2-63, 1763675896567, 1763675909707, 13140
pause-pod-2-64, 1763675896595, 1763675909862, 13267
pause-pod-2-65, 1763675896618, 1763675910018, 13400
pause-pod-2-66, 1763675896631, 1763675910173, 13542
pause-pod-2-67, 1763675896652, 1763675910327, 13675
pause-pod-2-68, 1763675896690, 1763675910482, 13792
pause-pod-2-69, 1763675896710, 1763675910638, 13928
pause-pod-2-70, 1763675896716, 1763675910793, 14077
pause-pod-2-71, 1763675896726, 1763675910949, 14223
pause-pod-2-72, 1763675896730, 1763675911105, 14375
pause-pod-2-73, 1763675896791, 1763675911260, 14469
pause-pod-2-74, 1763675896825, 1763675911416, 14591
pause-pod-2-75, 1763675896889, 1763675911571, 14682
pause-pod-2-76, 1763675896916, 1763675911727, 14811
pause-pod-2-77, 1763675896932, 1763675911882, 14950
pause-pod-2-78, 1763675896954, 1763675912037, 15083
pause-pod-2-79, 1763675896983, 1763675912193, 15210
pause-pod-2-80, 1763675897015, 1763675912349, 15334
pause-pod-2-81, 1763675897029, 1763675912503, 15474
pause-pod-2-82, 1763675897186, 1763675912659, 15473
pause-pod-2-83, 1763675897202, 1763675912813, 15611
pause-pod-2-84, 1763675897217, 1763675912968, 15751
pause-pod-2-85, 1763675897248, 1763675913125, 15877
pause-pod-2-86, 1763675897254, 1763675913281, 16027
pause-pod-2-87, 1763675897280, 1763675913437, 16157
pause-pod-2-88, 1763675897320, 1763675913592, 16272
pause-pod-2-89, 1763675897335, 1763675913747, 16412
pause-pod-2-90, 1763675897346, 1763675913902, 16556
pause-pod-2-91, 1763675897360, 1763675914058, 16698
pause-pod-2-92, 1763675897394, 1763675914213, 16819
pause-pod-2-93, 1763675897424, 1763675914368, 16944
pause-pod-2-94, 1763675897432, 1763675914523, 17091
pause-pod-2-95, 1763675897515, 1763675914678, 17163
pause-pod-2-96, 1763675897547, 1763675914833, 17286
pause-pod-2-97, 1763675897551, 1763675914988, 17437
pause-pod-2-98, 1763675897602, 1763675915144, 17542
pause-pod-2-99, 1763675897642, 1763675915303, 17661
pause-pod-2-100, 1763675897663, 1763675915459, 17796
pause-pod-2-101, 1763675897680, 1763675915614, 17934
pause-pod-2-102, 1763675897694, 1763675915769, 18075
pause-pod-2-103, 1763675897699, 1763675915924, 18225
pause-pod-2-104, 1763675897717, 1763675916078, 18361
pause-pod-2-105, 1763675897761, 1763675916233, 18472
pause-pod-2-106, 1763675897813, 1763675916388, 18575
pause-pod-2-107, 1763675897877, 1763675916544, 18667
pause-pod-2-108, 1763675897900, 1763675916700, 18800
pause-pod-2-109, 1763675897913, 1763675916856, 18943
pause-pod-2-110, 1763675897946, 1763675917011, 19065
pause-pod-2-111, 1763675897964, 1763675917166, 19202
pause-pod-2-112, 1763675897990, 1763675917322, 19332
pause-pod-2-113, 1763675898009, 1763675917477, 19468
pause-pod-2-114, 1763675898014, 1763675917633, 19619
pause-pod-2-115, 1763675898056, 1763675917789, 19733
pause-pod-2-116, 1763675898110, 1763675917943, 19833
pause-pod-2-117, 1763675898140, 1763675918098, 19958
pause-pod-2-118, 1763675898170, 1763675918256, 20086
pause-pod-2-119, 1763675898248, 1763675918411, 20163
pause-pod-2-120, 1763675898274, 1763675918566, 20292
pause-pod-2-121, 1763675898340, 1763675918722, 20382
pause-pod-2-122, 1763675898345, 1763675918877, 20532
pause-pod-2-123, 1763675898377, 1763675919032, 20655
pause-pod-2-124, 1763675898467, 1763675919189, 20722
pause-pod-2-125, 1763675898484, 1763675919345, 20861
pause-pod-2-126, 1763675898496, 1763675919500, 21004
pause-pod-2-127, 1763675898539, 1763675919654, 21115
pause-pod-2-128, 1763675898577, 1763675919810, 21233
pause-pod-2-129, 1763675898592, 1763675919965, 21373
pause-pod-2-130, 1763675898620, 1763675920120, 21500
pause-pod-2-131, 1763675898636, 1763675920275, 21639
pause-pod-2-132, 1763675898656, 1763675920431, 21775
pause-pod-2-133, 1763675898670, 1763675920587, 21917
pause-pod-2-134, 1763675898686, 1763675920745, 22059
pause-pod-2-135, 1763675898708, 1763675920899, 22191
pause-pod-2-136, 1763675898732, 1763675921055, 22323
pause-pod-2-137, 1763675898752, 1763675921210, 22458
pause-pod-2-138, 1763675898777, 1763675921366, 22589
pause-pod-2-139, 1763675898808, 1763675921524, 22716
pause-pod-2-140, 1763675898819, 1763675921679, 22860
pause-pod-2-141, 1763675898831, 1763675921835, 23004
pause-pod-2-142, 1763675898884, 1763675921990, 23106
pause-pod-2-143, 1763675898925, 1763675922145, 23220
pause-pod-2-144, 1763675898967, 1763675922299, 23332
pause-pod-2-145, 1763675898975, 1763675922454, 23479
pause-pod-2-146, 1763675899015, 1763675922609, 23594
pause-pod-2-147, 1763675899082, 1763675922764, 23682
pause-pod-2-148, 1763675899086, 1763675922919, 23833
pause-pod-2-149, 1763675899103, 1763675923074, 23971
pause-pod-2-150, 1763675899109, 1763675923233, 24124
pause-pod-3-1, 1763675994411, 1763675998634, 4223
pause-pod-3-2, 1763675994413, 1763675998851, 4438
pause-pod-3-3, 1763675994415, 1763675999055, 4640
pause-pod-3-4, 1763675994417, 1763675999258, 4841
pause-pod-3-5, 1763675994419, 1763675999448, 5029
pause-pod-3-6, 1763675994421, 1763675999612, 5191
pause-pod-3-7, 1763675994423, 1763675999777, 5354
pause-pod-3-8, 1763675994425, 1763675999933, 5508
pause-pod-3-9, 1763675994428, 1763676000088, 5660
pause-pod-3-10, 1763675994430, 1763676000269, 5839
pause-pod-3-11, 1763675994432, 1763676000426, 5994
pause-pod-3-12, 1763675994435, 1763676000582, 6147
pause-pod-3-13, 1763675994438, 1763676000738, 6300
pause-pod-3-14, 1763675994441, 1763676000894, 6453
pause-pod-3-15, 1763675994445, 1763676001051, 6606
pause-pod-3-16, 1763675994452, 1763676001208, 6756
pause-pod-3-17, 1763675994459, 1763676001363, 6904
pause-pod-3-18, 1763675994462, 1763676001518, 7056
pause-pod-3-19, 1763675994476, 1763676001674, 7198
pause-pod-3-20, 1763675994490, 1763676001831, 7341
pause-pod-3-21, 1763675994497, 1763676001988, 7491
pause-pod-3-22, 1763675994519, 1763676002145, 7626
pause-pod-3-23, 1763675994536, 1763676002302, 7766
pause-pod-3-24, 1763675994543, 1763676002458, 7915
pause-pod-3-25, 1763675994550, 1763676002614, 8064
pause-pod-3-26, 1763675994566, 1763676002769, 8203
pause-pod-3-27, 1763675994608, 1763676002924, 8316
pause-pod-3-28, 1763675994612, 1763676003079, 8467
pause-pod-3-29, 1763675994618, 1763676003234, 8616
pause-pod-3-30, 1763675994641, 1763676003389, 8748
pause-pod-3-31, 1763675994693, 1763676003549, 8856
pause-pod-3-32, 1763675994704, 1763676003705, 9001
pause-pod-3-33, 1763675994710, 1763676003861, 9151
pause-pod-3-34, 1763675994720, 1763676004016, 9296
pause-pod-3-35, 1763675994761, 1763676004171, 9410
pause-pod-3-36, 1763675994795, 1763676004326, 9531
pause-pod-3-37, 1763675994816, 1763676004481, 9665
pause-pod-3-38, 1763675994824, 1763676004636, 9812
pause-pod-3-39, 1763675994874, 1763676004791, 9917
pause-pod-3-40, 1763675994884, 1763676004945, 10061
pause-pod-3-41, 1763675994887, 1763676005099, 10212
pause-pod-3-42, 1763675994922, 1763676005253, 10331
pause-pod-3-43, 1763675994944, 1763676005407, 10463
pause-pod-3-44, 1763675994959, 1763676005563, 10604
pause-pod-3-45, 1763675994966, 1763676005718, 10752
pause-pod-3-46, 1763675994971, 1763676005874, 10903
pause-pod-3-47, 1763675994985, 1763676006027, 11042
pause-pod-3-48, 1763675995000, 1763676006181, 11181
pause-pod-3-49, 1763675995076, 1763676006336, 11260
pause-pod-3-50, 1763675995103, 1763676006490, 11387
pause-pod-3-51, 1763675995179, 1763676006644, 11465
pause-pod-3-52, 1763675995197, 1763676006799, 11602
pause-pod-3-53, 1763675995216, 1763676006953, 11737
pause-pod-3-54, 1763675995252, 1763676007110, 11858
pause-pod-3-55, 1763675995295, 1763676007265, 11970
pause-pod-3-56, 1763675995325, 1763676007419, 12094
pause-pod-3-57, 1763675995340, 1763676007574, 12234
pause-pod-3-58, 1763675995356, 1763676007729, 12373
pause-pod-3-59, 1763675995363, 1763676007883, 12520
pause-pod-3-60, 1763675995379, 1763676008036, 12657
pause-pod-3-61, 1763675995406, 1763676008190, 12784
pause-pod-3-62, 1763675995425, 1763676008345, 12920
pause-pod-3-63, 1763675995441, 1763676008498, 13057
pause-pod-3-64, 1763675995452, 1763676008660, 13208
pause-pod-3-65, 1763675995457, 1763676008814, 13357
pause-pod-3-66, 1763675995493, 1763676008969, 13476
pause-pod-3-67, 1763675995566, 1763676009123, 13557
pause-pod-3-68, 1763675995613, 1763676009277, 13664
pause-pod-3-69, 1763675995648, 1763676009431, 13783
pause-pod-3-70, 1763675995665, 1763676009584, 13919
pause-pod-3-71, 1763675995714, 1763676009739, 14025
pause-pod-3-72, 1763675995720, 1763676009894, 14174
pause-pod-3-73, 1763675995752, 1763676010049, 14297
pause-pod-3-74, 1763675995778, 1763676010203, 14425
pause-pod-3-75, 1763675995802, 1763676010358, 14556
pause-pod-3-76, 1763675995864, 1763676010512, 14648
pause-pod-3-77, 1763675995871, 1763676010665, 14794
pause-pod-3-78, 1763675995919, 1763676010819, 14900
pause-pod-3-79, 1763675995935, 1763676010974, 15039
pause-pod-3-80, 1763675995944, 1763676011128, 15184
pause-pod-3-81, 1763675996013, 1763676011282, 15269
pause-pod-3-82, 1763675996052, 1763676011437, 15385
pause-pod-3-83, 1763675996057, 1763676011591, 15534
pause-pod-3-84, 1763675996064, 1763676011747, 15683
pause-pod-3-85, 1763675996077, 1763676011902, 15825
pause-pod-3-86, 1763675996082, 1763676012057, 15975
pause-pod-3-87, 1763675996101, 1763676012212, 16111
pause-pod-3-88, 1763675996167, 1763676012365, 16198
pause-pod-3-89, 1763675996193, 1763676012519, 16326
pause-pod-3-90, 1763675996230, 1763676012674, 16444
pause-pod-3-91, 1763675996256, 1763676012828, 16572
pause-pod-3-92, 1763675996276, 1763676012982, 16706
pause-pod-3-93, 1763675996285, 1763676013137, 16852
pause-pod-3-94, 1763675996295, 1763676013294, 16999
pause-pod-3-95, 1763675996306, 1763676013448, 17142
pause-pod-3-96, 1763675996313, 1763676013606, 17293
pause-pod-3-97, 1763675996361, 1763676013760, 17399
pause-pod-3-98, 1763675996412, 1763676013915, 17503
pause-pod-3-99, 1763675996447, 1763676014070, 17623
pause-pod-3-100, 1763675996481, 1763676014228, 17747
pause-pod-3-101, 1763675996596, 1763676014383, 17787
pause-pod-3-102, 1763675996603, 1763676014538, 17935
pause-pod-3-103, 1763675996627, 1763676014692, 18065
pause-pod-3-104, 1763675996641, 1763676014847, 18206
pause-pod-3-105, 1763675996683, 1763676015002, 18319
pause-pod-3-106, 1763675996747, 1763676015155, 18408
pause-pod-3-107, 1763675996761, 1763676015309, 18548
pause-pod-3-108, 1763675996844, 1763676015464, 18620
pause-pod-3-109, 1763675996878, 1763676015617, 18739
pause-pod-3-110, 1763675996927, 1763676015772, 18845
pause-pod-3-111, 1763675996931, 1763676015927, 18996
pause-pod-3-112, 1763675996984, 1763676016082, 19098
pause-pod-3-113, 1763675997023, 1763676016237, 19214
pause-pod-3-114, 1763675997043, 1763676016391, 19348
pause-pod-3-115, 1763675997052, 1763676016545, 19493
pause-pod-3-116, 1763675997060, 1763676016700, 19640
pause-pod-3-117, 1763675997068, 1763676016855, 19787
pause-pod-3-118, 1763675997124, 1763676017009, 19885
pause-pod-3-119, 1763675997146, 1763676017164, 20018
pause-pod-3-120, 1763675997161, 1763676017318, 20157
pause-pod-3-121, 1763675997204, 1763676017472, 20268
pause-pod-3-122, 1763675997211, 1763676017626, 20415
pause-pod-3-123, 1763675997216, 1763676017782, 20566
pause-pod-3-124, 1763675997226, 1763676017936, 20710
pause-pod-3-125, 1763675997231, 1763676018092, 20861
pause-pod-3-126, 1763675997236, 1763676018247, 21011
pause-pod-3-127, 1763675997293, 1763676018401, 21108
pause-pod-3-128, 1763675997374, 1763676018556, 21182
pause-pod-3-129, 1763675997382, 1763676018710, 21328
pause-pod-3-130, 1763675997404, 1763676018864, 21460
pause-pod-3-131, 1763675997425, 1763676019018, 21593
pause-pod-3-132, 1763675997450, 1763676019171, 21721
pause-pod-3-133, 1763675997457, 1763676019326, 21869
pause-pod-3-134, 1763675997498, 1763676019480, 21982
pause-pod-3-135, 1763675997511, 1763676019634, 22123
pause-pod-3-136, 1763675997525, 1763676019789, 22264
pause-pod-3-137, 1763675997538, 1763676019944, 22406
pause-pod-3-138, 1763675997555, 1763676020097, 22542
pause-pod-3-139, 1763675997590, 1763676020252, 22662
pause-pod-3-140, 1763675997672, 1763676020406, 22734
pause-pod-3-141, 1763675997721, 1763676020561, 22840
pause-pod-3-142, 1763675997766, 1763676020715, 22949
pause-pod-3-143, 1763675997811, 1763676020869, 23058
pause-pod-3-144, 1763675997816, 1763676021023, 23207
pause-pod-3-145, 1763675997830, 1763676021177, 23347
pause-pod-3-146, 1763675997834, 1763676021331, 23497
pause-pod-3-147, 1763675997838, 1763676021485, 23647
pause-pod-3-148, 1763675997890, 1763676021639, 23749
pause-pod-3-149, 1763675997900, 1763676021793, 23893
pause-pod-3-150, 1763675997918, 1763676021948, 24030
pause-pod-4-1, 1763676093399, 1763676097679, 4280
pause-pod-4-2, 1763676093401, 1763676097893, 4492
pause-pod-4-3, 1763676093403, 1763676098090, 4687
pause-pod-4-4, 1763676093406, 1763676098284, 4878
pause-pod-4-5, 1763676093408, 1763676098452, 5044
pause-pod-4-6, 1763676093411, 1763676098610, 5199
pause-pod-4-7, 1763676093413, 1763676098766, 5353
pause-pod-4-8, 1763676093416, 1763676098924, 5508
pause-pod-4-9, 1763676093418, 1763676099084, 5666
pause-pod-4-10, 1763676093422, 1763676099240, 5818
pause-pod-4-11, 1763676093427, 1763676099394, 5967
pause-pod-4-12, 1763676093430, 1763676099550, 6120
pause-pod-4-13, 1763676093434, 1763676099704, 6270
pause-pod-4-14, 1763676093437, 1763676099860, 6423
pause-pod-4-15, 1763676093447, 1763676100018, 6571
pause-pod-4-16, 1763676093453, 1763676100172, 6719
pause-pod-4-17, 1763676093458, 1763676100327, 6869
pause-pod-4-18, 1763676093480, 1763676100482, 7002
pause-pod-4-19, 1763676093484, 1763676100636, 7152
pause-pod-4-20, 1763676093488, 1763676100792, 7304
pause-pod-4-21, 1763676093500, 1763676100946, 7446
pause-pod-4-22, 1763676093523, 1763676101100, 7577
pause-pod-4-23, 1763676093526, 1763676101258, 7732
pause-pod-4-24, 1763676093533, 1763676101414, 7881
pause-pod-4-25, 1763676093560, 1763676101569, 8009
pause-pod-4-26, 1763676093585, 1763676101723, 8138
pause-pod-4-27, 1763676093659, 1763676101878, 8219
pause-pod-4-28, 1763676093670, 1763676102033, 8363
pause-pod-4-29, 1763676093681, 1763676102188, 8507
pause-pod-4-30, 1763676093697, 1763676102342, 8645
pause-pod-4-31, 1763676093710, 1763676102496, 8786
pause-pod-4-32, 1763676093754, 1763676102650, 8896
pause-pod-4-33, 1763676093759, 1763676102806, 9047
pause-pod-4-34, 1763676093767, 1763676102966, 9199
pause-pod-4-35, 1763676093796, 1763676103121, 9325
pause-pod-4-36, 1763676093833, 1763676103276, 9443
pause-pod-4-37, 1763676093843, 1763676103431, 9588
pause-pod-4-38, 1763676093852, 1763676103585, 9733
pause-pod-4-39, 1763676093901, 1763676103739, 9838
pause-pod-4-40, 1763676093909, 1763676103896, 9987
pause-pod-4-41, 1763676093929, 1763676104054, 10125
pause-pod-4-42, 1763676093937, 1763676104213, 10276
pause-pod-4-43, 1763676093945, 1763676104368, 10423
pause-pod-4-44, 1763676093954, 1763676104524, 10570
pause-pod-4-45, 1763676093960, 1763676104678, 10718
pause-pod-4-46, 1763676093981, 1763676104833, 10852
pause-pod-4-47, 1763676093987, 1763676104988, 11001
pause-pod-4-48, 1763676094012, 1763676105141, 11129
pause-pod-4-49, 1763676094030, 1763676105295, 11265
pause-pod-4-50, 1763676094045, 1763676105449, 11404
pause-pod-4-51, 1763676094100, 1763676105603, 11503
pause-pod-4-52, 1763676094112, 1763676105757, 11645
pause-pod-4-53, 1763676094133, 1763676105912, 11779
pause-pod-4-54, 1763676094147, 1763676106067, 11920
pause-pod-4-55, 1763676094171, 1763676106221, 12050
pause-pod-4-56, 1763676094200, 1763676106375, 12175
pause-pod-4-57, 1763676094234, 1763676106530, 12296
pause-pod-4-58, 1763676094287, 1763676106685, 12398
pause-pod-4-59, 1763676094325, 1763676106840, 12515
pause-pod-4-60, 1763676094334, 1763676106994, 12660
pause-pod-4-61, 1763676094365, 1763676107149, 12784
pause-pod-4-62, 1763676094406, 1763676107303, 12897
pause-pod-4-63, 1763676094421, 1763676107457, 13036
pause-pod-4-64, 1763676094438, 1763676107612, 13174
pause-pod-4-65, 1763676094490, 1763676107766, 13276
pause-pod-4-66, 1763676094514, 1763676107922, 13408
pause-pod-4-67, 1763676094538, 1763676108076, 13538
pause-pod-4-68, 1763676094544, 1763676108232, 13688
pause-pod-4-69, 1763676094582, 1763676108389, 13807
pause-pod-4-70, 1763676094604, 1763676108544, 13940
pause-pod-4-71, 1763676094666, 1763676108699, 14033
pause-pod-4-72, 1763676094748, 1763676108853, 14105
pause-pod-4-73, 1763676094758, 1763676109008, 14250
pause-pod-4-74, 1763676094763, 1763676109162, 14399
pause-pod-4-75, 1763676094793, 1763676109316, 14523
pause-pod-4-76, 1763676094799, 1763676109471, 14672
pause-pod-4-77, 1763676094808, 1763676109626, 14818
pause-pod-4-78, 1763676094819, 1763676109781, 14962
pause-pod-4-79, 1763676094833, 1763676109936, 15103
pause-pod-4-80, 1763676094856, 1763676110091, 15235
pause-pod-4-81, 1763676094865, 1763676110247, 15382
pause-pod-4-82, 1763676094875, 1763676110404, 15529
pause-pod-4-83, 1763676094903, 1763676110560, 15657
pause-pod-4-84, 1763676094951, 1763676110714, 15763
pause-pod-4-85, 1763676094963, 1763676110870, 15907
pause-pod-4-86, 1763676094974, 1763676111026, 16052
pause-pod-4-87, 1763676095037, 1763676111180, 16143
pause-pod-4-88, 1763676095048, 1763676111337, 16289
pause-pod-4-89, 1763676095069, 1763676111492, 16423
pause-pod-4-90, 1763676095090, 1763676111647, 16557
pause-pod-4-91, 1763676095128, 1763676111801, 16673
pause-pod-4-92, 1763676095134, 1763676111956, 16822
pause-pod-4-93, 1763676095179, 1763676112111, 16932
pause-pod-4-94, 1763676095195, 1763676112266, 17071
pause-pod-4-95, 1763676095205, 1763676112421, 17216
pause-pod-4-96, 1763676095235, 1763676112576, 17341
pause-pod-4-97, 1763676095249, 1763676112730, 17481
pause-pod-4-98, 1763676095272, 1763676112884, 17612
pause-pod-4-99, 1763676095317, 1763676113038, 17721
pause-pod-4-100, 1763676095334, 1763676113193, 17859
pause-pod-4-101, 1763676095354, 1763676113348, 17994
pause-pod-4-102, 1763676095380, 1763676113503, 18123
pause-pod-4-103, 1763676095389, 1763676113659, 18270
pause-pod-4-104, 1763676095414, 1763676113814, 18400
pause-pod-4-105, 1763676095439, 1763676113968, 18529
pause-pod-4-106, 1763676095477, 1763676114124, 18647
pause-pod-4-107, 1763676095548, 1763676114278, 18730
pause-pod-4-108, 1763676095612, 1763676114433, 18821
pause-pod-4-109, 1763676095661, 1763676114591, 18930
pause-pod-4-110, 1763676095733, 1763676114747, 19014
pause-pod-4-111, 1763676095775, 1763676114902, 19127
pause-pod-4-112, 1763676095829, 1763676115057, 19228
pause-pod-4-113, 1763676095859, 1763676115211, 19352
pause-pod-4-114, 1763676095874, 1763676115366, 19492
pause-pod-4-115, 1763676095892, 1763676115520, 19628
pause-pod-4-116, 1763676095907, 1763676115675, 19768
pause-pod-4-117, 1763676095921, 1763676115830, 19909
pause-pod-4-118, 1763676095929, 1763676115985, 20056
pause-pod-4-119, 1763676095954, 1763676116141, 20187
pause-pod-4-120, 1763676095994, 1763676116296, 20302
pause-pod-4-121, 1763676096091, 1763676116450, 20359
pause-pod-4-122, 1763676096135, 1763676116605, 20470
pause-pod-4-123, 1763676096143, 1763676116760, 20617
pause-pod-4-124, 1763676096169, 1763676116916, 20747
pause-pod-4-125, 1763676096244, 1763676117071, 20827
pause-pod-4-126, 1763676096308, 1763676117225, 20917
pause-pod-4-127, 1763676096414, 1763676117380, 20966
pause-pod-4-128, 1763676096489, 1763676117534, 21045
pause-pod-4-129, 1763676096494, 1763676117688, 21194
pause-pod-4-130, 1763676096497, 1763676117842, 21345
pause-pod-4-131, 1763676096510, 1763676117997, 21487
pause-pod-4-132, 1763676096520, 1763676118152, 21632
pause-pod-4-133, 1763676096526, 1763676118307, 21781
pause-pod-4-134, 1763676096553, 1763676118461, 21908
pause-pod-4-135, 1763676096599, 1763676118615, 22016
pause-pod-4-136, 1763676096625, 1763676118769, 22144
pause-pod-4-137, 1763676096640, 1763676118923, 22283
pause-pod-4-138, 1763676096649, 1763676119077, 22428
pause-pod-4-139, 1763676096654, 1763676119231, 22577
pause-pod-4-140, 1763676096684, 1763676119386, 22702
pause-pod-4-141, 1763676096721, 1763676119540, 22819
pause-pod-4-142, 1763676096734, 1763676119694, 22960
pause-pod-4-143, 1763676096759, 1763676119848, 23089
pause-pod-4-144, 1763676096764, 1763676120003, 23239
pause-pod-4-145, 1763676096768, 1763676120157, 23389
pause-pod-4-146, 1763676096785, 1763676120311, 23526
pause-pod-4-147, 1763676096815, 1763676120466, 23651
pause-pod-4-148, 1763676096833, 1763676120621, 23788
pause-pod-4-149, 1763676096868, 1763676120776, 23908
pause-pod-4-150, 1763676096977, 1763676120930, 23953
pause-pod-5-1, 1763676192572, 1763676196909, 4337
pause-pod-5-2, 1763676192574, 1763676197110, 4536
pause-pod-5-3, 1763676192576, 1763676197317, 4741
pause-pod-5-4, 1763676192577, 1763676197510, 4933
pause-pod-5-5, 1763676192579, 1763676197689, 5110
pause-pod-5-6, 1763676192582, 1763676197845, 5263
pause-pod-5-7, 1763676192584, 1763676198001, 5417
pause-pod-5-8, 1763676192586, 1763676198160, 5574
pause-pod-5-9, 1763676192590, 1763676198323, 5733
pause-pod-5-10, 1763676192593, 1763676198479, 5886
pause-pod-5-11, 1763676192596, 1763676198634, 6038
pause-pod-5-12, 1763676192600, 1763676198790, 6190
pause-pod-5-13, 1763676192602, 1763676198945, 6343
pause-pod-5-14, 1763676192606, 1763676199100, 6494
pause-pod-5-15, 1763676192629, 1763676199255, 6626
pause-pod-5-16, 1763676192633, 1763676199411, 6778
pause-pod-5-17, 1763676192640, 1763676199568, 6928
pause-pod-5-18, 1763676192644, 1763676199723, 7079
pause-pod-5-19, 1763676192656, 1763676199879, 7223
pause-pod-5-20, 1763676192681, 1763676200034, 7353
pause-pod-5-21, 1763676192684, 1763676200191, 7507
pause-pod-5-22, 1763676192687, 1763676200349, 7662
pause-pod-5-23, 1763676192690, 1763676200503, 7813
pause-pod-5-24, 1763676192694, 1763676200658, 7964
pause-pod-5-25, 1763676192700, 1763676200812, 8112
pause-pod-5-26, 1763676192703, 1763676200967, 8264
pause-pod-5-27, 1763676192706, 1763676201123, 8417
pause-pod-5-28, 1763676192743, 1763676201278, 8535
pause-pod-5-29, 1763676192801, 1763676201434, 8633
pause-pod-5-30, 1763676192892, 1763676201590, 8698
pause-pod-5-31, 1763676192941, 1763676201744, 8803
pause-pod-5-32, 1763676192978, 1763676201899, 8921
pause-pod-5-33, 1763676192995, 1763676202055, 9060
pause-pod-5-34, 1763676193036, 1763676202210, 9174
pause-pod-5-35, 1763676193055, 1763676202365, 9310
pause-pod-5-36, 1763676193069, 1763676202520, 9451
pause-pod-5-37, 1763676193072, 1763676202675, 9603
pause-pod-5-38, 1763676193079, 1763676202830, 9751
pause-pod-5-39, 1763676193099, 1763676202985, 9886
pause-pod-5-40, 1763676193119, 1763676203140, 10021
pause-pod-5-41, 1763676193123, 1763676203296, 10173
pause-pod-5-42, 1763676193132, 1763676203451, 10319
pause-pod-5-43, 1763676193145, 1763676203607, 10462
pause-pod-5-44, 1763676193171, 1763676203762, 10591
pause-pod-5-45, 1763676193175, 1763676203917, 10742
pause-pod-5-46, 1763676193185, 1763676204073, 10888
pause-pod-5-47, 1763676193190, 1763676204228, 11038
pause-pod-5-48, 1763676193209, 1763676204384, 11175
pause-pod-5-49, 1763676193237, 1763676204539, 11302
pause-pod-5-50, 1763676193284, 1763676204694, 11410
pause-pod-5-51, 1763676193315, 1763676204850, 11535
pause-pod-5-52, 1763676193337, 1763676205006, 11669
pause-pod-5-53, 1763676193345, 1763676205161, 11816
pause-pod-5-54, 1763676193369, 1763676205316, 11947
pause-pod-5-55, 1763676193408, 1763676205471, 12063
pause-pod-5-56, 1763676193483, 1763676205626, 12143
pause-pod-5-57, 1763676193499, 1763676205781, 12282
pause-pod-5-58, 1763676193526, 1763676205935, 12409
pause-pod-5-59, 1763676193562, 1763676206094, 12532
pause-pod-5-60, 1763676193626, 1763676206251, 12625
pause-pod-5-61, 1763676193662, 1763676206413, 12751
pause-pod-5-62, 1763676193680, 1763676206569, 12889
pause-pod-5-63, 1763676193705, 1763676206723, 13018
pause-pod-5-64, 1763676193716, 1763676206880, 13164
pause-pod-5-65, 1763676193730, 1763676207040, 13310
pause-pod-5-66, 1763676193736, 1763676207195, 13459
pause-pod-5-67, 1763676193752, 1763676207350, 13598
pause-pod-5-68, 1763676193776, 1763676207505, 13729
pause-pod-5-69, 1763676193801, 1763676207660, 13859
pause-pod-5-70, 1763676193861, 1763676207814, 13953
pause-pod-5-71, 1763676193867, 1763676207970, 14103
pause-pod-5-72, 1763676193873, 1763676208125, 14252
pause-pod-5-73, 1763676193878, 1763676208281, 14403
pause-pod-5-74, 1763676193900, 1763676208438, 14538
pause-pod-5-75, 1763676193933, 1763676208591, 14658
pause-pod-5-76, 1763676193942, 1763676208747, 14805
pause-pod-5-77, 1763676193963, 1763676208902, 14939
pause-pod-5-78, 1763676193977, 1763676209057, 15080
pause-pod-5-79, 1763676193996, 1763676209213, 15217
pause-pod-5-80, 1763676194006, 1763676209369, 15363
pause-pod-5-81, 1763676194070, 1763676209524, 15454
pause-pod-5-82, 1763676194136, 1763676209679, 15543
pause-pod-5-83, 1763676194148, 1763676209835, 15687
pause-pod-5-84, 1763676194170, 1763676209990, 15820
pause-pod-5-85, 1763676194207, 1763676210146, 15939
pause-pod-5-86, 1763676194268, 1763676210303, 16035
pause-pod-5-87, 1763676194272, 1763676210459, 16187
pause-pod-5-88, 1763676194297, 1763676210615, 16318
pause-pod-5-89, 1763676194353, 1763676210770, 16417
pause-pod-5-90, 1763676194367, 1763676210925, 16558
pause-pod-5-91, 1763676194386, 1763676211080, 16694
pause-pod-5-92, 1763676194413, 1763676211235, 16822
pause-pod-5-93, 1763676194473, 1763676211389, 16916
pause-pod-5-94, 1763676194488, 1763676211546, 17058
pause-pod-5-95, 1763676194505, 1763676211701, 17196
pause-pod-5-96, 1763676194531, 1763676211855, 17324
pause-pod-5-97, 1763676194564, 1763676212010, 17446
pause-pod-5-98, 1763676194606, 1763676212164, 17558
pause-pod-5-99, 1763676194638, 1763676212318, 17680
pause-pod-5-100, 1763676194703, 1763676212474, 17771
pause-pod-5-101, 1763676194732, 1763676212628, 17896
pause-pod-5-102, 1763676194743, 1763676212784, 18041
pause-pod-5-103, 1763676194774, 1763676212938, 18164
pause-pod-5-104, 1763676194780, 1763676213092, 18312
pause-pod-5-105, 1763676194797, 1763676213246, 18449
pause-pod-5-106, 1763676194868, 1763676213400, 18532
pause-pod-5-107, 1763676194926, 1763676213554, 18628
pause-pod-5-108, 1763676195012, 1763676213710, 18698
pause-pod-5-109, 1763676195035, 1763676213863, 18828
pause-pod-5-110, 1763676195093, 1763676214018, 18925
pause-pod-5-111, 1763676195156, 1763676214172, 19016
pause-pod-5-112, 1763676195224, 1763676214326, 19102
pause-pod-5-113, 1763676195249, 1763676214482, 19233
pause-pod-5-114, 1763676195255, 1763676214636, 19381
pause-pod-5-115, 1763676195267, 1763676214791, 19524
pause-pod-5-116, 1763676195306, 1763676214947, 19641
pause-pod-5-117, 1763676195323, 1763676215101, 19778
pause-pod-5-118, 1763676195329, 1763676215257, 19928
pause-pod-5-119, 1763676195357, 1763676215412, 20055
pause-pod-5-120, 1763676195367, 1763676215567, 20200
pause-pod-5-121, 1763676195397, 1763676215721, 20324
pause-pod-5-122, 1763676195415, 1763676215875, 20460
pause-pod-5-123, 1763676195435, 1763676216029, 20594
pause-pod-5-124, 1763676195449, 1763676216187, 20738
pause-pod-5-125, 1763676195473, 1763676216341, 20868
pause-pod-5-126, 1763676195493, 1763676216496, 21003
pause-pod-5-127, 1763676195499, 1763676216650, 21151
pause-pod-5-128, 1763676195556, 1763676216804, 21248
pause-pod-5-129, 1763676195567, 1763676216958, 21391
pause-pod-5-130, 1763676195599, 1763676217112, 21513
pause-pod-5-131, 1763676195618, 1763676217266, 21648
pause-pod-5-132, 1763676195651, 1763676217419, 21768
pause-pod-5-133, 1763676195679, 1763676217573, 21894
pause-pod-5-134, 1763676195705, 1763676217728, 22023
pause-pod-5-135, 1763676195718, 1763676217881, 22163
pause-pod-5-136, 1763676195819, 1763676218035, 22216
pause-pod-5-137, 1763676195839, 1763676218190, 22351
pause-pod-5-138, 1763676195867, 1763676218345, 22478
pause-pod-5-139, 1763676195989, 1763676218501, 22512
pause-pod-5-140, 1763676196003, 1763676218658, 22655
pause-pod-5-141, 1763676196011, 1763676218813, 22802
pause-pod-5-142, 1763676196052, 1763676218967, 22915
pause-pod-5-143, 1763676196107, 1763676219120, 23013
pause-pod-5-144, 1763676196124, 1763676219274, 23150
pause-pod-5-145, 1763676196150, 1763676219428, 23278
pause-pod-5-146, 1763676196205, 1763676219582, 23377
pause-pod-5-147, 1763676196241, 1763676219737, 23496
pause-pod-5-148, 1763676196245, 1763676219891, 23646
pause-pod-5-149, 1763676196279, 1763676220045, 23766
pause-pod-5-150, 1763676196306, 1763676220200, 23894
pause-pod-6-1, 1763676291773, 1763676296109, 4336
pause-pod-6-2, 1763676291775, 1763676296341, 4566
pause-pod-6-3, 1763676291776, 1763676296549, 4773
pause-pod-6-4, 1763676291778, 1763676296749, 4971
pause-pod-6-5, 1763676291780, 1763676296909, 5129
pause-pod-6-6, 1763676291783, 1763676297067, 5284
pause-pod-6-7, 1763676291785, 1763676297223, 5438
pause-pod-6-8, 1763676291788, 1763676297380, 5592
pause-pod-6-9, 1763676291790, 1763676297539, 5749
pause-pod-6-10, 1763676291793, 1763676297704, 5911
pause-pod-6-11, 1763676291795, 1763676297865, 6070
pause-pod-6-12, 1763676291799, 1763676298021, 6222
pause-pod-6-13, 1763676291801, 1763676298177, 6376
pause-pod-6-14, 1763676291805, 1763676298333, 6528
pause-pod-6-15, 1763676291808, 1763676298488, 6680
pause-pod-6-16, 1763676291811, 1763676298643, 6832
pause-pod-6-17, 1763676291814, 1763676298798, 6984
pause-pod-6-18, 1763676291827, 1763676298953, 7126
pause-pod-6-19, 1763676291893, 1763676299109, 7216
pause-pod-6-20, 1763676291903, 1763676299267, 7364
pause-pod-6-21, 1763676291907, 1763676299422, 7515
pause-pod-6-22, 1763676291941, 1763676299576, 7635
pause-pod-6-23, 1763676291991, 1763676299731, 7740
pause-pod-6-24, 1763676292029, 1763676299886, 7857
pause-pod-6-25, 1763676292034, 1763676300042, 8008
pause-pod-6-26, 1763676292038, 1763676300200, 8162
pause-pod-6-27, 1763676292050, 1763676300356, 8306
pause-pod-6-28, 1763676292065, 1763676300511, 8446
pause-pod-6-29, 1763676292071, 1763676300667, 8596
pause-pod-6-30, 1763676292079, 1763676300824, 8745
pause-pod-6-31, 1763676292086, 1763676300979, 8893
pause-pod-6-32, 1763676292114, 1763676301135, 9021
pause-pod-6-33, 1763676292174, 1763676301290, 9116
pause-pod-6-34, 1763676292189, 1763676301446, 9257
pause-pod-6-35, 1763676292202, 1763676301601, 9399
pause-pod-6-36, 1763676292232, 1763676301756, 9524
pause-pod-6-37, 1763676292236, 1763676301913, 9677
pause-pod-6-38, 1763676292250, 1763676302068, 9818
pause-pod-6-39, 1763676292258, 1763676302224, 9966
pause-pod-6-40, 1763676292264, 1763676302380, 10116
pause-pod-6-41, 1763676292268, 1763676302536, 10268
pause-pod-6-42, 1763676292310, 1763676302692, 10382
pause-pod-6-43, 1763676292314, 1763676302847, 10533
pause-pod-6-44, 1763676292337, 1763676303002, 10665
pause-pod-6-45, 1763676292349, 1763676303157, 10808
pause-pod-6-46, 1763676292362, 1763676303313, 10951
pause-pod-6-47, 1763676292388, 1763676303468, 11080
pause-pod-6-48, 1763676292396, 1763676303625, 11229
pause-pod-6-49, 1763676292412, 1763676303781, 11369
pause-pod-6-50, 1763676292485, 1763676303936, 11451
pause-pod-6-51, 1763676292493, 1763676304091, 11598
pause-pod-6-52, 1763676292535, 1763676304245, 11710
pause-pod-6-53, 1763676292539, 1763676304400, 11861
pause-pod-6-54, 1763676292558, 1763676304556, 11998
pause-pod-6-55, 1763676292580, 1763676304711, 12131
pause-pod-6-56, 1763676292588, 1763676304868, 12280
pause-pod-6-57, 1763676292607, 1763676305024, 12417
pause-pod-6-58, 1763676292638, 1763676305180, 12542
pause-pod-6-59, 1763676292653, 1763676305336, 12683
pause-pod-6-60, 1763676292667, 1763676305490, 12823
pause-pod-6-61, 1763676292711, 1763676305645, 12934
pause-pod-6-62, 1763676292719, 1763676305800, 13081
pause-pod-6-63, 1763676292758, 1763676305954, 13196
pause-pod-6-64, 1763676292767, 1763676306110, 13343
pause-pod-6-65, 1763676292868, 1763676306265, 13397
pause-pod-6-66, 1763676292877, 1763676306420, 13543
pause-pod-6-67, 1763676292881, 1763676306576, 13695
pause-pod-6-68, 1763676292924, 1763676306731, 13807
pause-pod-6-69, 1763676292929, 1763676306888, 13959
pause-pod-6-70, 1763676292958, 1763676307043, 14085
pause-pod-6-71, 1763676293075, 1763676307199, 14124
pause-pod-6-72, 1763676293094, 1763676307356, 14262
pause-pod-6-73, 1763676293124, 1763676307511, 14387
pause-pod-6-74, 1763676293140, 1763676307666, 14526
pause-pod-6-75, 1763676293178, 1763676307821, 14643
pause-pod-6-76, 1763676293231, 1763676307976, 14745
pause-pod-6-77, 1763676293283, 1763676308132, 14849
pause-pod-6-78, 1763676293352, 1763676308289, 14937
pause-pod-6-79, 1763676293384, 1763676308446, 15062
pause-pod-6-80, 1763676293416, 1763676308602, 15186
pause-pod-6-81, 1763676293419, 1763676308758, 15339
pause-pod-6-82, 1763676293427, 1763676308914, 15487
pause-pod-6-83, 1763676293487, 1763676309069, 15582
pause-pod-6-84, 1763676293494, 1763676309225, 15731
pause-pod-6-85, 1763676293526, 1763676309380, 15854
pause-pod-6-86, 1763676293536, 1763676309534, 15998
pause-pod-6-87, 1763676293554, 1763676309690, 16136
pause-pod-6-88, 1763676293575, 1763676309844, 16269
pause-pod-6-89, 1763676293591, 1763676309998, 16407
pause-pod-6-90, 1763676293601, 1763676310154, 16553
pause-pod-6-91, 1763676293625, 1763676310309, 16684
pause-pod-6-92, 1763676293654, 1763676310464, 16810
pause-pod-6-93, 1763676293668, 1763676310619, 16951
pause-pod-6-94, 1763676293776, 1763676310780, 17004
pause-pod-6-95, 1763676293799, 1763676310936, 17137
pause-pod-6-96, 1763676293839, 1763676311091, 17252
pause-pod-6-97, 1763676293861, 1763676311245, 17384
pause-pod-6-98, 1763676293914, 1763676311401, 17487
pause-pod-6-99, 1763676293985, 1763676311556, 17571
pause-pod-6-100, 1763676293995, 1763676311711, 17716
pause-pod-6-101, 1763676294032, 1763676311866, 17834
pause-pod-6-102, 1763676294064, 1763676312023, 17959
pause-pod-6-103, 1763676294076, 1763676312177, 18101
pause-pod-6-104, 1763676294086, 1763676312331, 18245
pause-pod-6-105, 1763676294156, 1763676312486, 18330
pause-pod-6-106, 1763676294197, 1763676312642, 18445
pause-pod-6-107, 1763676294214, 1763676312796, 18582
pause-pod-6-108, 1763676294272, 1763676312951, 18679
pause-pod-6-109, 1763676294292, 1763676313105, 18813
pause-pod-6-110, 1763676294329, 1763676313260, 18931
pause-pod-6-111, 1763676294384, 1763676313415, 19031
pause-pod-6-112, 1763676294452, 1763676313570, 19118
pause-pod-6-113, 1763676294475, 1763676313726, 19251
pause-pod-6-114, 1763676294483, 1763676313881, 19398
pause-pod-6-115, 1763676294493, 1763676314035, 19542
pause-pod-6-116, 1763676294501, 1763676314191, 19690
pause-pod-6-117, 1763676294515, 1763676314347, 19832
pause-pod-6-118, 1763676294523, 1763676314502, 19979
pause-pod-6-119, 1763676294550, 1763676314657, 20107
pause-pod-6-120, 1763676294576, 1763676314812, 20236
pause-pod-6-121, 1763676294592, 1763676314967, 20375
pause-pod-6-122, 1763676294624, 1763676315123, 20499
pause-pod-6-123, 1763676294645, 1763676315279, 20634
pause-pod-6-124, 1763676294673, 1763676315436, 20763
pause-pod-6-125, 1763676294705, 1763676315590, 20885
pause-pod-6-126, 1763676294712, 1763676315747, 21035
pause-pod-6-127, 1763676294725, 1763676315903, 21178
pause-pod-6-128, 1763676294730, 1763676316058, 21328
pause-pod-6-129, 1763676294782, 1763676316212, 21430
pause-pod-6-130, 1763676294826, 1763676316367, 21541
pause-pod-6-131, 1763676294880, 1763676316522, 21642
pause-pod-6-132, 1763676294895, 1763676316677, 21782
pause-pod-6-133, 1763676294917, 1763676316832, 21915
pause-pod-6-134, 1763676294935, 1763676316987, 22052
pause-pod-6-135, 1763676294975, 1763676317142, 22167
pause-pod-6-136, 1763676295026, 1763676317298, 22272
pause-pod-6-137, 1763676295087, 1763676317452, 22365
pause-pod-6-138, 1763676295104, 1763676317607, 22503
pause-pod-6-139, 1763676295115, 1763676317762, 22647
pause-pod-6-140, 1763676295126, 1763676317916, 22790
pause-pod-6-141, 1763676295135, 1763676318071, 22936
pause-pod-6-142, 1763676295148, 1763676318228, 23080
pause-pod-6-143, 1763676295174, 1763676318383, 23209
pause-pod-6-144, 1763676295179, 1763676318538, 23359
pause-pod-6-145, 1763676295193, 1763676318693, 23500
pause-pod-6-146, 1763676295233, 1763676318848, 23615
pause-pod-6-147, 1763676295297, 1763676319004, 23707
pause-pod-6-148, 1763676295302, 1763676319159, 23857
pause-pod-6-149, 1763676295343, 1763676319314, 23971
pause-pod-6-150, 1763676295409, 1763676319468, 24059
