Pod Name, Creation Timestamp, Ready Timestamp, Latency (milliseconds)
pause-pod-1-1, 1764939312142, 1764939319004, 6862
pause-pod-1-2, 1764939312149, 1764939319474, 7325
pause-pod-1-3, 1764939312155, 1764939319827, 7672
pause-pod-1-4, 1764939312158, 1764939320140, 7982
pause-pod-1-5, 1764939312163, 1764939320560, 8397
pause-pod-1-6, 1764939312167, 1764939320839, 8672
pause-pod-1-7, 1764939312170, 1764939321083, 8913
pause-pod-1-8, 1764939312174, 1764939321327, 9153
pause-pod-1-9, 1764939312179, 1764939321586, 9407
pause-pod-1-10, 1764939312184, 1764939321844, 9660
pause-pod-1-11, 1764939312192, 1764939322098, 9906
pause-pod-1-12, 1764939312197, 1764939322371, 10174
pause-pod-1-13, 1764939312201, 1764939322631, 10430
pause-pod-1-14, 1764939312210, 1764939322905, 10695
pause-pod-1-15, 1764939312220, 1764939323179, 10959
pause-pod-1-16, 1764939312228, 1764939323439, 11211
pause-pod-1-17, 1764939312233, 1764939323739, 11506
pause-pod-1-18, 1764939312245, 1764939324021, 11776
pause-pod-1-19, 1764939312252, 1764939324300, 12048
pause-pod-1-20, 1764939312260, 1764939324555, 12295
pause-pod-1-21, 1764939312269, 1764939324836, 12567
pause-pod-1-22, 1764939312280, 1764939325131, 12851
pause-pod-1-23, 1764939312289, 1764939325389, 13100
pause-pod-1-24, 1764939312302, 1764939325660, 13358
pause-pod-1-25, 1764939312313, 1764939325942, 13629
pause-pod-1-26, 1764939312320, 1764939326234, 13914
pause-pod-1-27, 1764939312330, 1764939326503, 14173
pause-pod-1-28, 1764939312346, 1764939326804, 14458
pause-pod-1-29, 1764939312360, 1764939327081, 14721
pause-pod-1-30, 1764939312375, 1764939327356, 14981
pause-pod-1-31, 1764939312392, 1764939327610, 15218
pause-pod-1-32, 1764939312409, 1764939327868, 15459
pause-pod-1-33, 1764939312416, 1764939328157, 15741
pause-pod-1-34, 1764939312433, 1764939328449, 16016
pause-pod-1-35, 1764939312448, 1764939328743, 16295
pause-pod-1-36, 1764939312468, 1764939329028, 16560
pause-pod-1-37, 1764939312478, 1764939329310, 16832
pause-pod-1-38, 1764939312501, 1764939329593, 17092
pause-pod-1-39, 1764939312526, 1764939329885, 17359
pause-pod-1-40, 1764939312536, 1764939330178, 17642
pause-pod-1-41, 1764939312557, 1764939330464, 17907
pause-pod-1-42, 1764939312563, 1764939330738, 18175
pause-pod-1-43, 1764939312595, 1764939331011, 18416
pause-pod-1-44, 1764939312609, 1764939331296, 18687
pause-pod-1-45, 1764939312630, 1764939331565, 18935
pause-pod-1-46, 1764939312651, 1764939331838, 19187
pause-pod-1-47, 1764939312665, 1764939332114, 19449
pause-pod-1-48, 1764939312678, 1764939332403, 19725
pause-pod-1-49, 1764939312692, 1764939332674, 19982
pause-pod-1-50, 1764939312708, 1764939332956, 20248
pause-pod-1-51, 1764939312724, 1764939333232, 20508
pause-pod-1-52, 1764939312729, 1764939333498, 20769
pause-pod-1-53, 1764939312751, 1764939333774, 21023
pause-pod-1-54, 1764939312773, 1764939334014, 21241
pause-pod-1-55, 1764939312789, 1764939334300, 21511
pause-pod-1-56, 1764939312812, 1764939334553, 21741
pause-pod-1-57, 1764939312830, 1764939334834, 22004
pause-pod-1-58, 1764939312844, 1764939335124, 22280
pause-pod-1-59, 1764939312879, 1764939335399, 22520
pause-pod-1-60, 1764939312906, 1764939335694, 22788
pause-pod-1-61, 1764939312945, 1764939335971, 23026
pause-pod-1-62, 1764939312957, 1764939336258, 23301
pause-pod-1-63, 1764939312978, 1764939336533, 23555
pause-pod-1-64, 1764939312997, 1764939336804, 23807
pause-pod-1-65, 1764939313042, 1764939337091, 24049
pause-pod-1-66, 1764939313055, 1764939337367, 24312
pause-pod-1-67, 1764939313106, 1764939337661, 24555
pause-pod-1-68, 1764939313127, 1764939337939, 24812
pause-pod-1-69, 1764939313202, 1764939338200, 24998
pause-pod-1-70, 1764939313236, 1764939338489, 25253
pause-pod-1-71, 1764939313241, 1764939338777, 25536
pause-pod-1-72, 1764939313270, 1764939339048, 25778
pause-pod-1-73, 1764939313275, 1764939339325, 26050
pause-pod-1-74, 1764939313280, 1764939339588, 26308
pause-pod-1-75, 1764939313307, 1764939339855, 26548
pause-pod-1-76, 1764939313327, 1764939340165, 26838
pause-pod-1-77, 1764939313383, 1764939340436, 27053
pause-pod-1-78, 1764939313412, 1764939340728, 27316
pause-pod-1-79, 1764939313449, 1764939340995, 27546
pause-pod-1-80, 1764939313504, 1764939341262, 27758
pause-pod-1-81, 1764939313545, 1764939341521, 27976
pause-pod-1-82, 1764939313572, 1764939341774, 28202
pause-pod-1-83, 1764939313625, 1764939342060, 28435
pause-pod-1-84, 1764939313689, 1764939342347, 28658
pause-pod-1-85, 1764939313695, 1764939342623, 28928
pause-pod-1-86, 1764939313716, 1764939342896, 29180
pause-pod-1-87, 1764939313786, 1764939343169, 29383
pause-pod-1-88, 1764939313861, 1764939343441, 29580
pause-pod-1-89, 1764939313873, 1764939343719, 29846
pause-pod-1-90, 1764939313899, 1764939344007, 30108
pause-pod-1-91, 1764939313956, 1764939344301, 30345
pause-pod-1-92, 1764939313991, 1764939344591, 30600
pause-pod-1-93, 1764939314019, 1764939344859, 30840
pause-pod-1-94, 1764939314089, 1764939345151, 31062
pause-pod-1-95, 1764939314238, 1764939345442, 31204
pause-pod-1-96, 1764939314335, 1764939345742, 31407
pause-pod-1-97, 1764939314390, 1764939346023, 31633
pause-pod-1-98, 1764939314419, 1764939346311, 31892
pause-pod-1-99, 1764939314502, 1764939346600, 32098
pause-pod-1-100, 1764939314556, 1764939346886, 32330
pause-pod-2-1, 1764939429984, 1764939436086, 6102
pause-pod-2-2, 1764939429991, 1764939436486, 6495
pause-pod-2-3, 1764939429996, 1764939438873, 8877
pause-pod-2-4, 1764939430000, 1764939439138, 9138
pause-pod-2-5, 1764939430004, 1764939439393, 9389
pause-pod-2-6, 1764939430007, 1764939439634, 9627
pause-pod-2-7, 1764939430012, 1764939439890, 9878
pause-pod-2-8, 1764939430016, 1764939440177, 10161
pause-pod-2-9, 1764939430019, 1764939440463, 10444
pause-pod-2-10, 1764939430024, 1764939440756, 10732
pause-pod-2-11, 1764939430028, 1764939441011, 10983
pause-pod-2-12, 1764939430039, 1764939441282, 11243
pause-pod-2-13, 1764939430043, 1764939441572, 11529
pause-pod-2-14, 1764939430049, 1764939441852, 11803
pause-pod-2-15, 1764939430058, 1764939442128, 12070
pause-pod-2-16, 1764939430061, 1764939442416, 12355
pause-pod-2-17, 1764939430065, 1764939442713, 12648
pause-pod-2-18, 1764939430074, 1764939443014, 12940
pause-pod-2-19, 1764939430080, 1764939443307, 13227
pause-pod-2-20, 1764939430086, 1764939443593, 13507
pause-pod-2-21, 1764939430095, 1764939443875, 13780
pause-pod-2-22, 1764939430101, 1764939444157, 14056
pause-pod-2-23, 1764939430112, 1764939444408, 14296
pause-pod-2-24, 1764939430125, 1764939444652, 14527
pause-pod-2-25, 1764939430134, 1764939444924, 14790
pause-pod-2-26, 1764939430141, 1764939445194, 15053
pause-pod-2-27, 1764939430149, 1764939445440, 15291
pause-pod-2-28, 1764939430158, 1764939445714, 15556
pause-pod-2-29, 1764939430168, 1764939445988, 15820
pause-pod-2-30, 1764939430179, 1764939446288, 16109
pause-pod-2-31, 1764939430184, 1764939446574, 16390
pause-pod-2-32, 1764939430196, 1764939446858, 16662
pause-pod-2-33, 1764939430207, 1764939447127, 16920
pause-pod-2-34, 1764939430228, 1764939447409, 17181
pause-pod-2-35, 1764939430247, 1764939447670, 17423
pause-pod-2-36, 1764939430254, 1764939447922, 17668
pause-pod-2-37, 1764939430268, 1764939448199, 17931
pause-pod-2-38, 1764939430289, 1764939448487, 18198
pause-pod-2-39, 1764939430298, 1764939448776, 18478
pause-pod-2-40, 1764939430308, 1764939449062, 18754
pause-pod-2-41, 1764939430322, 1764939449331, 19009
pause-pod-2-42, 1764939430345, 1764939449630, 19285
pause-pod-2-43, 1764939430364, 1764939449921, 19557
pause-pod-2-44, 1764939430384, 1764939450208, 19824
pause-pod-2-45, 1764939430390, 1764939450488, 20098
pause-pod-2-46, 1764939430398, 1764939450783, 20385
pause-pod-2-47, 1764939430409, 1764939451046, 20637
pause-pod-2-48, 1764939430434, 1764939451347, 20913
pause-pod-2-49, 1764939430446, 1764939451640, 21194
pause-pod-2-50, 1764939430471, 1764939451934, 21463
pause-pod-2-51, 1764939430494, 1764939452232, 21738
pause-pod-2-52, 1764939430505, 1764939452531, 22026
pause-pod-2-53, 1764939430529, 1764939452816, 22287
pause-pod-2-54, 1764939430538, 1764939453094, 22556
pause-pod-2-55, 1764939430552, 1764939453387, 22835
pause-pod-2-56, 1764939430571, 1764939453676, 23105
pause-pod-2-57, 1764939430587, 1764939453936, 23349
pause-pod-2-58, 1764939430613, 1764939454227, 23614
pause-pod-2-59, 1764939430634, 1764939454469, 23835
pause-pod-2-60, 1764939430645, 1764939454720, 24075
pause-pod-2-61, 1764939430671, 1764939454999, 24328
pause-pod-2-62, 1764939430683, 1764939455278, 24595
pause-pod-2-63, 1764939430693, 1764939455567, 24874
pause-pod-2-64, 1764939430710, 1764939455862, 25152
pause-pod-2-65, 1764939430719, 1764939456155, 25436
pause-pod-2-66, 1764939430745, 1764939456439, 25694
pause-pod-2-67, 1764939430777, 1764939456719, 25942
pause-pod-2-68, 1764939430786, 1764939456995, 26209
pause-pod-2-69, 1764939430834, 1764939457287, 26453
pause-pod-2-70, 1764939430854, 1764939457562, 26708
pause-pod-2-71, 1764939430875, 1764939457827, 26952
pause-pod-2-72, 1764939430898, 1764939458125, 27227
pause-pod-2-73, 1764939430942, 1764939458409, 27467
pause-pod-2-74, 1764939430968, 1764939458706, 27738
pause-pod-2-75, 1764939430973, 1764939459010, 28037
pause-pod-2-76, 1764939431011, 1764939459301, 28290
pause-pod-2-77, 1764939431026, 1764939459590, 28564
pause-pod-2-78, 1764939431038, 1764939459880, 28842
pause-pod-2-79, 1764939431091, 1764939460176, 29085
pause-pod-2-80, 1764939431113, 1764939460469, 29356
pause-pod-2-81, 1764939431126, 1764939460753, 29627
pause-pod-2-82, 1764939431160, 1764939461003, 29843
pause-pod-2-83, 1764939431170, 1764939461295, 30125
pause-pod-2-84, 1764939431191, 1764939461584, 30393
pause-pod-2-85, 1764939431255, 1764939461879, 30624
pause-pod-2-86, 1764939431310, 1764939462154, 30844
pause-pod-2-87, 1764939431376, 1764939462455, 31079
pause-pod-2-88, 1764939431391, 1764939462738, 31347
pause-pod-2-89, 1764939431486, 1764939463029, 31543
pause-pod-2-90, 1764939431541, 1764939463306, 31765
pause-pod-2-91, 1764939431577, 1764939463550, 31973
pause-pod-2-92, 1764939431623, 1764939463820, 32197
pause-pod-2-93, 1764939431644, 1764939464094, 32450
pause-pod-2-94, 1764939431670, 1764939464380, 32710
pause-pod-2-95, 1764939431701, 1764939464654, 32953
pause-pod-2-96, 1764939431709, 1764939464910, 33201
pause-pod-2-97, 1764939431742, 1764939465192, 33450
pause-pod-2-98, 1764939431749, 1764939465483, 33734
pause-pod-2-99, 1764939431801, 1764939465753, 33952
pause-pod-2-100, 1764939431807, 1764939466025, 34218
pause-pod-3-1, 1764939549296, 1764939559511, 10215
pause-pod-3-2, 1764939549303, 1764939559764, 10461
pause-pod-3-3, 1764939549309, 1764939560040, 10731
pause-pod-3-4, 1764939549314, 1764939560288, 10974
pause-pod-3-5, 1764939549317, 1764939560547, 11230
pause-pod-3-6, 1764939549321, 1764939573277, 23956
pause-pod-3-7, 1764939549324, 1764939573543, 24219
pause-pod-3-8, 1764939549329, 1764939573801, 24472
pause-pod-3-9, 1764939549334, 1764939574063, 24729
pause-pod-3-10, 1764939549339, 1764939574339, 25000
pause-pod-3-11, 1764939549343, 1764939574595, 25252
pause-pod-3-12, 1764939549350, 1764939574889, 25539
pause-pod-3-13, 1764939549354, 1764939575174, 25820
pause-pod-3-14, 1764939549360, 1764939575476, 26116
pause-pod-3-15, 1764939549367, 1764939575761, 26394
pause-pod-3-16, 1764939549374, 1764939576052, 26678
pause-pod-3-17, 1764939549381, 1764939576342, 26961
pause-pod-3-18, 1764939549386, 1764939576615, 27229
pause-pod-3-19, 1764939549400, 1764939576880, 27480
pause-pod-3-20, 1764939549413, 1764939577167, 27754
pause-pod-3-21, 1764939549430, 1764939577455, 28025
pause-pod-3-22, 1764939549448, 1764939577736, 28288
pause-pod-3-23, 1764939549469, 1764939578017, 28548
pause-pod-3-24, 1764939549477, 1764939578315, 28838
pause-pod-3-25, 1764939549484, 1764939578596, 29112
pause-pod-3-26, 1764939549503, 1764939578884, 29381
pause-pod-3-27, 1764939549521, 1764939579164, 29643
pause-pod-3-28, 1764939549555, 1764939579446, 29891
pause-pod-3-29, 1764939549584, 1764939579696, 30112
pause-pod-3-30, 1764939549589, 1764939579981, 30392
pause-pod-3-31, 1764939549601, 1764939580264, 30663
pause-pod-3-32, 1764939549615, 1764939580555, 30940
pause-pod-3-33, 1764939549630, 1764939580828, 31198
pause-pod-3-34, 1764939549646, 1764939581091, 31445
pause-pod-3-35, 1764939549667, 1764939581374, 31707
pause-pod-3-36, 1764939549683, 1764939581644, 31961
pause-pod-3-37, 1764939549696, 1764939581928, 32232
pause-pod-3-38, 1764939549710, 1764939582215, 32505
pause-pod-3-39, 1764939549724, 1764939582493, 32769
pause-pod-3-40, 1764939549745, 1764939582763, 33018
pause-pod-3-41, 1764939549750, 1764939583043, 33293
pause-pod-3-42, 1764939549777, 1764939583328, 33551
pause-pod-3-43, 1764939549801, 1764939583564, 33763
pause-pod-3-44, 1764939549820, 1764939583832, 34012
pause-pod-3-45, 1764939549838, 1764939584119, 34281
pause-pod-3-46, 1764939549853, 1764939584414, 34561
pause-pod-3-47, 1764939549904, 1764939584700, 34796
pause-pod-3-48, 1764939549923, 1764939585001, 35078
pause-pod-3-49, 1764939549945, 1764939585290, 35345
pause-pod-3-50, 1764939549970, 1764939585566, 35596
pause-pod-3-51, 1764939549984, 1764939585847, 35863
pause-pod-3-52, 1764939549997, 1764939586116, 36119
pause-pod-3-53, 1764939550012, 1764939586413, 36401
pause-pod-3-54, 1764939550032, 1764939586695, 36663
pause-pod-3-55, 1764939550056, 1764939586965, 36909
pause-pod-3-56, 1764939550063, 1764939587216, 37153
pause-pod-3-57, 1764939550078, 1764939587483, 37405
pause-pod-3-58, 1764939550093, 1764939587752, 37659
pause-pod-3-59, 1764939550138, 1764939588029, 37891
pause-pod-3-60, 1764939550174, 1764939588313, 38139
pause-pod-3-61, 1764939550183, 1764939588623, 38440
pause-pod-3-62, 1764939550212, 1764939588900, 38688
pause-pod-3-63, 1764939550222, 1764939589195, 38973
pause-pod-3-64, 1764939550256, 1764939589485, 39229
pause-pod-3-65, 1764939550286, 1764939589764, 39478
pause-pod-3-66, 1764939550307, 1764939590042, 39735
pause-pod-3-67, 1764939550379, 1764939590325, 39946
pause-pod-3-68, 1764939550413, 1764939590607, 40194
pause-pod-3-69, 1764939550462, 1764939590895, 40433
pause-pod-3-70, 1764939550527, 1764939591154, 40627
pause-pod-3-71, 1764939550574, 1764939591455, 40881
pause-pod-3-72, 1764939550606, 1764939591760, 41154
pause-pod-3-73, 1764939550647, 1764939592038, 41391
pause-pod-3-74, 1764939550684, 1764939592315, 41631
pause-pod-3-75, 1764939550766, 1764939592589, 41823
pause-pod-3-76, 1764939550788, 1764939592872, 42084
pause-pod-3-77, 1764939550820, 1764939593155, 42335
pause-pod-3-78, 1764939550847, 1764939593450, 42603
pause-pod-3-79, 1764939550875, 1764939593733, 42858
pause-pod-3-80, 1764939550883, 1764939594013, 43130
pause-pod-3-81, 1764939550925, 1764939594298, 43373
pause-pod-3-82, 1764939550972, 1764939594567, 43595
pause-pod-3-83, 1764939551012, 1764939594835, 43823
pause-pod-3-84, 1764939551036, 1764939595122, 44086
pause-pod-3-85, 1764939551071, 1764939595384, 44313
pause-pod-3-86, 1764939551112, 1764939595653, 44541
pause-pod-3-87, 1764939551127, 1764939595934, 44807
pause-pod-3-88, 1764939551148, 1764939596236, 45088
pause-pod-3-89, 1764939551208, 1764939596512, 45304
pause-pod-3-90, 1764939551250, 1764939596795, 45545
pause-pod-3-91, 1764939551273, 1764939597090, 45817
pause-pod-3-92, 1764939551307, 1764939597368, 46061
pause-pod-3-93, 1764939551326, 1764939597652, 46326
pause-pod-3-94, 1764939551362, 1764939597914, 46552
pause-pod-3-95, 1764939551460, 1764939598186, 46726
pause-pod-3-96, 1764939551500, 1764939598472, 46972
pause-pod-3-97, 1764939551544, 1764939598764, 47220
pause-pod-3-98, 1764939551620, 1764939599047, 47427
pause-pod-3-99, 1764939551731, 1764939599340, 47609
pause-pod-3-100, 1764939551784, 1764939599608, 47824
pause-pod-4-1, 1764939683697, 1764939693254, 9557
pause-pod-4-2, 1764939683701, 1764939693494, 9793
pause-pod-4-3, 1764939683705, 1764939693734, 10029
pause-pod-4-4, 1764939683708, 1764939693981, 10273
pause-pod-4-5, 1764939683711, 1764939694223, 10512
pause-pod-4-6, 1764939683715, 1764939694494, 10779
pause-pod-4-7, 1764939683719, 1764939694781, 11062
pause-pod-4-8, 1764939683726, 1764939695068, 11342
pause-pod-4-9, 1764939683730, 1764939695321, 11591
pause-pod-4-10, 1764939683734, 1764939695641, 11907
pause-pod-4-11, 1764939683740, 1764939695917, 12177
pause-pod-4-12, 1764939683744, 1764939696183, 12439
pause-pod-4-13, 1764939683752, 1764939696442, 12690
pause-pod-4-14, 1764939683755, 1764939696717, 12962
pause-pod-4-15, 1764939683762, 1764939696994, 13232
pause-pod-4-16, 1764939683775, 1764939697256, 13481
pause-pod-4-17, 1764939683780, 1764939697514, 13734
pause-pod-4-18, 1764939683788, 1764939697786, 13998
pause-pod-4-19, 1764939683794, 1764939698076, 14282
pause-pod-4-20, 1764939683802, 1764939698364, 14562
pause-pod-4-21, 1764939683807, 1764939698653, 14846
pause-pod-4-22, 1764939683827, 1764939698930, 15103
pause-pod-4-23, 1764939683839, 1764939699220, 15381
pause-pod-4-24, 1764939683841, 1764939699496, 15655
pause-pod-4-25, 1764939683844, 1764939699759, 15915
pause-pod-4-26, 1764939683859, 1764939700023, 16164
pause-pod-4-27, 1764939683863, 1764939700306, 16443
pause-pod-4-28, 1764939683873, 1764939700565, 16692
pause-pod-4-29, 1764939683877, 1764939700862, 16985
pause-pod-4-30, 1764939683881, 1764939701125, 17244
pause-pod-4-31, 1764939683890, 1764939701406, 17516
pause-pod-4-32, 1764939683903, 1764939701659, 17756
pause-pod-4-33, 1764939683912, 1764939701919, 18007
pause-pod-4-34, 1764939683917, 1764939702215, 18298
pause-pod-4-35, 1764939683933, 1764939702500, 18567
pause-pod-4-36, 1764939683942, 1764939702784, 18842
pause-pod-4-37, 1764939683967, 1764939703065, 19098
pause-pod-4-38, 1764939683973, 1764939703359, 19386
pause-pod-4-39, 1764939683980, 1764939703623, 19643
pause-pod-4-40, 1764939683998, 1764939703899, 19901
pause-pod-4-41, 1764939684013, 1764939704185, 20172
pause-pod-4-42, 1764939684021, 1764939704469, 20448
pause-pod-4-43, 1764939684049, 1764939704745, 20696
pause-pod-4-44, 1764939684067, 1764939705028, 20961
pause-pod-4-45, 1764939684071, 1764939705315, 21244
pause-pod-4-46, 1764939684077, 1764939705608, 21531
pause-pod-4-47, 1764939684084, 1764939705892, 21808
pause-pod-4-48, 1764939684100, 1764939706173, 22073
pause-pod-4-49, 1764939684122, 1764939706478, 22356
pause-pod-4-50, 1764939684140, 1764939706774, 22634
pause-pod-4-51, 1764939684174, 1764939707048, 22874
pause-pod-4-52, 1764939684190, 1764939707316, 23126
pause-pod-4-53, 1764939684216, 1764939707603, 23387
pause-pod-4-54, 1764939684230, 1764939707856, 23626
pause-pod-4-55, 1764939684248, 1764939708142, 23894
pause-pod-4-56, 1764939684272, 1764939708432, 24160
pause-pod-4-57, 1764939684280, 1764939708716, 24436
pause-pod-4-58, 1764939684288, 1764939709010, 24722
pause-pod-4-59, 1764939684327, 1764939709306, 24979
pause-pod-4-60, 1764939684343, 1764939709585, 25242
pause-pod-4-61, 1764939684360, 1764939709818, 25458
pause-pod-4-62, 1764939684368, 1764939710086, 25718
pause-pod-4-63, 1764939684378, 1764939710372, 25994
pause-pod-4-64, 1764939684408, 1764939710660, 26252
pause-pod-4-65, 1764939684441, 1764939710945, 26504
pause-pod-4-66, 1764939684462, 1764939711206, 26744
pause-pod-4-67, 1764939684476, 1764939711507, 27031
pause-pod-4-68, 1764939684487, 1764939711799, 27312
pause-pod-4-69, 1764939684525, 1764939712084, 27559
pause-pod-4-70, 1764939684561, 1764939712371, 27810
pause-pod-4-71, 1764939684575, 1764939712654, 28079
pause-pod-4-72, 1764939684579, 1764939712924, 28345
pause-pod-4-73, 1764939684598, 1764939713205, 28607
pause-pod-4-74, 1764939684615, 1764939713491, 28876
pause-pod-4-75, 1764939684637, 1764939713778, 29141
pause-pod-4-76, 1764939684668, 1764939714062, 29394
pause-pod-4-77, 1764939684729, 1764939714333, 29604
pause-pod-4-78, 1764939684793, 1764939714602, 29809
pause-pod-4-79, 1764939684830, 1764939714888, 30058
pause-pod-4-80, 1764939684862, 1764939715172, 30310
pause-pod-4-81, 1764939684879, 1764939715420, 30541
pause-pod-4-82, 1764939684949, 1764939715696, 30747
pause-pod-4-83, 1764939685005, 1764939715978, 30973
pause-pod-4-84, 1764939685051, 1764939716253, 31202
pause-pod-4-85, 1764939685108, 1764939716541, 31433
pause-pod-4-86, 1764939685169, 1764939716822, 31653
pause-pod-4-87, 1764939685271, 1764939717119, 31848
pause-pod-4-88, 1764939685276, 1764939717423, 32147
pause-pod-4-89, 1764939685398, 1764939717686, 32288
pause-pod-4-90, 1764939685449, 1764939717948, 32499
pause-pod-4-91, 1764939685499, 1764939718246, 32747
pause-pod-4-92, 1764939685605, 1764939718537, 32932
pause-pod-4-93, 1764939685691, 1764939718832, 33141
pause-pod-4-94, 1764939685753, 1764939719129, 33376
pause-pod-4-95, 1764939685817, 1764939719405, 33588
pause-pod-4-96, 1764939685887, 1764939719697, 33810
pause-pod-4-97, 1764939685904, 1764939719966, 34062
pause-pod-4-98, 1764939686014, 1764939720249, 34235
pause-pod-4-99, 1764939686060, 1764939720531, 34471
pause-pod-4-100, 1764939686101, 1764939720830, 34729
pause-pod-5-1, 1764939805356, 1764939811884, 6528
pause-pod-5-2, 1764939805362, 1764939812244, 6882
pause-pod-5-3, 1764939805365, 1764939812579, 7214
pause-pod-5-4, 1764939805368, 1764939814485, 9117
pause-pod-5-5, 1764939805371, 1764939814743, 9372
pause-pod-5-6, 1764939805373, 1764939815303, 9930
pause-pod-5-7, 1764939805377, 1764939815546, 10169
pause-pod-5-8, 1764939805380, 1764939815830, 10450
pause-pod-5-9, 1764939805385, 1764939816083, 10698
pause-pod-5-10, 1764939805390, 1764939816374, 10984
pause-pod-5-11, 1764939805401, 1764939816656, 11255
pause-pod-5-12, 1764939805407, 1764939816940, 11533
pause-pod-5-13, 1764939805415, 1764939817208, 11793
pause-pod-5-14, 1764939805428, 1764939817513, 12085
pause-pod-5-15, 1764939805441, 1764939817806, 12365
pause-pod-5-16, 1764939805452, 1764939818114, 12662
pause-pod-5-17, 1764939805460, 1764939818412, 12952
pause-pod-5-18, 1764939805470, 1764939818697, 13227
pause-pod-5-19, 1764939805483, 1764939818984, 13501
pause-pod-5-20, 1764939805488, 1764939819276, 13788
pause-pod-5-21, 1764939805497, 1764939819554, 14057
pause-pod-5-22, 1764939805502, 1764939819821, 14319
pause-pod-5-23, 1764939805505, 1764939820107, 14602
pause-pod-5-24, 1764939805511, 1764939820413, 14902
pause-pod-5-25, 1764939805539, 1764939820698, 15159
pause-pod-5-26, 1764939805546, 1764939820974, 15428
pause-pod-5-27, 1764939805555, 1764939821238, 15683
pause-pod-5-28, 1764939805562, 1764939821512, 15950
pause-pod-5-29, 1764939805569, 1764939821777, 16208
pause-pod-5-30, 1764939805573, 1764939822083, 16510
pause-pod-5-31, 1764939805592, 1764939822353, 16761
pause-pod-5-32, 1764939805604, 1764939822657, 17053
pause-pod-5-33, 1764939805617, 1764939822943, 17326
pause-pod-5-34, 1764939805623, 1764939823242, 17619
pause-pod-5-35, 1764939805643, 1764939823516, 17873
pause-pod-5-36, 1764939805649, 1764939823778, 18129
pause-pod-5-37, 1764939805653, 1764939824070, 18417
pause-pod-5-38, 1764939805665, 1764939824343, 18678
pause-pod-5-39, 1764939805686, 1764939824632, 18946
pause-pod-5-40, 1764939805699, 1764939824911, 19212
pause-pod-5-41, 1764939805713, 1764939825208, 19495
pause-pod-5-42, 1764939805733, 1764939825482, 19749
pause-pod-5-43, 1764939805752, 1764939825758, 20006
pause-pod-5-44, 1764939805762, 1764939826032, 20270
pause-pod-5-45, 1764939805779, 1764939826313, 20534
pause-pod-5-46, 1764939805788, 1764939826592, 20804
pause-pod-5-47, 1764939805808, 1764939826903, 21095
pause-pod-5-48, 1764939805821, 1764939827164, 21343
pause-pod-5-49, 1764939805827, 1764939827452, 21625
pause-pod-5-50, 1764939805854, 1764939827752, 21898
pause-pod-5-51, 1764939805880, 1764939828047, 22167
pause-pod-5-52, 1764939805915, 1764939828332, 22417
pause-pod-5-53, 1764939805949, 1764939828618, 22669
pause-pod-5-54, 1764939805965, 1764939828904, 22939
pause-pod-5-55, 1764939805974, 1764939829192, 23218
pause-pod-5-56, 1764939806019, 1764939829483, 23464
pause-pod-5-57, 1764939806065, 1764939829780, 23715
pause-pod-5-58, 1764939806102, 1764939830090, 23988
pause-pod-5-59, 1764939806180, 1764939830369, 24189
pause-pod-5-60, 1764939806186, 1764939830655, 24469
pause-pod-5-61, 1764939806223, 1764939830942, 24719
pause-pod-5-62, 1764939806229, 1764939831216, 24987
pause-pod-5-63, 1764939806241, 1764939831514, 25273
pause-pod-5-64, 1764939806271, 1764939831797, 25526
pause-pod-5-65, 1764939806292, 1764939832087, 25795
pause-pod-5-66, 1764939806327, 1764939832383, 26056
pause-pod-5-67, 1764939806386, 1764939832628, 26242
pause-pod-5-68, 1764939806470, 1764939832916, 26446
pause-pod-5-69, 1764939806530, 1764939833215, 26685
pause-pod-5-70, 1764939806536, 1764939833491, 26955
pause-pod-5-71, 1764939806579, 1764939833774, 27195
pause-pod-5-72, 1764939806592, 1764939834053, 27461
pause-pod-5-73, 1764939806643, 1764939834354, 27711
pause-pod-5-74, 1764939806664, 1764939834614, 27950
pause-pod-5-75, 1764939806730, 1764939834905, 28175
pause-pod-5-76, 1764939806752, 1764939835183, 28431
pause-pod-5-77, 1764939806799, 1764939835426, 28627
pause-pod-5-78, 1764939806826, 1764939835705, 28879
pause-pod-5-79, 1764939806889, 1764939835975, 29086
pause-pod-5-80, 1764939806940, 1764939836272, 29332
pause-pod-5-81, 1764939807042, 1764939836561, 29519
pause-pod-5-82, 1764939807130, 1764939836854, 29724
pause-pod-5-83, 1764939807188, 1764939837138, 29950
pause-pod-5-84, 1764939807203, 1764939837412, 30209
pause-pod-5-85, 1764939807217, 1764939837683, 30466
pause-pod-5-86, 1764939807271, 1764939837952, 30681
pause-pod-5-87, 1764939807381, 1764939838254, 30873
pause-pod-5-88, 1764939807456, 1764939838526, 31070
pause-pod-5-89, 1764939807505, 1764939838831, 31326
pause-pod-5-90, 1764939807514, 1764939839128, 31614
pause-pod-5-91, 1764939807575, 1764939839431, 31856
pause-pod-5-92, 1764939807620, 1764939839717, 32097
pause-pod-5-93, 1764939807627, 1764939840007, 32380
pause-pod-5-94, 1764939807653, 1764939840296, 32643
pause-pod-5-95, 1764939807751, 1764939840578, 32827
pause-pod-5-96, 1764939807771, 1764939840880, 33109
pause-pod-5-97, 1764939807819, 1764939841164, 33345
pause-pod-5-98, 1764939807833, 1764939841459, 33626
pause-pod-5-99, 1764939807855, 1764939841762, 33907
pause-pod-5-100, 1764939807886, 1764939842068, 34182
pause-pod-6-1, 1764939925825, 1764939932514, 6689
pause-pod-6-2, 1764939925833, 1764939933855, 8022
pause-pod-6-3, 1764939925836, 1764939934295, 8459
pause-pod-6-4, 1764939925840, 1764939934635, 8795
pause-pod-6-5, 1764939925847, 1764939935121, 9274
pause-pod-6-6, 1764939925853, 1764939935366, 9513
pause-pod-6-7, 1764939925855, 1764939935638, 9783
pause-pod-6-8, 1764939925859, 1764939935883, 10024
pause-pod-6-9, 1764939925863, 1764939936134, 10271
pause-pod-6-10, 1764939925866, 1764939936401, 10535
pause-pod-6-11, 1764939925870, 1764939936682, 10812
pause-pod-6-12, 1764939925875, 1764939936957, 11082
pause-pod-6-13, 1764939925881, 1764939937225, 11344
pause-pod-6-14, 1764939925886, 1764939937522, 11636
pause-pod-6-15, 1764939925892, 1764939937794, 11902
pause-pod-6-16, 1764939925899, 1764939938065, 12166
pause-pod-6-17, 1764939925908, 1764939938369, 12461
pause-pod-6-18, 1764939925916, 1764939938657, 12741
pause-pod-6-19, 1764939925920, 1764939938943, 13023
pause-pod-6-20, 1764939925940, 1764939939238, 13298
pause-pod-6-21, 1764939925948, 1764939939527, 13579
pause-pod-6-22, 1764939925958, 1764939939777, 13819
pause-pod-6-23, 1764939925971, 1764939940065, 14094
pause-pod-6-24, 1764939925981, 1764939940360, 14379
pause-pod-6-25, 1764939925993, 1764939940656, 14663
pause-pod-6-26, 1764939926000, 1764939940924, 14924
pause-pod-6-27, 1764939926017, 1764939941179, 15162
pause-pod-6-28, 1764939926034, 1764939941446, 15412
pause-pod-6-29, 1764939926053, 1764939941688, 15635
pause-pod-6-30, 1764939926061, 1764939941981, 15920
pause-pod-6-31, 1764939926086, 1764939942266, 16180
pause-pod-6-32, 1764939926093, 1764939942555, 16462
pause-pod-6-33, 1764939926105, 1764939942833, 16728
pause-pod-6-34, 1764939926124, 1764939943124, 17000
pause-pod-6-35, 1764939926145, 1764939943398, 17253
pause-pod-6-36, 1764939926155, 1764939943654, 17499
pause-pod-6-37, 1764939926168, 1764939943927, 17759
pause-pod-6-38, 1764939926200, 1764939944207, 18007
pause-pod-6-39, 1764939926212, 1764939944482, 18270
pause-pod-6-40, 1764939926234, 1764939944783, 18549
pause-pod-6-41, 1764939926242, 1764939945054, 18812
pause-pod-6-42, 1764939926246, 1764939945330, 19084
pause-pod-6-43, 1764939926278, 1764939945624, 19346
pause-pod-6-44, 1764939926301, 1764939945906, 19605
pause-pod-6-45, 1764939926319, 1764939946186, 19867
pause-pod-6-46, 1764939926340, 1764939946480, 20140
pause-pod-6-47, 1764939926369, 1764939946761, 20392
pause-pod-6-48, 1764939926404, 1764939947061, 20657
pause-pod-6-49, 1764939926423, 1764939947335, 20912
pause-pod-6-50, 1764939926448, 1764939947622, 21174
pause-pod-6-51, 1764939926497, 1764939947914, 21417
pause-pod-6-52, 1764939926533, 1764939948205, 21672
pause-pod-6-53, 1764939926552, 1764939948483, 21931
pause-pod-6-54, 1764939926586, 1764939948765, 22179
pause-pod-6-55, 1764939926622, 1764939949053, 22431
pause-pod-6-56, 1764939926643, 1764939949331, 22688
pause-pod-6-57, 1764939926675, 1764939949627, 22952
pause-pod-6-58, 1764939926682, 1764939949925, 23243
pause-pod-6-59, 1764939926697, 1764939950224, 23527
pause-pod-6-60, 1764939926719, 1764939950517, 23798
pause-pod-6-61, 1764939926747, 1764939950800, 24053
pause-pod-6-62, 1764939926793, 1764939951085, 24292
pause-pod-6-63, 1764939926805, 1764939951357, 24552
pause-pod-6-64, 1764939926864, 1764939951651, 24787
pause-pod-6-65, 1764939926870, 1764939951936, 25066
pause-pod-6-66, 1764939926890, 1764939952206, 25316
pause-pod-6-67, 1764939926912, 1764939952502, 25590
pause-pod-6-68, 1764939926955, 1764939952799, 25844
pause-pod-6-69, 1764939926980, 1764939953089, 26109
pause-pod-6-70, 1764939927031, 1764939953373, 26342
pause-pod-6-71, 1764939927088, 1764939953665, 26577
pause-pod-6-72, 1764939927131, 1764939953936, 26805
pause-pod-6-73, 1764939927199, 1764939954242, 27043
pause-pod-6-74, 1764939927252, 1764939954528, 27276
pause-pod-6-75, 1764939927292, 1764939954787, 27495
pause-pod-6-76, 1764939927319, 1764939955062, 27743
pause-pod-6-77, 1764939927522, 1764939955317, 27795
pause-pod-6-78, 1764939927573, 1764939955579, 28006
pause-pod-6-79, 1764939927617, 1764939955885, 28268
pause-pod-6-80, 1764939927661, 1764939956169, 28508
pause-pod-6-81, 1764939927673, 1764939956471, 28798
pause-pod-6-82, 1764939927701, 1764939956747, 29046
pause-pod-6-83, 1764939927772, 1764939957021, 29249
pause-pod-6-84, 1764939927787, 1764939957295, 29508
pause-pod-6-85, 1764939927801, 1764939957579, 29778
pause-pod-6-86, 1764939927815, 1764939957834, 30019
pause-pod-6-87, 1764939927881, 1764939958112, 30231
pause-pod-6-88, 1764939927927, 1764939958395, 30468
pause-pod-6-89, 1764939927983, 1764939958682, 30699
pause-pod-6-90, 1764939928137, 1764939958967, 30830
pause-pod-6-91, 1764939928191, 1764939959249, 31058
pause-pod-6-92, 1764939928211, 1764939959534, 31323
pause-pod-6-93, 1764939928224, 1764939959829, 31605
pause-pod-6-94, 1764939928342, 1764939960129, 31787
pause-pod-6-95, 1764939928410, 1764939960430, 32020
pause-pod-6-96, 1764939928422, 1764939960716, 32294
pause-pod-6-97, 1764939928505, 1764939960997, 32492
pause-pod-6-98, 1764939928582, 1764939961277, 32695
pause-pod-6-99, 1764939928591, 1764939961568, 32977
pause-pod-6-100, 1764939928668, 1764939961866, 33198
