Pod Name, Delete Start Timestamp, Deleted Confirmed Timestamp, Delete Latency (milliseconds)
pause-pod-1-1, 1764940099509, 1764940106457, 6948
pause-pod-1-2, 1764940099515, 1764940106728, 7213
pause-pod-1-3, 1764940099519, 1764940107175, 7656
pause-pod-1-4, 1764940099523, 1764940107322, 7799
pause-pod-1-5, 1764940099529, 1764940107482, 7953
pause-pod-1-6, 1764940099533, 1764940107657, 8124
pause-pod-1-7, 1764940099536, 1764940107820, 8284
pause-pod-1-8, 1764940099540, 1764940107976, 8436
pause-pod-1-9, 1764940099542, 1764940108134, 8592
pause-pod-1-10, 1764940099549, 1764940108286, 8737
pause-pod-1-11, 1764940099555, 1764940108455, 8900
pause-pod-1-12, 1764940099559, 1764940108626, 9067
pause-pod-1-13, 1764940099562, 1764940108778, 9216
pause-pod-1-14, 1764940099565, 1764940108922, 9357
pause-pod-1-15, 1764940099576, 1764940109069, 9493
pause-pod-1-16, 1764940099580, 1764940109212, 9632
pause-pod-1-17, 1764940099585, 1764940109365, 9780
pause-pod-1-18, 1764940099588, 1764940109531, 9943
pause-pod-1-19, 1764940099590, 1764940109715, 10125
pause-pod-1-20, 1764940099603, 1764940109907, 10304
pause-pod-1-21, 1764940099615, 1764940110094, 10479
pause-pod-1-22, 1764940099623, 1764940110281, 10658
pause-pod-1-23, 1764940099632, 1764940110469, 10837
pause-pod-1-24, 1764940099639, 1764940110662, 11023
pause-pod-1-25, 1764940099646, 1764940110857, 11211
pause-pod-1-26, 1764940099656, 1764940111047, 11391
pause-pod-1-27, 1764940099658, 1764940111222, 11564
pause-pod-1-28, 1764940099668, 1764940111429, 11761
pause-pod-1-29, 1764940099676, 1764940111583, 11907
pause-pod-1-30, 1764940099698, 1764940111769, 12071
pause-pod-1-31, 1764940099712, 1764940111958, 12246
pause-pod-1-32, 1764940099737, 1764940112150, 12413
pause-pod-1-33, 1764940099746, 1764940112345, 12599
pause-pod-1-34, 1764940099769, 1764940112549, 12780
pause-pod-1-35, 1764940099781, 1764940112739, 12958
pause-pod-1-36, 1764940099790, 1764940112956, 13166
pause-pod-1-37, 1764940099800, 1764940113141, 13341
pause-pod-1-38, 1764940099808, 1764940113322, 13514
pause-pod-1-39, 1764940099811, 1764940113521, 13710
pause-pod-1-40, 1764940099820, 1764940113694, 13874
pause-pod-1-41, 1764940099828, 1764940113878, 14050
pause-pod-1-42, 1764940099840, 1764940114057, 14217
pause-pod-1-43, 1764940099878, 1764940114236, 14358
pause-pod-1-44, 1764940099905, 1764940114392, 14487
pause-pod-1-45, 1764940099923, 1764940114617, 14694
pause-pod-1-46, 1764940099931, 1764940114784, 14853
pause-pod-1-47, 1764940099957, 1764940114963, 15006
pause-pod-1-48, 1764940099971, 1764940115161, 15190
pause-pod-1-49, 1764940100005, 1764940115343, 15338
pause-pod-1-50, 1764940100011, 1764940115517, 15506
pause-pod-1-51, 1764940100037, 1764940115717, 15680
pause-pod-1-52, 1764940100046, 1764940115909, 15863
pause-pod-1-53, 1764940100077, 1764940116084, 16007
pause-pod-1-54, 1764940100135, 1764940116276, 16141
pause-pod-1-55, 1764940100188, 1764940116474, 16286
pause-pod-1-56, 1764940100248, 1764940116653, 16405
pause-pod-1-57, 1764940100279, 1764940116840, 16561
pause-pod-1-58, 1764940100320, 1764940116998, 16678
pause-pod-1-59, 1764940100356, 1764940117180, 16824
pause-pod-1-60, 1764940100380, 1764940117361, 16981
pause-pod-1-61, 1764940100396, 1764940117554, 17158
pause-pod-1-62, 1764940100408, 1764940117735, 17327
pause-pod-1-63, 1764940100446, 1764940117903, 17457
pause-pod-1-64, 1764940100458, 1764940118086, 17628
pause-pod-1-65, 1764940100499, 1764940118278, 17779
pause-pod-1-66, 1764940100523, 1764940118482, 17959
pause-pod-1-67, 1764940100579, 1764940118667, 18088
pause-pod-1-68, 1764940100630, 1764940118860, 18230
pause-pod-1-69, 1764940100690, 1764940119030, 18340
pause-pod-1-70, 1764940100735, 1764940119198, 18463
pause-pod-1-71, 1764940100771, 1764940119371, 18600
pause-pod-1-72, 1764940100809, 1764940119532, 18723
pause-pod-1-73, 1764940100873, 1764940119729, 18856
pause-pod-1-74, 1764940100916, 1764940119907, 18991
pause-pod-1-75, 1764940100935, 1764940120097, 19162
pause-pod-1-76, 1764940100983, 1764940120283, 19300
pause-pod-1-77, 1764940100998, 1764940120474, 19476
pause-pod-1-78, 1764940101010, 1764940120642, 19632
pause-pod-1-79, 1764940101013, 1764940120792, 19779
pause-pod-1-80, 1764940101030, 1764940120967, 19937
pause-pod-1-81, 1764940101077, 1764940121145, 20068
pause-pod-1-82, 1764940101141, 1764940121345, 20204
pause-pod-1-83, 1764940101164, 1764940121511, 20347
pause-pod-1-84, 1764940101183, 1764940121672, 20489
pause-pod-1-85, 1764940101286, 1764940121851, 20565
pause-pod-1-86, 1764940101294, 1764940122041, 20747
pause-pod-1-87, 1764940101325, 1764940122230, 20905
pause-pod-1-88, 1764940101354, 1764940122437, 21083
pause-pod-1-89, 1764940101386, 1764940122631, 21245
pause-pod-1-90, 1764940101410, 1764940122803, 21393
pause-pod-1-91, 1764940101430, 1764940122991, 21561
pause-pod-1-92, 1764940101445, 1764940123190, 21745
pause-pod-1-93, 1764940101464, 1764940123369, 21905
pause-pod-1-94, 1764940101489, 1764940123532, 22043
pause-pod-1-95, 1764940101509, 1764940123699, 22190
pause-pod-1-96, 1764940101586, 1764940123873, 22287
pause-pod-1-97, 1764940101594, 1764940124097, 22503
pause-pod-1-98, 1764940101606, 1764940124282, 22676
pause-pod-1-99, 1764940101642, 1764940124480, 22838
pause-pod-1-100, 1764940101699, 1764940124668, 22969
pause-pod-1-101, 1764940101808, 1764940124858, 23050
pause-pod-1-102, 1764940101855, 1764940125055, 23200
pause-pod-1-103, 1764940101895, 1764940125241, 23346
pause-pod-1-104, 1764940101935, 1764940125434, 23499
pause-pod-1-105, 1764940101997, 1764940125637, 23640
pause-pod-1-106, 1764940102070, 1764940125814, 23744
pause-pod-1-107, 1764940102083, 1764940126015, 23932
pause-pod-1-108, 1764940102169, 1764940126195, 24026
pause-pod-1-109, 1764940102180, 1764940126387, 24207
pause-pod-1-110, 1764940102251, 1764940126574, 24323
pause-pod-1-111, 1764940102303, 1764940126770, 24467
pause-pod-1-112, 1764940102342, 1764940126960, 24618
pause-pod-1-113, 1764940102358, 1764940127120, 24762
pause-pod-1-114, 1764940102368, 1764940127301, 24933
pause-pod-1-115, 1764940102385, 1764940127493, 25108
pause-pod-1-116, 1764940102391, 1764940127680, 25289
pause-pod-1-117, 1764940102443, 1764940127866, 25423
pause-pod-1-118, 1764940102469, 1764940128068, 25599
pause-pod-1-119, 1764940102555, 1764940128254, 25699
pause-pod-1-120, 1764940102619, 1764940128449, 25830
pause-pod-1-121, 1764940102627, 1764940128647, 26020
pause-pod-1-122, 1764940102680, 1764940128850, 26170
pause-pod-1-123, 1764940102714, 1764940129038, 26324
pause-pod-1-124, 1764940102783, 1764940129189, 26406
pause-pod-1-125, 1764940102796, 1764940129400, 26604
pause-pod-1-126, 1764940102895, 1764940129587, 26692
pause-pod-1-127, 1764940102912, 1764940129777, 26865
pause-pod-1-128, 1764940102928, 1764940129951, 27023
pause-pod-1-129, 1764940102945, 1764940130132, 27187
pause-pod-1-130, 1764940102996, 1764940130318, 27322
pause-pod-1-131, 1764940103074, 1764940130512, 27438
pause-pod-1-132, 1764940103138, 1764940130705, 27567
pause-pod-1-133, 1764940103177, 1764940130909, 27732
pause-pod-1-134, 1764940103212, 1764940131112, 27900
pause-pod-1-135, 1764940103257, 1764940131301, 28044
pause-pod-1-136, 1764940103348, 1764940131488, 28140
pause-pod-1-137, 1764940103397, 1764940131654, 28257
pause-pod-1-138, 1764940103463, 1764940131813, 28350
pause-pod-1-139, 1764940103570, 1764940131996, 28426
pause-pod-1-140, 1764940103636, 1764940132179, 28543
pause-pod-1-141, 1764940103659, 1764940132363, 28704
pause-pod-1-142, 1764940103681, 1764940132571, 28890
pause-pod-1-143, 1764940103689, 1764940132755, 29066
pause-pod-1-144, 1764940103692, 1764940132946, 29254
pause-pod-1-145, 1764940103717, 1764940133149, 29432
pause-pod-1-146, 1764940103810, 1764940133327, 29517
pause-pod-1-147, 1764940103833, 1764940133513, 29680
pause-pod-1-148, 1764940103884, 1764940133677, 29793
pause-pod-1-149, 1764940103917, 1764940133849, 29932
pause-pod-1-150, 1764940103938, 1764940134051, 30113
pause-pod-2-1, 1764940252142, 1764940259959, 7817
pause-pod-2-2, 1764940252145, 1764940260120, 7975
pause-pod-2-3, 1764940252151, 1764940260532, 8381
pause-pod-2-4, 1764940252154, 1764940260705, 8551
pause-pod-2-5, 1764940252158, 1764940260961, 8803
pause-pod-2-6, 1764940252162, 1764940261114, 8952
pause-pod-2-7, 1764940252164, 1764940261288, 9124
pause-pod-2-8, 1764940252167, 1764940261457, 9290
pause-pod-2-9, 1764940252169, 1764940261603, 9434
pause-pod-2-10, 1764940252174, 1764940262452, 10278
pause-pod-2-11, 1764940252179, 1764940262589, 10410
pause-pod-2-12, 1764940252183, 1764940262731, 10548
pause-pod-2-13, 1764940252190, 1764940262874, 10684
pause-pod-2-14, 1764940252196, 1764940263014, 10818
pause-pod-2-15, 1764940252200, 1764940263157, 10957
pause-pod-2-16, 1764940252204, 1764940263308, 11104
pause-pod-2-17, 1764940252215, 1764940263479, 11264
pause-pod-2-18, 1764940252217, 1764940263659, 11442
pause-pod-2-19, 1764940252222, 1764940263826, 11604
pause-pod-2-20, 1764940252225, 1764940263997, 11772
pause-pod-2-21, 1764940252229, 1764940264162, 11933
pause-pod-2-22, 1764940252235, 1764940264333, 12098
pause-pod-2-23, 1764940252243, 1764940264488, 12245
pause-pod-2-24, 1764940252253, 1764940264679, 12426
pause-pod-2-25, 1764940252271, 1764940264854, 12583
pause-pod-2-26, 1764940252277, 1764940265009, 12732
pause-pod-2-27, 1764940252290, 1764940265189, 12899
pause-pod-2-28, 1764940252300, 1764940265385, 13085
pause-pod-2-29, 1764940252314, 1764940265576, 13262
pause-pod-2-30, 1764940252321, 1764940265764, 13443
pause-pod-2-31, 1764940252334, 1764940265949, 13615
pause-pod-2-32, 1764940252353, 1764940266143, 13790
pause-pod-2-33, 1764940252371, 1764940266331, 13960
pause-pod-2-34, 1764940252377, 1764940266515, 14138
pause-pod-2-35, 1764940252385, 1764940266711, 14326
pause-pod-2-36, 1764940252396, 1764940266888, 14492
pause-pod-2-37, 1764940252437, 1764940267068, 14631
pause-pod-2-38, 1764940252448, 1764940267244, 14796
pause-pod-2-39, 1764940252469, 1764940267426, 14957
pause-pod-2-40, 1764940252487, 1764940267608, 15121
pause-pod-2-41, 1764940252518, 1764940267800, 15282
pause-pod-2-42, 1764940252545, 1764940268007, 15462
pause-pod-2-43, 1764940252550, 1764940268163, 15613
pause-pod-2-44, 1764940252563, 1764940268351, 15788
pause-pod-2-45, 1764940252594, 1764940268528, 15934
pause-pod-2-46, 1764940252618, 1764940268697, 16079
pause-pod-2-47, 1764940252637, 1764940268901, 16264
pause-pod-2-48, 1764940252656, 1764940269088, 16432
pause-pod-2-49, 1764940252690, 1764940269285, 16595
pause-pod-2-50, 1764940252709, 1764940269463, 16754
pause-pod-2-51, 1764940252729, 1764940269629, 16900
pause-pod-2-52, 1764940252749, 1764940269808, 17059
pause-pod-2-53, 1764940252753, 1764940270004, 17251
pause-pod-2-54, 1764940252774, 1764940270193, 17419
pause-pod-2-55, 1764940252800, 1764940270375, 17575
pause-pod-2-56, 1764940252811, 1764940270605, 17794
pause-pod-2-57, 1764940252817, 1764940270788, 17971
pause-pod-2-58, 1764940252840, 1764940270956, 18116
pause-pod-2-59, 1764940252868, 1764940271156, 18288
pause-pod-2-60, 1764940252910, 1764940271365, 18455
pause-pod-2-61, 1764940252948, 1764940271522, 18574
pause-pod-2-62, 1764940252982, 1764940271698, 18716
pause-pod-2-63, 1764940253066, 1764940271881, 18815
pause-pod-2-64, 1764940253106, 1764940272072, 18966
pause-pod-2-65, 1764940253157, 1764940272263, 19106
pause-pod-2-66, 1764940253205, 1764940272446, 19241
pause-pod-2-67, 1764940253271, 1764940272623, 19352
pause-pod-2-68, 1764940253308, 1764940272807, 19499
pause-pod-2-69, 1764940253344, 1764940272986, 19642
pause-pod-2-70, 1764940253393, 1764940273175, 19782
pause-pod-2-71, 1764940253459, 1764940273352, 19893
pause-pod-2-72, 1764940253486, 1764940273512, 20026
pause-pod-2-73, 1764940253513, 1764940273699, 20186
pause-pod-2-74, 1764940253559, 1764940273885, 20326
pause-pod-2-75, 1764940253581, 1764940274067, 20486
pause-pod-2-76, 1764940253605, 1764940274241, 20636
pause-pod-2-77, 1764940253664, 1764940274413, 20749
pause-pod-2-78, 1764940253682, 1764940274601, 20919
pause-pod-2-79, 1764940253741, 1764940274783, 21042
pause-pod-2-80, 1764940253757, 1764940274959, 21202
pause-pod-2-81, 1764940253795, 1764940275163, 21368
pause-pod-2-82, 1764940253818, 1764940275337, 21519
pause-pod-2-83, 1764940253864, 1764940275520, 21656
pause-pod-2-84, 1764940253904, 1764940275698, 21794
pause-pod-2-85, 1764940253935, 1764940275872, 21937
pause-pod-2-86, 1764940253966, 1764940276064, 22098
pause-pod-2-87, 1764940253985, 1764940276252, 22267
pause-pod-2-88, 1764940253999, 1764940276457, 22458
pause-pod-2-89, 1764940254016, 1764940276648, 22632
pause-pod-2-90, 1764940254033, 1764940276825, 22792
pause-pod-2-91, 1764940254058, 1764940277014, 22956
pause-pod-2-92, 1764940254118, 1764940277187, 23069
pause-pod-2-93, 1764940254155, 1764940277367, 23212
pause-pod-2-94, 1764940254205, 1764940277564, 23359
pause-pod-2-95, 1764940254230, 1764940277759, 23529
pause-pod-2-96, 1764940254256, 1764940277948, 23692
pause-pod-2-97, 1764940254276, 1764940278137, 23861
pause-pod-2-98, 1764940254321, 1764940278284, 23963
pause-pod-2-99, 1764940254347, 1764940278486, 24139
pause-pod-2-100, 1764940254369, 1764940278674, 24305
pause-pod-2-101, 1764940254385, 1764940278858, 24473
pause-pod-2-102, 1764940254405, 1764940279056, 24651
pause-pod-2-103, 1764940254453, 1764940279252, 24799
pause-pod-2-104, 1764940254494, 1764940279429, 24935
pause-pod-2-105, 1764940254563, 1764940279601, 25038
pause-pod-2-106, 1764940254618, 1764940279793, 25175
pause-pod-2-107, 1764940254632, 1764940279972, 25340
pause-pod-2-108, 1764940254638, 1764940280163, 25525
pause-pod-2-109, 1764940254668, 1764940280354, 25686
pause-pod-2-110, 1764940254719, 1764940280564, 25845
pause-pod-2-111, 1764940254760, 1764940280751, 25991
pause-pod-2-112, 1764940254820, 1764940280947, 26127
pause-pod-2-113, 1764940254846, 1764940281139, 26293
pause-pod-2-114, 1764940254926, 1764940281332, 26406
pause-pod-2-115, 1764940254935, 1764940281530, 26595
pause-pod-2-116, 1764940254974, 1764940281705, 26731
pause-pod-2-117, 1764940255001, 1764940281895, 26894
pause-pod-2-118, 1764940255064, 1764940282076, 27012
pause-pod-2-119, 1764940255127, 1764940282264, 27137
pause-pod-2-120, 1764940255154, 1764940282463, 27309
pause-pod-2-121, 1764940255225, 1764940282622, 27397
pause-pod-2-122, 1764940255307, 1764940282773, 27466
pause-pod-2-123, 1764940255326, 1764940282924, 27598
pause-pod-2-124, 1764940255350, 1764940283076, 27726
pause-pod-2-125, 1764940255372, 1764940283218, 27846
pause-pod-2-126, 1764940255395, 1764940283371, 27976
pause-pod-2-127, 1764940255400, 1764940283529, 28129
pause-pod-2-128, 1764940255412, 1764940283684, 28272
pause-pod-2-129, 1764940255427, 1764940283833, 28406
pause-pod-2-130, 1764940255430, 1764940283986, 28556
pause-pod-2-131, 1764940255460, 1764940284144, 28684
pause-pod-2-132, 1764940255591, 1764940284287, 28696
pause-pod-2-133, 1764940255644, 1764940284439, 28795
pause-pod-2-134, 1764940255703, 1764940284574, 28871
pause-pod-2-135, 1764940255738, 1764940284726, 28988
pause-pod-2-136, 1764940255784, 1764940284867, 29083
pause-pod-2-137, 1764940255816, 1764940285031, 29215
pause-pod-2-138, 1764940255874, 1764940285171, 29297
pause-pod-2-139, 1764940255894, 1764940285311, 29417
pause-pod-2-140, 1764940255910, 1764940285465, 29555
pause-pod-2-141, 1764940255969, 1764940285601, 29632
pause-pod-2-142, 1764940255976, 1764940285761, 29785
pause-pod-2-143, 1764940256002, 1764940285917, 29915
pause-pod-2-144, 1764940256011, 1764940286106, 30095
pause-pod-2-145, 1764940256023, 1764940286289, 30266
pause-pod-2-146, 1764940256088, 1764940286490, 30402
pause-pod-2-147, 1764940256109, 1764940286692, 30583
pause-pod-2-148, 1764940256124, 1764940286876, 30752
pause-pod-2-149, 1764940256150, 1764940287047, 30897
pause-pod-2-150, 1764940256176, 1764940287223, 31047
pause-pod-3-1, 1764940401317, 1764940409326, 8009
pause-pod-3-2, 1764940401323, 1764940409487, 8164
pause-pod-3-3, 1764940401328, 1764940409646, 8318
pause-pod-3-4, 1764940401334, 1764940409815, 8481
pause-pod-3-5, 1764940401340, 1764940409990, 8650
pause-pod-3-6, 1764940401344, 1764940410355, 9011
pause-pod-3-7, 1764940401347, 1764940410537, 9190
pause-pod-3-8, 1764940401351, 1764940410686, 9335
pause-pod-3-9, 1764940401354, 1764940410839, 9485
pause-pod-3-10, 1764940401356, 1764940410986, 9630
pause-pod-3-11, 1764940401360, 1764940411129, 9769
pause-pod-3-12, 1764940401363, 1764940411270, 9907
pause-pod-3-13, 1764940401372, 1764940411414, 10042
pause-pod-3-14, 1764940401380, 1764940411557, 10177
pause-pod-3-15, 1764940401383, 1764940411726, 10343
pause-pod-3-16, 1764940401391, 1764940411887, 10496
pause-pod-3-17, 1764940401396, 1764940412057, 10661
pause-pod-3-18, 1764940401407, 1764940412251, 10844
pause-pod-3-19, 1764940401425, 1764940412440, 11015
pause-pod-3-20, 1764940401435, 1764940412625, 11190
pause-pod-3-21, 1764940401442, 1764940412817, 11375
pause-pod-3-22, 1764940401455, 1764940413004, 11549
pause-pod-3-23, 1764940401462, 1764940413205, 11743
pause-pod-3-24, 1764940401465, 1764940413395, 11930
pause-pod-3-25, 1764940401470, 1764940413565, 12095
pause-pod-3-26, 1764940401477, 1764940413763, 12286
pause-pod-3-27, 1764940401498, 1764940413938, 12440
pause-pod-3-28, 1764940401510, 1764940414137, 12627
pause-pod-3-29, 1764940401520, 1764940414296, 12776
pause-pod-3-30, 1764940401540, 1764940414467, 12927
pause-pod-3-31, 1764940401547, 1764940414647, 13100
pause-pod-3-32, 1764940401568, 1764940414831, 13263
pause-pod-3-33, 1764940401594, 1764940415043, 13449
pause-pod-3-34, 1764940401617, 1764940415244, 13627
pause-pod-3-35, 1764940401634, 1764940415461, 13827
pause-pod-3-36, 1764940401657, 1764940415659, 14002
pause-pod-3-37, 1764940401684, 1764940415840, 14156
pause-pod-3-38, 1764940401695, 1764940416026, 14331
pause-pod-3-39, 1764940401716, 1764940416229, 14513
pause-pod-3-40, 1764940401742, 1764940416398, 14656
pause-pod-3-41, 1764940401759, 1764940416595, 14836
pause-pod-3-42, 1764940401768, 1764940416776, 15008
pause-pod-3-43, 1764940401796, 1764940416956, 15160
pause-pod-3-44, 1764940401827, 1764940417138, 15311
pause-pod-3-45, 1764940401831, 1764940417341, 15510
pause-pod-3-46, 1764940401836, 1764940417527, 15691
pause-pod-3-47, 1764940401861, 1764940417719, 15858
pause-pod-3-48, 1764940401893, 1764940417913, 16020
pause-pod-3-49, 1764940401928, 1764940418100, 16172
pause-pod-3-50, 1764940401976, 1764940418294, 16318
pause-pod-3-51, 1764940402029, 1764940418501, 16472
pause-pod-3-52, 1764940402067, 1764940418699, 16632
pause-pod-3-53, 1764940402095, 1764940418896, 16801
pause-pod-3-54, 1764940402114, 1764940419103, 16989
pause-pod-3-55, 1764940402161, 1764940419313, 17152
pause-pod-3-56, 1764940402230, 1764940419483, 17253
pause-pod-3-57, 1764940402283, 1764940419655, 17372
pause-pod-3-58, 1764940402351, 1764940419867, 17516
pause-pod-3-59, 1764940402386, 1764940420051, 17665
pause-pod-3-60, 1764940402446, 1764940420236, 17790
pause-pod-3-61, 1764940402493, 1764940420421, 17928
pause-pod-3-62, 1764940402511, 1764940420613, 18102
pause-pod-3-63, 1764940402520, 1764940420780, 18260
pause-pod-3-64, 1764940402533, 1764940420950, 18417
pause-pod-3-65, 1764940402556, 1764940421151, 18595
pause-pod-3-66, 1764940402565, 1764940421344, 18779
pause-pod-3-67, 1764940402586, 1764940421511, 18925
pause-pod-3-68, 1764940402624, 1764940421683, 19059
pause-pod-3-69, 1764940402644, 1764940421889, 19245
pause-pod-3-70, 1764940402672, 1764940422072, 19400
pause-pod-3-71, 1764940402707, 1764940422259, 19552
pause-pod-3-72, 1764940402746, 1764940422450, 19704
pause-pod-3-73, 1764940402779, 1764940422641, 19862
pause-pod-3-74, 1764940402829, 1764940422812, 19983
pause-pod-3-75, 1764940402884, 1764940423014, 20130
pause-pod-3-76, 1764940402913, 1764940423195, 20282
pause-pod-3-77, 1764940403008, 1764940423412, 20404
pause-pod-3-78, 1764940403044, 1764940423577, 20533
pause-pod-3-79, 1764940403123, 1764940423743, 20620
pause-pod-3-80, 1764940403172, 1764940423925, 20753
pause-pod-3-81, 1764940403221, 1764940424118, 20897
pause-pod-3-82, 1764940403247, 1764940424313, 21066
pause-pod-3-83, 1764940403265, 1764940424525, 21260
pause-pod-3-84, 1764940403315, 1764940424730, 21415
pause-pod-3-85, 1764940403374, 1764940424931, 21557
pause-pod-3-86, 1764940403395, 1764940425122, 21727
pause-pod-3-87, 1764940403419, 1764940425336, 21917
pause-pod-3-88, 1764940403479, 1764940425558, 22079
pause-pod-3-89, 1764940403548, 1764940425743, 22195
pause-pod-3-90, 1764940403588, 1764940425917, 22329
pause-pod-3-91, 1764940403626, 1764940426109, 22483
pause-pod-3-92, 1764940403666, 1764940426287, 22621
pause-pod-3-93, 1764940403777, 1764940426493, 22716
pause-pod-3-94, 1764940403794, 1764940426693, 22899
pause-pod-3-95, 1764940403846, 1764940426895, 23049
pause-pod-3-96, 1764940403942, 1764940427083, 23141
pause-pod-3-97, 1764940403967, 1764940427280, 23313
pause-pod-3-98, 1764940404053, 1764940427455, 23402
pause-pod-3-99, 1764940404075, 1764940427652, 23577
pause-pod-3-100, 1764940404115, 1764940427826, 23711
pause-pod-3-101, 1764940404138, 1764940428032, 23894
pause-pod-3-102, 1764940404201, 1764940428214, 24013
pause-pod-3-103, 1764940404236, 1764940428397, 24161
pause-pod-3-104, 1764940404253, 1764940428593, 24340
pause-pod-3-105, 1764940404279, 1764940428769, 24490
pause-pod-3-106, 1764940404323, 1764940428943, 24620
pause-pod-3-107, 1764940404352, 1764940429127, 24775
pause-pod-3-108, 1764940404373, 1764940429329, 24956
pause-pod-3-109, 1764940404396, 1764940429517, 25121
pause-pod-3-110, 1764940404425, 1764940429703, 25278
pause-pod-3-111, 1764940404451, 1764940429890, 25439
pause-pod-3-112, 1764940404484, 1764940430089, 25605
pause-pod-3-113, 1764940404538, 1764940430270, 25732
pause-pod-3-114, 1764940404579, 1764940430461, 25882
pause-pod-3-115, 1764940404621, 1764940430665, 26044
pause-pod-3-116, 1764940404663, 1764940430852, 26189
pause-pod-3-117, 1764940404716, 1764940431008, 26292
pause-pod-3-118, 1764940404781, 1764940431198, 26417
pause-pod-3-119, 1764940404821, 1764940431391, 26570
pause-pod-3-120, 1764940404906, 1764940431567, 26661
pause-pod-3-121, 1764940404951, 1764940431769, 26818
pause-pod-3-122, 1764940404970, 1764940431949, 26979
pause-pod-3-123, 1764940404999, 1764940432138, 27139
pause-pod-3-124, 1764940405030, 1764940432317, 27287
pause-pod-3-125, 1764940405071, 1764940432513, 27442
pause-pod-3-126, 1764940405118, 1764940432705, 27587
pause-pod-3-127, 1764940405153, 1764940432889, 27736
pause-pod-3-128, 1764940405169, 1764940433099, 27930
pause-pod-3-129, 1764940405181, 1764940433292, 28111
pause-pod-3-130, 1764940405184, 1764940433503, 28319
pause-pod-3-131, 1764940405191, 1764940433688, 28497
pause-pod-3-132, 1764940405195, 1764940433869, 28674
pause-pod-3-133, 1764940405201, 1764940434068, 28867
pause-pod-3-134, 1764940405217, 1764940434265, 29048
pause-pod-3-135, 1764940405225, 1764940434448, 29223
pause-pod-3-136, 1764940405262, 1764940434629, 29367
pause-pod-3-137, 1764940405317, 1764940434821, 29504
pause-pod-3-138, 1764940405362, 1764940435022, 29660
pause-pod-3-139, 1764940405388, 1764940435206, 29818
pause-pod-3-140, 1764940405430, 1764940435358, 29928
pause-pod-3-141, 1764940405496, 1764940435528, 30032
pause-pod-3-142, 1764940405534, 1764940435721, 30187
pause-pod-3-143, 1764940405583, 1764940435905, 30322
pause-pod-3-144, 1764940405594, 1764940436100, 30506
pause-pod-3-145, 1764940405613, 1764940436281, 30668
pause-pod-3-146, 1764940405701, 1764940436462, 30761
pause-pod-3-147, 1764940405726, 1764940436653, 30927
pause-pod-3-148, 1764940405762, 1764940436826, 31064
pause-pod-3-149, 1764940405768, 1764940437002, 31234
pause-pod-3-150, 1764940405785, 1764940437172, 31387
pause-pod-4-1, 1764940550450, 1764940557395, 6945
pause-pod-4-2, 1764940550456, 1764940557718, 7262
pause-pod-4-3, 1764940550463, 1764940558503, 8040
pause-pod-4-4, 1764940550467, 1764940558711, 8244
pause-pod-4-5, 1764940550472, 1764940558890, 8418
pause-pod-4-6, 1764940550476, 1764940559669, 9193
pause-pod-4-7, 1764940550480, 1764940559821, 9341
pause-pod-4-8, 1764940550487, 1764940559973, 9486
pause-pod-4-9, 1764940550494, 1764940560126, 9632
pause-pod-4-10, 1764940550497, 1764940560268, 9771
pause-pod-4-11, 1764940550502, 1764940560407, 9905
pause-pod-4-12, 1764940550506, 1764940560563, 10057
pause-pod-4-13, 1764940550512, 1764940560742, 10230
pause-pod-4-14, 1764940550516, 1764940560921, 10405
pause-pod-4-15, 1764940550525, 1764940561115, 10590
pause-pod-4-16, 1764940550532, 1764940561316, 10784
pause-pod-4-17, 1764940550541, 1764940561518, 10977
pause-pod-4-18, 1764940550558, 1764940561703, 11145
pause-pod-4-19, 1764940550571, 1764940561898, 11327
pause-pod-4-20, 1764940550581, 1764940562076, 11495
pause-pod-4-21, 1764940550599, 1764940562260, 11661
pause-pod-4-22, 1764940550612, 1764940562441, 11829
pause-pod-4-23, 1764940550628, 1764940562630, 12002
pause-pod-4-24, 1764940550634, 1764940562818, 12184
pause-pod-4-25, 1764940550638, 1764940563010, 12372
pause-pod-4-26, 1764940550645, 1764940563182, 12537
pause-pod-4-27, 1764940550668, 1764940563380, 12712
pause-pod-4-28, 1764940550695, 1764940563571, 12876
pause-pod-4-29, 1764940550717, 1764940563768, 13051
pause-pod-4-30, 1764940550721, 1764940563958, 13237
pause-pod-4-31, 1764940550740, 1764940564140, 13400
pause-pod-4-32, 1764940550749, 1764940564286, 13537
pause-pod-4-33, 1764940550767, 1764940564474, 13707
pause-pod-4-34, 1764940550771, 1764940564670, 13899
pause-pod-4-35, 1764940550783, 1764940564849, 14066
pause-pod-4-36, 1764940550798, 1764940565042, 14244
pause-pod-4-37, 1764940550808, 1764940565249, 14441
pause-pod-4-38, 1764940550826, 1764940565436, 14610
pause-pod-4-39, 1764940550845, 1764940565607, 14762
pause-pod-4-40, 1764940550871, 1764940565788, 14917
pause-pod-4-41, 1764940550889, 1764940565990, 15101
pause-pod-4-42, 1764940550903, 1764940566186, 15283
pause-pod-4-43, 1764940550935, 1764940566387, 15452
pause-pod-4-44, 1764940551032, 1764940566586, 15554
pause-pod-4-45, 1764940551052, 1764940566758, 15706
pause-pod-4-46, 1764940551071, 1764940566935, 15864
pause-pod-4-47, 1764940551103, 1764940567112, 16009
pause-pod-4-48, 1764940551106, 1764940567293, 16187
pause-pod-4-49, 1764940551111, 1764940567448, 16337
pause-pod-4-50, 1764940551114, 1764940567625, 16511
pause-pod-4-51, 1764940551130, 1764940567816, 16686
pause-pod-4-52, 1764940551157, 1764940567987, 16830
pause-pod-4-53, 1764940551176, 1764940568161, 16985
pause-pod-4-54, 1764940551221, 1764940568333, 17112
pause-pod-4-55, 1764940551279, 1764940568522, 17243
pause-pod-4-56, 1764940551307, 1764940568692, 17385
pause-pod-4-57, 1764940551326, 1764940568885, 17559
pause-pod-4-58, 1764940551340, 1764940569052, 17712
pause-pod-4-59, 1764940551346, 1764940569238, 17892
pause-pod-4-60, 1764940551370, 1764940569425, 18055
pause-pod-4-61, 1764940551376, 1764940569589, 18213
pause-pod-4-62, 1764940551419, 1764940569774, 18355
pause-pod-4-63, 1764940551462, 1764940569957, 18495
pause-pod-4-64, 1764940551507, 1764940570160, 18653
pause-pod-4-65, 1764940551559, 1764940570359, 18800
pause-pod-4-66, 1764940551585, 1764940570569, 18984
pause-pod-4-67, 1764940551644, 1764940570759, 19115
pause-pod-4-68, 1764940551712, 1764940570926, 19214
pause-pod-4-69, 1764940551737, 1764940571133, 19396
pause-pod-4-70, 1764940551766, 1764940571345, 19579
pause-pod-4-71, 1764940551780, 1764940571506, 19726
pause-pod-4-72, 1764940551806, 1764940571661, 19855
pause-pod-4-73, 1764940551875, 1764940571851, 19976
pause-pod-4-74, 1764940551885, 1764940572021, 20136
pause-pod-4-75, 1764940551915, 1764940572201, 20286
pause-pod-4-76, 1764940551957, 1764940572399, 20442
pause-pod-4-77, 1764940551997, 1764940572585, 20588
pause-pod-4-78, 1764940552033, 1764940572772, 20739
pause-pod-4-79, 1764940552082, 1764940572946, 20864
pause-pod-4-80, 1764940552140, 1764940573113, 20973
pause-pod-4-81, 1764940552152, 1764940573289, 21137
pause-pod-4-82, 1764940552181, 1764940573451, 21270
pause-pod-4-83, 1764940552204, 1764940573636, 21432
pause-pod-4-84, 1764940552267, 1764940573815, 21548
pause-pod-4-85, 1764940552284, 1764940573990, 21706
pause-pod-4-86, 1764940552299, 1764940574172, 21873
pause-pod-4-87, 1764940552372, 1764940574374, 22002
pause-pod-4-88, 1764940552392, 1764940574559, 22167
pause-pod-4-89, 1764940552400, 1764940574752, 22352
pause-pod-4-90, 1764940552452, 1764940574945, 22493
pause-pod-4-91, 1764940552465, 1764940575142, 22677
pause-pod-4-92, 1764940552473, 1764940575314, 22841
pause-pod-4-93, 1764940552503, 1764940575511, 23008
pause-pod-4-94, 1764940552547, 1764940575694, 23147
pause-pod-4-95, 1764940552617, 1764940575895, 23278
pause-pod-4-96, 1764940552693, 1764940576074, 23381
pause-pod-4-97, 1764940552741, 1764940576276, 23535
pause-pod-4-98, 1764940552775, 1764940576474, 23699
pause-pod-4-99, 1764940552820, 1764940576671, 23851
pause-pod-4-100, 1764940552856, 1764940576883, 24027
pause-pod-4-101, 1764940552946, 1764940577066, 24120
pause-pod-4-102, 1764940552972, 1764940577249, 24277
pause-pod-4-103, 1764940552981, 1764940577453, 24472
pause-pod-4-104, 1764940553021, 1764940577633, 24612
pause-pod-4-105, 1764940553080, 1764940577819, 24739
pause-pod-4-106, 1764940553110, 1764940577994, 24884
pause-pod-4-107, 1764940553176, 1764940578166, 24990
pause-pod-4-108, 1764940553240, 1764940578383, 25143
pause-pod-4-109, 1764940553278, 1764940578576, 25298
pause-pod-4-110, 1764940553323, 1764940578777, 25454
pause-pod-4-111, 1764940553389, 1764940578952, 25563
pause-pod-4-112, 1764940553422, 1764940579146, 25724
pause-pod-4-113, 1764940553460, 1764940579341, 25881
pause-pod-4-114, 1764940553531, 1764940579530, 25999
pause-pod-4-115, 1764940553625, 1764940579723, 26098
pause-pod-4-116, 1764940553686, 1764940579912, 26226
pause-pod-4-117, 1764940553765, 1764940580092, 26327
pause-pod-4-118, 1764940553886, 1764940580272, 26386
pause-pod-4-119, 1764940554004, 1764940580449, 26445
pause-pod-4-120, 1764940554019, 1764940580641, 26622
pause-pod-4-121, 1764940554024, 1764940580863, 26839
pause-pod-4-122, 1764940554043, 1764940581041, 26998
pause-pod-4-123, 1764940554055, 1764940581238, 27183
pause-pod-4-124, 1764940554086, 1764940581428, 27342
pause-pod-4-125, 1764940554097, 1764940581610, 27513
pause-pod-4-126, 1764940554133, 1764940581788, 27655
pause-pod-4-127, 1764940554151, 1764940581980, 27829
pause-pod-4-128, 1764940554154, 1764940582150, 27996
pause-pod-4-129, 1764940554166, 1764940582324, 28158
pause-pod-4-130, 1764940554192, 1764940582519, 28327
pause-pod-4-131, 1764940554206, 1764940582715, 28509
pause-pod-4-132, 1764940554283, 1764940582899, 28616
pause-pod-4-133, 1764940554340, 1764940583093, 28753
pause-pod-4-134, 1764940554358, 1764940583263, 28905
pause-pod-4-135, 1764940554362, 1764940583458, 29096
pause-pod-4-136, 1764940554371, 1764940583637, 29266
pause-pod-4-137, 1764940554382, 1764940583800, 29418
pause-pod-4-138, 1764940554400, 1764940583982, 29582
pause-pod-4-139, 1764940554404, 1764940584197, 29793
pause-pod-4-140, 1764940554437, 1764940584366, 29929
pause-pod-4-141, 1764940554461, 1764940584526, 30065
pause-pod-4-142, 1764940554508, 1764940584715, 30207
pause-pod-4-143, 1764940554520, 1764940584888, 30368
pause-pod-4-144, 1764940554531, 1764940585069, 30538
pause-pod-4-145, 1764940554566, 1764940585244, 30678
pause-pod-4-146, 1764940554605, 1764940585410, 30805
pause-pod-4-147, 1764940554648, 1764940585606, 30958
pause-pod-4-148, 1764940554694, 1764940585788, 31094
pause-pod-4-149, 1764940554745, 1764940585995, 31250
pause-pod-4-150, 1764940554759, 1764940586183, 31424
pause-pod-5-1, 1764940699776, 1764940707044, 7268
pause-pod-5-2, 1764940699783, 1764940707293, 7510
pause-pod-5-3, 1764940699790, 1764940707447, 7657
pause-pod-5-4, 1764940699796, 1764940707889, 8093
pause-pod-5-5, 1764940699801, 1764940708117, 8316
pause-pod-5-6, 1764940699804, 1764940708269, 8465
pause-pod-5-7, 1764940699807, 1764940708416, 8609
pause-pod-5-8, 1764940699810, 1764940708570, 8760
pause-pod-5-9, 1764940699813, 1764940708737, 8924
pause-pod-5-10, 1764940699819, 1764940708898, 9079
pause-pod-5-11, 1764940699828, 1764940709041, 9213
pause-pod-5-12, 1764940699833, 1764940709188, 9355
pause-pod-5-13, 1764940699841, 1764940709326, 9485
pause-pod-5-14, 1764940699844, 1764940709575, 9731
pause-pod-5-15, 1764940699850, 1764940709713, 9863
pause-pod-5-16, 1764940699856, 1764940709855, 9999
pause-pod-5-17, 1764940699859, 1764940710005, 10146
pause-pod-5-18, 1764940699867, 1764940710178, 10311
pause-pod-5-19, 1764940699873, 1764940710348, 10475
pause-pod-5-20, 1764940699876, 1764940710541, 10665
pause-pod-5-21, 1764940699887, 1764940710740, 10853
pause-pod-5-22, 1764940699901, 1764940710904, 11003
pause-pod-5-23, 1764940699906, 1764940711096, 11190
pause-pod-5-24, 1764940699926, 1764940711282, 11356
pause-pod-5-25, 1764940699936, 1764940711469, 11533
pause-pod-5-26, 1764940699944, 1764940711658, 11714
pause-pod-5-27, 1764940699963, 1764940711863, 11900
pause-pod-5-28, 1764940699979, 1764940712081, 12102
pause-pod-5-29, 1764940700000, 1764940712264, 12264
pause-pod-5-30, 1764940700013, 1764940712471, 12458
pause-pod-5-31, 1764940700028, 1764940712660, 12632
pause-pod-5-32, 1764940700045, 1764940712852, 12807
pause-pod-5-33, 1764940700061, 1764940713045, 12984
pause-pod-5-34, 1764940700071, 1764940713239, 13168
pause-pod-5-35, 1764940700074, 1764940713440, 13366
pause-pod-5-36, 1764940700098, 1764940713620, 13522
pause-pod-5-37, 1764940700121, 1764940713800, 13679
pause-pod-5-38, 1764940700140, 1764940713981, 13841
pause-pod-5-39, 1764940700159, 1764940714178, 14019
pause-pod-5-40, 1764940700186, 1764940714337, 14151
pause-pod-5-41, 1764940700229, 1764940714522, 14293
pause-pod-5-42, 1764940700257, 1764940714735, 14478
pause-pod-5-43, 1764940700313, 1764940714940, 14627
pause-pod-5-44, 1764940700341, 1764940715120, 14779
pause-pod-5-45, 1764940700373, 1764940715312, 14939
pause-pod-5-46, 1764940700430, 1764940715515, 15085
pause-pod-5-47, 1764940700437, 1764940715708, 15271
pause-pod-5-48, 1764940700518, 1764940715889, 15371
pause-pod-5-49, 1764940700561, 1764940716095, 15534
pause-pod-5-50, 1764940700612, 1764940716268, 15656
pause-pod-5-51, 1764940700656, 1764940716460, 15804
pause-pod-5-52, 1764940700709, 1764940716645, 15936
pause-pod-5-53, 1764940700720, 1764940716834, 16114
pause-pod-5-54, 1764940700770, 1764940717017, 16247
pause-pod-5-55, 1764940700805, 1764940717191, 16386
pause-pod-5-56, 1764940700847, 1764940717362, 16515
pause-pod-5-57, 1764940700897, 1764940717512, 16615
pause-pod-5-58, 1764940700926, 1764940717669, 16743
pause-pod-5-59, 1764940700969, 1764940717824, 16855
pause-pod-5-60, 1764940700980, 1764940717973, 16993
pause-pod-5-61, 1764940700987, 1764940718113, 17126
pause-pod-5-62, 1764940701039, 1764940718269, 17230
pause-pod-5-63, 1764940701053, 1764940718422, 17369
pause-pod-5-64, 1764940701061, 1764940718570, 17509
pause-pod-5-65, 1764940701075, 1764940718727, 17652
pause-pod-5-66, 1764940701105, 1764940718885, 17780
pause-pod-5-67, 1764940701142, 1764940719020, 17878
pause-pod-5-68, 1764940701188, 1764940719163, 17975
pause-pod-5-69, 1764940701209, 1764940719314, 18105
pause-pod-5-70, 1764940701237, 1764940719460, 18223
pause-pod-5-71, 1764940701259, 1764940719608, 18349
pause-pod-5-72, 1764940701299, 1764940719750, 18451
pause-pod-5-73, 1764940701338, 1764940719886, 18548
pause-pod-5-74, 1764940701375, 1764940720033, 18658
pause-pod-5-75, 1764940701419, 1764940720184, 18765
pause-pod-5-76, 1764940701434, 1764940720331, 18897
pause-pod-5-77, 1764940701487, 1764940720488, 19001
pause-pod-5-78, 1764940701565, 1764940720664, 19099
pause-pod-5-79, 1764940701624, 1764940720834, 19210
pause-pod-5-80, 1764940701641, 1764940721002, 19361
pause-pod-5-81, 1764940701723, 1764940721204, 19481
pause-pod-5-82, 1764940701787, 1764940721414, 19627
pause-pod-5-83, 1764940701813, 1764940721576, 19763
pause-pod-5-84, 1764940701845, 1764940721760, 19915
pause-pod-5-85, 1764940701865, 1764940721943, 20078
pause-pod-5-86, 1764940701881, 1764940722132, 20251
pause-pod-5-87, 1764940701917, 1764940722316, 20399
pause-pod-5-88, 1764940701947, 1764940722506, 20559
pause-pod-5-89, 1764940701967, 1764940722705, 20738
pause-pod-5-90, 1764940701974, 1764940722891, 20917
pause-pod-5-91, 1764940701978, 1764940723072, 21094
pause-pod-5-92, 1764940701982, 1764940723265, 21283
pause-pod-5-93, 1764940702003, 1764940723449, 21446
pause-pod-5-94, 1764940702031, 1764940723625, 21594
pause-pod-5-95, 1764940702064, 1764940723795, 21731
pause-pod-5-96, 1764940702076, 1764940723992, 21916
pause-pod-5-97, 1764940702100, 1764940724176, 22076
pause-pod-5-98, 1764940702118, 1764940724377, 22259
pause-pod-5-99, 1764940702158, 1764940724564, 22406
pause-pod-5-100, 1764940702201, 1764940724770, 22569
pause-pod-5-101, 1764940702224, 1764940724961, 22737
pause-pod-5-102, 1764940702242, 1764940725139, 22897
pause-pod-5-103, 1764940702271, 1764940725331, 23060
pause-pod-5-104, 1764940702339, 1764940725526, 23187
pause-pod-5-105, 1764940702377, 1764940725701, 23324
pause-pod-5-106, 1764940702403, 1764940725912, 23509
pause-pod-5-107, 1764940702449, 1764940726101, 23652
pause-pod-5-108, 1764940702501, 1764940726286, 23785
pause-pod-5-109, 1764940702556, 1764940726485, 23929
pause-pod-5-110, 1764940702594, 1764940726685, 24091
pause-pod-5-111, 1764940702668, 1764940726885, 24217
pause-pod-5-112, 1764940702696, 1764940727074, 24378
pause-pod-5-113, 1764940702727, 1764940727255, 24528
pause-pod-5-114, 1764940702788, 1764940727450, 24662
pause-pod-5-115, 1764940702859, 1764940727647, 24788
pause-pod-5-116, 1764940702868, 1764940727847, 24979
pause-pod-5-117, 1764940702901, 1764940728031, 25130
pause-pod-5-118, 1764940702976, 1764940728215, 25239
pause-pod-5-119, 1764940702991, 1764940728427, 25436
pause-pod-5-120, 1764940703063, 1764940728631, 25568
pause-pod-5-121, 1764940703159, 1764940728805, 25646
pause-pod-5-122, 1764940703186, 1764940729011, 25825
pause-pod-5-123, 1764940703264, 1764940729206, 25942
pause-pod-5-124, 1764940703295, 1764940729405, 26110
pause-pod-5-125, 1764940703319, 1764940729587, 26268
pause-pod-5-126, 1764940703328, 1764940729767, 26439
pause-pod-5-127, 1764940703339, 1764940729956, 26617
pause-pod-5-128, 1764940703354, 1764940730138, 26784
pause-pod-5-129, 1764940703472, 1764940730311, 26839
pause-pod-5-130, 1764940703514, 1764940730521, 27007
pause-pod-5-131, 1764940703551, 1764940730704, 27153
pause-pod-5-132, 1764940703578, 1764940730895, 27317
pause-pod-5-133, 1764940703613, 1764940731044, 27431
pause-pod-5-134, 1764940703647, 1764940731243, 27596
pause-pod-5-135, 1764940703690, 1764940731436, 27746
pause-pod-5-136, 1764940703711, 1764940731617, 27906
pause-pod-5-137, 1764940703805, 1764940731805, 28000
pause-pod-5-138, 1764940703815, 1764940732001, 28186
pause-pod-5-139, 1764940703868, 1764940732158, 28290
pause-pod-5-140, 1764940703917, 1764940732361, 28444
pause-pod-5-141, 1764940703957, 1764940732554, 28597
pause-pod-5-142, 1764940704033, 1764940732757, 28724
pause-pod-5-143, 1764940704065, 1764940732943, 28878
pause-pod-5-144, 1764940704127, 1764940733121, 28994
pause-pod-5-145, 1764940704193, 1764940733318, 29125
pause-pod-5-146, 1764940704282, 1764940733500, 29218
pause-pod-5-147, 1764940704320, 1764940733678, 29358
pause-pod-5-148, 1764940704356, 1764940733862, 29506
pause-pod-5-149, 1764940704384, 1764940734056, 29672
pause-pod-5-150, 1764940704408, 1764940734249, 29841
pause-pod-6-1, 1764940848953, 1764940856176, 7223
pause-pod-6-2, 1764940848957, 1764940856544, 7587
pause-pod-6-3, 1764940848960, 1764940856778, 7818
pause-pod-6-4, 1764940848964, 1764940858503, 9539
pause-pod-6-5, 1764940848967, 1764940858658, 9691
pause-pod-6-6, 1764940848970, 1764940858817, 9847
pause-pod-6-7, 1764940848972, 1764940858969, 9997
pause-pod-6-8, 1764940848976, 1764940859114, 10138
pause-pod-6-9, 1764940848978, 1764940859784, 10806
pause-pod-6-10, 1764940848982, 1764940859937, 10955
pause-pod-6-11, 1764940848988, 1764940860088, 11100
pause-pod-6-12, 1764940848994, 1764940860260, 11266
pause-pod-6-13, 1764940849002, 1764940860459, 11457
pause-pod-6-14, 1764940849009, 1764940860666, 11657
pause-pod-6-15, 1764940849020, 1764940860847, 11827
pause-pod-6-16, 1764940849027, 1764940861039, 12012
pause-pod-6-17, 1764940849039, 1764940861213, 12174
pause-pod-6-18, 1764940849048, 1764940861414, 12366
pause-pod-6-19, 1764940849056, 1764940861615, 12559
pause-pod-6-20, 1764940849060, 1764940861802, 12742
pause-pod-6-21, 1764940849070, 1764940861995, 12925
pause-pod-6-22, 1764940849075, 1764940862191, 13116
pause-pod-6-23, 1764940849086, 1764940862357, 13271
pause-pod-6-24, 1764940849093, 1764940862559, 13466
pause-pod-6-25, 1764940849106, 1764940862760, 13654
pause-pod-6-26, 1764940849126, 1764940862958, 13832
pause-pod-6-27, 1764940849132, 1764940863149, 14017
pause-pod-6-28, 1764940849144, 1764940863344, 14200
pause-pod-6-29, 1764940849158, 1764940863529, 14371
pause-pod-6-30, 1764940849170, 1764940863698, 14528
pause-pod-6-31, 1764940849177, 1764940863864, 14687
pause-pod-6-32, 1764940849207, 1764940864047, 14840
pause-pod-6-33, 1764940849219, 1764940864220, 15001
pause-pod-6-34, 1764940849250, 1764940864377, 15127
pause-pod-6-35, 1764940849278, 1764940864566, 15288
pause-pod-6-36, 1764940849285, 1764940864764, 15479
pause-pod-6-37, 1764940849321, 1764940864974, 15653
pause-pod-6-38, 1764940849338, 1764940865152, 15814
pause-pod-6-39, 1764940849343, 1764940865349, 16006
pause-pod-6-40, 1764940849371, 1764940865536, 16165
pause-pod-6-41, 1764940849380, 1764940865731, 16351
pause-pod-6-42, 1764940849399, 1764940865915, 16516
pause-pod-6-43, 1764940849401, 1764940866111, 16710
pause-pod-6-44, 1764940849414, 1764940866295, 16881
pause-pod-6-45, 1764940849425, 1764940866473, 17048
pause-pod-6-46, 1764940849455, 1764940866652, 17197
pause-pod-6-47, 1764940849530, 1764940866837, 17307
pause-pod-6-48, 1764940849571, 1764940867011, 17440
pause-pod-6-49, 1764940849588, 1764940867182, 17594
pause-pod-6-50, 1764940849606, 1764940867364, 17758
pause-pod-6-51, 1764940849610, 1764940867557, 17947
pause-pod-6-52, 1764940849613, 1764940867748, 18135
pause-pod-6-53, 1764940849616, 1764940867933, 18317
pause-pod-6-54, 1764940849643, 1764940868135, 18492
pause-pod-6-55, 1764940849663, 1764940868321, 18658
pause-pod-6-56, 1764940849741, 1764940868519, 18778
pause-pod-6-57, 1764940849802, 1764940868719, 18917
pause-pod-6-58, 1764940849831, 1764940868916, 19085
pause-pod-6-59, 1764940849902, 1764940869112, 19210
pause-pod-6-60, 1764940849936, 1764940869319, 19383
pause-pod-6-61, 1764940849945, 1764940869486, 19541
pause-pod-6-62, 1764940849963, 1764940869661, 19698
pause-pod-6-63, 1764940850001, 1764940869821, 19820
pause-pod-6-64, 1764940850036, 1764940869990, 19954
pause-pod-6-65, 1764940850039, 1764940870192, 20153
pause-pod-6-66, 1764940850074, 1764940870396, 20322
pause-pod-6-67, 1764940850137, 1764940870593, 20456
pause-pod-6-68, 1764940850158, 1764940870795, 20637
pause-pod-6-69, 1764940850191, 1764940870971, 20780
pause-pod-6-70, 1764940850227, 1764940871165, 20938
pause-pod-6-71, 1764940850252, 1764940871365, 21113
pause-pod-6-72, 1764940850331, 1764940871529, 21198
pause-pod-6-73, 1764940850380, 1764940871706, 21326
pause-pod-6-74, 1764940850411, 1764940871905, 21494
pause-pod-6-75, 1764940850509, 1764940872097, 21588
pause-pod-6-76, 1764940850552, 1764940872286, 21734
pause-pod-6-77, 1764940850570, 1764940872470, 21900
pause-pod-6-78, 1764940850604, 1764940872647, 22043
pause-pod-6-79, 1764940850629, 1764940872829, 22200
pause-pod-6-80, 1764940850664, 1764940873021, 22357
pause-pod-6-81, 1764940850686, 1764940873214, 22528
pause-pod-6-82, 1764940850692, 1764940873386, 22694
pause-pod-6-83, 1764940850765, 1764940873569, 22804
pause-pod-6-84, 1764940850820, 1764940873753, 22933
pause-pod-6-85, 1764940850872, 1764940873953, 23081
pause-pod-6-86, 1764940850896, 1764940874144, 23248
pause-pod-6-87, 1764940850952, 1764940874330, 23378
pause-pod-6-88, 1764940850976, 1764940874533, 23557
pause-pod-6-89, 1764940851014, 1764940874714, 23700
pause-pod-6-90, 1764940851053, 1764940874913, 23860
pause-pod-6-91, 1764940851086, 1764940875106, 24020
pause-pod-6-92, 1764940851127, 1764940875308, 24181
pause-pod-6-93, 1764940851178, 1764940875479, 24301
pause-pod-6-94, 1764940851203, 1764940875656, 24453
pause-pod-6-95, 1764940851211, 1764940875817, 24606
pause-pod-6-96, 1764940851230, 1764940876023, 24793
pause-pod-6-97, 1764940851277, 1764940876205, 24928
pause-pod-6-98, 1764940851435, 1764940876392, 24957
pause-pod-6-99, 1764940851570, 1764940876589, 25019
pause-pod-6-100, 1764940851607, 1764940876744, 25137
pause-pod-6-101, 1764940851664, 1764940876939, 25275
pause-pod-6-102, 1764940851704, 1764940877123, 25419
pause-pod-6-103, 1764940851713, 1764940877314, 25601
pause-pod-6-104, 1764940851727, 1764940877494, 25767
pause-pod-6-105, 1764940851792, 1764940877696, 25904
pause-pod-6-106, 1764940851811, 1764940877884, 26073
pause-pod-6-107, 1764940851824, 1764940878065, 26241
pause-pod-6-108, 1764940851858, 1764940878255, 26397
pause-pod-6-109, 1764940851897, 1764940878451, 26554
pause-pod-6-110, 1764940851979, 1764940878628, 26649
pause-pod-6-111, 1764940852045, 1764940878804, 26759
pause-pod-6-112, 1764940852079, 1764940879000, 26921
pause-pod-6-113, 1764940852115, 1764940879182, 27067
pause-pod-6-114, 1764940852143, 1764940879369, 27226
pause-pod-6-115, 1764940852181, 1764940879546, 27365
pause-pod-6-116, 1764940852237, 1764940879730, 27493
pause-pod-6-117, 1764940852261, 1764940879911, 27650
pause-pod-6-118, 1764940852291, 1764940880088, 27797
pause-pod-6-119, 1764940852350, 1764940880265, 27915
pause-pod-6-120, 1764940852410, 1764940880449, 28039
pause-pod-6-121, 1764940852506, 1764940880635, 28129
pause-pod-6-122, 1764940852514, 1764940880819, 28305
pause-pod-6-123, 1764940852562, 1764940881011, 28449
pause-pod-6-124, 1764940852598, 1764940881202, 28604
pause-pod-6-125, 1764940852685, 1764940881388, 28703
pause-pod-6-126, 1764940852709, 1764940881561, 28852
pause-pod-6-127, 1764940852718, 1764940881752, 29034
pause-pod-6-128, 1764940852723, 1764940881944, 29221
pause-pod-6-129, 1764940852728, 1764940882135, 29407
pause-pod-6-130, 1764940852736, 1764940882334, 29598
pause-pod-6-131, 1764940852766, 1764940882536, 29770
pause-pod-6-132, 1764940852780, 1764940882717, 29937
pause-pod-6-133, 1764940852846, 1764940882895, 30049
pause-pod-6-134, 1764940852874, 1764940883074, 30200
pause-pod-6-135, 1764940852981, 1764940883246, 30265
pause-pod-6-136, 1764940853030, 1764940883454, 30424
pause-pod-6-137, 1764940853143, 1764940883648, 30505
pause-pod-6-138, 1764940853179, 1764940883818, 30639
pause-pod-6-139, 1764940853209, 1764940884005, 30796
pause-pod-6-140, 1764940853271, 1764940884207, 30936
pause-pod-6-141, 1764940853383, 1764940884396, 31013
pause-pod-6-142, 1764940853430, 1764940884548, 31118
pause-pod-6-143, 1764940853458, 1764940884737, 31279
pause-pod-6-144, 1764940853476, 1764940884923, 31447
pause-pod-6-145, 1764940853517, 1764940885117, 31600
pause-pod-6-146, 1764940853551, 1764940885279, 31728
pause-pod-6-147, 1764940853578, 1764940885454, 31876
pause-pod-6-148, 1764940853612, 1764940885646, 32034
pause-pod-6-149, 1764940853662, 1764940885821, 32159
pause-pod-6-150, 1764940853749, 1764940886019, 32270
