Pod Name, Delete Start Timestamp, Deleted Confirmed Timestamp, Delete Latency (milliseconds)
pause-pod-1-1, 1764939347190, 1764939352938, 5748
pause-pod-1-2, 1764939347193, 1764939353092, 5899
pause-pod-1-3, 1764939347199, 1764939353233, 6034
pause-pod-1-4, 1764939347204, 1764939353370, 6166
pause-pod-1-5, 1764939347207, 1764939353508, 6301
pause-pod-1-6, 1764939347211, 1764939353648, 6437
pause-pod-1-7, 1764939347215, 1764939353790, 6575
pause-pod-1-8, 1764939347221, 1764939353933, 6712
pause-pod-1-9, 1764939347226, 1764939354070, 6844
pause-pod-1-10, 1764939347230, 1764939354206, 6976
pause-pod-1-11, 1764939347240, 1764939354342, 7102
pause-pod-1-12, 1764939347244, 1764939354479, 7235
pause-pod-1-13, 1764939347248, 1764939354636, 7388
pause-pod-1-14, 1764939347260, 1764939354805, 7545
pause-pod-1-15, 1764939347269, 1764939354943, 7674
pause-pod-1-16, 1764939347274, 1764939355077, 7803
pause-pod-1-17, 1764939347289, 1764939355215, 7926
pause-pod-1-18, 1764939347293, 1764939355350, 8057
pause-pod-1-19, 1764939347302, 1764939355494, 8192
pause-pod-1-20, 1764939347304, 1764939355640, 8336
pause-pod-1-21, 1764939347308, 1764939355791, 8483
pause-pod-1-22, 1764939347315, 1764939355941, 8626
pause-pod-1-23, 1764939347329, 1764939356088, 8759
pause-pod-1-24, 1764939347340, 1764939356234, 8894
pause-pod-1-25, 1764939347343, 1764939356379, 9036
pause-pod-1-26, 1764939347350, 1764939356515, 9165
pause-pod-1-27, 1764939347360, 1764939356656, 9296
pause-pod-1-28, 1764939347365, 1764939356806, 9441
pause-pod-1-29, 1764939347380, 1764939356964, 9584
pause-pod-1-30, 1764939347401, 1764939357134, 9733
pause-pod-1-31, 1764939347407, 1764939357325, 9918
pause-pod-1-32, 1764939347441, 1764939357513, 10072
pause-pod-1-33, 1764939347462, 1764939357693, 10231
pause-pod-1-34, 1764939347494, 1764939357860, 10366
pause-pod-1-35, 1764939347521, 1764939358035, 10514
pause-pod-1-36, 1764939347557, 1764939358217, 10660
pause-pod-1-37, 1764939347617, 1764939358388, 10771
pause-pod-1-38, 1764939347628, 1764939358562, 10934
pause-pod-1-39, 1764939347644, 1764939358755, 11111
pause-pod-1-40, 1764939347662, 1764939358919, 11257
pause-pod-1-41, 1764939347685, 1764939359094, 11409
pause-pod-1-42, 1764939347707, 1764939359273, 11566
pause-pod-1-43, 1764939347723, 1764939359464, 11741
pause-pod-1-44, 1764939347739, 1764939359647, 11908
pause-pod-1-45, 1764939347793, 1764939359835, 12042
pause-pod-1-46, 1764939347803, 1764939360020, 12217
pause-pod-1-47, 1764939347867, 1764939360196, 12329
pause-pod-1-48, 1764939347888, 1764939360362, 12474
pause-pod-1-49, 1764939347909, 1764939360550, 12641
pause-pod-1-50, 1764939347931, 1764939360729, 12798
pause-pod-1-51, 1764939347950, 1764939360888, 12938
pause-pod-1-52, 1764939347968, 1764939361080, 13112
pause-pod-1-53, 1764939347994, 1764939361277, 13283
pause-pod-1-54, 1764939348016, 1764939361462, 13446
pause-pod-1-55, 1764939348020, 1764939361650, 13630
pause-pod-1-56, 1764939348024, 1764939361849, 13825
pause-pod-1-57, 1764939348027, 1764939362038, 14011
pause-pod-1-58, 1764939348052, 1764939362200, 14148
pause-pod-1-59, 1764939348059, 1764939362404, 14345
pause-pod-1-60, 1764939348081, 1764939362601, 14520
pause-pod-1-61, 1764939348147, 1764939362799, 14652
pause-pod-1-62, 1764939348209, 1764939362993, 14784
pause-pod-1-63, 1764939348226, 1764939363176, 14950
pause-pod-1-64, 1764939348242, 1764939363372, 15130
pause-pod-1-65, 1764939348247, 1764939363558, 15311
pause-pod-1-66, 1764939348255, 1764939363728, 15473
pause-pod-1-67, 1764939348301, 1764939363905, 15604
pause-pod-1-68, 1764939348338, 1764939364070, 15732
pause-pod-1-69, 1764939348358, 1764939364228, 15870
pause-pod-1-70, 1764939348376, 1764939364369, 15993
pause-pod-1-71, 1764939348429, 1764939364540, 16111
pause-pod-1-72, 1764939348471, 1764939364713, 16242
pause-pod-1-73, 1764939348493, 1764939364897, 16404
pause-pod-1-74, 1764939348525, 1764939365099, 16574
pause-pod-1-75, 1764939348573, 1764939365307, 16734
pause-pod-1-76, 1764939348630, 1764939365494, 16864
pause-pod-1-77, 1764939348689, 1764939365684, 16995
pause-pod-1-78, 1764939348732, 1764939365858, 17126
pause-pod-1-79, 1764939348735, 1764939366056, 17321
pause-pod-1-80, 1764939348835, 1764939366241, 17406
pause-pod-1-81, 1764939348846, 1764939366451, 17605
pause-pod-1-82, 1764939348902, 1764939366629, 17727
pause-pod-1-83, 1764939348919, 1764939366809, 17890
pause-pod-1-84, 1764939348956, 1764939367006, 18050
pause-pod-1-85, 1764939348977, 1764939367191, 18214
pause-pod-1-86, 1764939349002, 1764939367379, 18377
pause-pod-1-87, 1764939349069, 1764939367557, 18488
pause-pod-1-88, 1764939349104, 1764939367736, 18632
pause-pod-1-89, 1764939349118, 1764939367921, 18803
pause-pod-1-90, 1764939349125, 1764939368115, 18990
pause-pod-1-91, 1764939349141, 1764939368313, 19172
pause-pod-1-92, 1764939349158, 1764939368513, 19355
pause-pod-1-93, 1764939349176, 1764939368701, 19525
pause-pod-1-94, 1764939349200, 1764939368880, 19680
pause-pod-1-95, 1764939349219, 1764939369071, 19852
pause-pod-1-96, 1764939349289, 1764939369260, 19971
pause-pod-1-97, 1764939349305, 1764939369431, 20126
pause-pod-1-98, 1764939349352, 1764939369597, 20245
pause-pod-1-99, 1764939349360, 1764939369773, 20413
pause-pod-1-100, 1764939349397, 1764939369946, 20549
pause-pod-2-1, 1764939466333, 1764939472212, 5879
pause-pod-2-2, 1764939466339, 1764939472364, 6025
pause-pod-2-3, 1764939466343, 1764939472538, 6195
pause-pod-2-4, 1764939466346, 1764939472701, 6355
pause-pod-2-5, 1764939466349, 1764939472847, 6498
pause-pod-2-6, 1764939466353, 1764939472992, 6639
pause-pod-2-7, 1764939466355, 1764939473382, 7027
pause-pod-2-8, 1764939466358, 1764939473525, 7167
pause-pod-2-9, 1764939466360, 1764939473662, 7302
pause-pod-2-10, 1764939466364, 1764939473812, 7448
pause-pod-2-11, 1764939466370, 1764939473958, 7588
pause-pod-2-12, 1764939466374, 1764939474116, 7742
pause-pod-2-13, 1764939466378, 1764939474258, 7880
pause-pod-2-14, 1764939466381, 1764939474417, 8036
pause-pod-2-15, 1764939466385, 1764939474553, 8168
pause-pod-2-16, 1764939466399, 1764939474695, 8296
pause-pod-2-17, 1764939466406, 1764939474839, 8433
pause-pod-2-18, 1764939466411, 1764939475009, 8598
pause-pod-2-19, 1764939466419, 1764939475196, 8777
pause-pod-2-20, 1764939466425, 1764939475354, 8929
pause-pod-2-21, 1764939466438, 1764939475530, 9092
pause-pod-2-22, 1764939466451, 1764939475707, 9256
pause-pod-2-23, 1764939466457, 1764939475892, 9435
pause-pod-2-24, 1764939466463, 1764939476083, 9620
pause-pod-2-25, 1764939466472, 1764939476256, 9784
pause-pod-2-26, 1764939466490, 1764939476453, 9963
pause-pod-2-27, 1764939466503, 1764939476657, 10154
pause-pod-2-28, 1764939466520, 1764939476836, 10316
pause-pod-2-29, 1764939466535, 1764939477013, 10478
pause-pod-2-30, 1764939466554, 1764939477159, 10605
pause-pod-2-31, 1764939466573, 1764939477309, 10736
pause-pod-2-32, 1764939466580, 1764939477460, 10880
pause-pod-2-33, 1764939466586, 1764939477601, 11015
pause-pod-2-34, 1764939466606, 1764939477752, 11146
pause-pod-2-35, 1764939466622, 1764939477912, 11290
pause-pod-2-36, 1764939466631, 1764939478070, 11439
pause-pod-2-37, 1764939466640, 1764939478222, 11582
pause-pod-2-38, 1764939466670, 1764939478361, 11691
pause-pod-2-39, 1764939466689, 1764939478512, 11823
pause-pod-2-40, 1764939466701, 1764939478665, 11964
pause-pod-2-41, 1764939466715, 1764939478822, 12107
pause-pod-2-42, 1764939466735, 1764939478969, 12234
pause-pod-2-43, 1764939466774, 1764939479114, 12340
pause-pod-2-44, 1764939466804, 1764939479260, 12456
pause-pod-2-45, 1764939466836, 1764939479415, 12579
pause-pod-2-46, 1764939466850, 1764939479560, 12710
pause-pod-2-47, 1764939466853, 1764939479707, 12854
pause-pod-2-48, 1764939466870, 1764939479855, 12985
pause-pod-2-49, 1764939466908, 1764939480004, 13096
pause-pod-2-50, 1764939466929, 1764939480147, 13218
pause-pod-2-51, 1764939466959, 1764939480300, 13341
pause-pod-2-52, 1764939466971, 1764939480475, 13504
pause-pod-2-53, 1764939466994, 1764939480647, 13653
pause-pod-2-54, 1764939467017, 1764939480830, 13813
pause-pod-2-55, 1764939467118, 1764939480988, 13870
pause-pod-2-56, 1764939467201, 1764939481178, 13977
pause-pod-2-57, 1764939467378, 1764939481382, 14004
pause-pod-2-58, 1764939467395, 1764939481589, 14194
pause-pod-2-59, 1764939467449, 1764939481802, 14353
pause-pod-2-60, 1764939467477, 1764939482005, 14528
pause-pod-2-61, 1764939467513, 1764939482184, 14671
pause-pod-2-62, 1764939467560, 1764939482390, 14830
pause-pod-2-63, 1764939467627, 1764939482555, 14928
pause-pod-2-64, 1764939467680, 1764939482735, 15055
pause-pod-2-65, 1764939467708, 1764939482909, 15201
pause-pod-2-66, 1764939467737, 1764939483079, 15342
pause-pod-2-67, 1764939467755, 1764939483253, 15498
pause-pod-2-68, 1764939467780, 1764939483431, 15651
pause-pod-2-69, 1764939467799, 1764939483610, 15811
pause-pod-2-70, 1764939467821, 1764939483782, 15961
pause-pod-2-71, 1764939467884, 1764939483951, 16067
pause-pod-2-72, 1764939467917, 1764939484157, 16240
pause-pod-2-73, 1764939467942, 1764939484314, 16372
pause-pod-2-74, 1764939467962, 1764939484481, 16519
pause-pod-2-75, 1764939468031, 1764939484641, 16610
pause-pod-2-76, 1764939468061, 1764939484829, 16768
pause-pod-2-77, 1764939468073, 1764939485000, 16927
pause-pod-2-78, 1764939468136, 1764939485196, 17060
pause-pod-2-79, 1764939468179, 1764939485390, 17211
pause-pod-2-80, 1764939468202, 1764939485576, 17374
pause-pod-2-81, 1764939468263, 1764939485766, 17503
pause-pod-2-82, 1764939468278, 1764939485958, 17680
pause-pod-2-83, 1764939468326, 1764939486139, 17813
pause-pod-2-84, 1764939468349, 1764939486335, 17986
pause-pod-2-85, 1764939468377, 1764939486531, 18154
pause-pod-2-86, 1764939468406, 1764939486715, 18309
pause-pod-2-87, 1764939468420, 1764939486882, 18462
pause-pod-2-88, 1764939468451, 1764939487062, 18611
pause-pod-2-89, 1764939468480, 1764939487228, 18748
pause-pod-2-90, 1764939468517, 1764939487426, 18909
pause-pod-2-91, 1764939468549, 1764939487633, 19084
pause-pod-2-92, 1764939468610, 1764939487819, 19209
pause-pod-2-93, 1764939468632, 1764939488014, 19382
pause-pod-2-94, 1764939468668, 1764939488213, 19545
pause-pod-2-95, 1764939468688, 1764939488386, 19698
pause-pod-2-96, 1764939468719, 1764939488555, 19836
pause-pod-2-97, 1764939468748, 1764939488730, 19982
pause-pod-2-98, 1764939468802, 1764939488904, 20102
pause-pod-2-99, 1764939468844, 1764939489089, 20245
pause-pod-2-100, 1764939468916, 1764939489259, 20343
pause-pod-3-1, 1764939599917, 1764939606562, 6645
pause-pod-3-2, 1764939599921, 1764939606709, 6788
pause-pod-3-3, 1764939599925, 1764939606882, 6957
pause-pod-3-4, 1764939599928, 1764939607049, 7121
pause-pod-3-5, 1764939599931, 1764939607198, 7267
pause-pod-3-6, 1764939599936, 1764939607343, 7407
pause-pod-3-7, 1764939599938, 1764939607485, 7547
pause-pod-3-8, 1764939599940, 1764939607630, 7690
pause-pod-3-9, 1764939599943, 1764939607770, 7827
pause-pod-3-10, 1764939599947, 1764939607909, 7962
pause-pod-3-11, 1764939599953, 1764939608059, 8106
pause-pod-3-12, 1764939599956, 1764939608203, 8247
pause-pod-3-13, 1764939599960, 1764939608343, 8383
pause-pod-3-14, 1764939599965, 1764939608484, 8519
pause-pod-3-15, 1764939599973, 1764939608625, 8652
pause-pod-3-16, 1764939599980, 1764939608783, 8803
pause-pod-3-17, 1764939599989, 1764939608936, 8947
pause-pod-3-18, 1764939599994, 1764939609132, 9138
pause-pod-3-19, 1764939600005, 1764939609326, 9321
pause-pod-3-20, 1764939600014, 1764939609492, 9478
pause-pod-3-21, 1764939600024, 1764939609687, 9663
pause-pod-3-22, 1764939600030, 1764939609879, 9849
pause-pod-3-23, 1764939600040, 1764939610058, 10018
pause-pod-3-24, 1764939600052, 1764939610254, 10202
pause-pod-3-25, 1764939600063, 1764939610438, 10375
pause-pod-3-26, 1764939600081, 1764939610608, 10527
pause-pod-3-27, 1764939600089, 1764939610773, 10684
pause-pod-3-28, 1764939600092, 1764939610927, 10835
pause-pod-3-29, 1764939600099, 1764939611102, 11003
pause-pod-3-30, 1764939600124, 1764939611298, 11174
pause-pod-3-31, 1764939600134, 1764939611472, 11338
pause-pod-3-32, 1764939600141, 1764939611616, 11475
pause-pod-3-33, 1764939600156, 1764939611801, 11645
pause-pod-3-34, 1764939600176, 1764939611995, 11819
pause-pod-3-35, 1764939600188, 1764939612180, 11992
pause-pod-3-36, 1764939600200, 1764939612356, 12156
pause-pod-3-37, 1764939600222, 1764939612551, 12329
pause-pod-3-38, 1764939600237, 1764939612732, 12495
pause-pod-3-39, 1764939600261, 1764939612918, 12657
pause-pod-3-40, 1764939600269, 1764939613118, 12849
pause-pod-3-41, 1764939600285, 1764939613310, 13025
pause-pod-3-42, 1764939600296, 1764939613479, 13183
pause-pod-3-43, 1764939600302, 1764939613662, 13360
pause-pod-3-44, 1764939600320, 1764939613825, 13505
pause-pod-3-45, 1764939600344, 1764939614008, 13664
pause-pod-3-46, 1764939600375, 1764939614182, 13807
pause-pod-3-47, 1764939600405, 1764939614348, 13943
pause-pod-3-48, 1764939600438, 1764939614543, 14105
pause-pod-3-49, 1764939600454, 1764939614713, 14259
pause-pod-3-50, 1764939600478, 1764939614881, 14403
pause-pod-3-51, 1764939600507, 1764939615045, 14538
pause-pod-3-52, 1764939600561, 1764939615193, 14632
pause-pod-3-53, 1764939600598, 1764939615350, 14752
pause-pod-3-54, 1764939600617, 1764939615509, 14892
pause-pod-3-55, 1764939600674, 1764939615663, 14989
pause-pod-3-56, 1764939600716, 1764939615822, 15106
pause-pod-3-57, 1764939600746, 1764939615983, 15237
pause-pod-3-58, 1764939600759, 1764939616167, 15408
pause-pod-3-59, 1764939600769, 1764939616343, 15574
pause-pod-3-60, 1764939600819, 1764939616506, 15687
pause-pod-3-61, 1764939600843, 1764939616668, 15825
pause-pod-3-62, 1764939600856, 1764939616846, 15990
pause-pod-3-63, 1764939600887, 1764939617028, 16141
pause-pod-3-64, 1764939600903, 1764939617187, 16284
pause-pod-3-65, 1764939600918, 1764939617354, 16436
pause-pod-3-66, 1764939600946, 1764939617505, 16559
pause-pod-3-67, 1764939600983, 1764939617683, 16700
pause-pod-3-68, 1764939601014, 1764939617854, 16840
pause-pod-3-69, 1764939601094, 1764939618033, 16939
pause-pod-3-70, 1764939601143, 1764939618207, 17064
pause-pod-3-71, 1764939601206, 1764939618376, 17170
pause-pod-3-72, 1764939601267, 1764939618565, 17298
pause-pod-3-73, 1764939601317, 1764939618743, 17426
pause-pod-3-74, 1764939601337, 1764939618914, 17577
pause-pod-3-75, 1764939601360, 1764939619107, 17747
pause-pod-3-76, 1764939601397, 1764939619280, 17883
pause-pod-3-77, 1764939601445, 1764939619463, 18018
pause-pod-3-78, 1764939601471, 1764939619640, 18169
pause-pod-3-79, 1764939601517, 1764939619817, 18300
pause-pod-3-80, 1764939601587, 1764939619999, 18412
pause-pod-3-81, 1764939601657, 1764939620174, 18517
pause-pod-3-82, 1764939601713, 1764939620362, 18649
pause-pod-3-83, 1764939601748, 1764939620534, 18786
pause-pod-3-84, 1764939601804, 1764939620711, 18907
pause-pod-3-85, 1764939601828, 1764939620879, 19051
pause-pod-3-86, 1764939601877, 1764939621044, 19167
pause-pod-3-87, 1764939601934, 1764939621230, 19296
pause-pod-3-88, 1764939602035, 1764939621404, 19369
pause-pod-3-89, 1764939602061, 1764939621587, 19526
pause-pod-3-90, 1764939602100, 1764939621773, 19673
pause-pod-3-91, 1764939602119, 1764939621965, 19846
pause-pod-3-92, 1764939602142, 1764939622132, 19990
pause-pod-3-93, 1764939602199, 1764939622353, 20154
pause-pod-3-94, 1764939602245, 1764939622533, 20288
pause-pod-3-95, 1764939602277, 1764939622726, 20449
pause-pod-3-96, 1764939602341, 1764939622920, 20579
pause-pod-3-97, 1764939602396, 1764939623092, 20696
pause-pod-3-98, 1764939602446, 1764939623265, 20819
pause-pod-3-99, 1764939602476, 1764939623458, 20982
pause-pod-3-100, 1764939602550, 1764939623666, 21116
pause-pod-4-1, 1764939721096, 1764939725561, 4465
pause-pod-4-2, 1764939721102, 1764939725772, 4670
pause-pod-4-3, 1764939721107, 1764939727827, 6720
pause-pod-4-4, 1764939721113, 1764939727973, 6860
pause-pod-4-5, 1764939721116, 1764939728111, 6995
pause-pod-4-6, 1764939721119, 1764939728250, 7131
pause-pod-4-7, 1764939721121, 1764939728404, 7283
pause-pod-4-8, 1764939721124, 1764939728544, 7420
pause-pod-4-9, 1764939721128, 1764939728700, 7572
pause-pod-4-10, 1764939721131, 1764939728843, 7712
pause-pod-4-11, 1764939721135, 1764939728984, 7849
pause-pod-4-12, 1764939721143, 1764939729133, 7990
pause-pod-4-13, 1764939721147, 1764939729302, 8155
pause-pod-4-14, 1764939721156, 1764939729464, 8308
pause-pod-4-15, 1764939721164, 1764939729635, 8471
pause-pod-4-16, 1764939721170, 1764939729796, 8626
pause-pod-4-17, 1764939721176, 1764939729984, 8808
pause-pod-4-18, 1764939721188, 1764939730147, 8959
pause-pod-4-19, 1764939721194, 1764939730325, 9131
pause-pod-4-20, 1764939721201, 1764939730507, 9306
pause-pod-4-21, 1764939721204, 1764939730720, 9516
pause-pod-4-22, 1764939721206, 1764939730882, 9676
pause-pod-4-23, 1764939721215, 1764939731053, 9838
pause-pod-4-24, 1764939721223, 1764939731223, 10000
pause-pod-4-25, 1764939721229, 1764939731423, 10194
pause-pod-4-26, 1764939721243, 1764939731580, 10337
pause-pod-4-27, 1764939721250, 1764939731768, 10518
pause-pod-4-28, 1764939721270, 1764939731960, 10690
pause-pod-4-29, 1764939721278, 1764939732158, 10880
pause-pod-4-30, 1764939721291, 1764939732337, 11046
pause-pod-4-31, 1764939721310, 1764939732530, 11220
pause-pod-4-32, 1764939721320, 1764939732704, 11384
pause-pod-4-33, 1764939721331, 1764939732876, 11545
pause-pod-4-34, 1764939721350, 1764939733052, 11702
pause-pod-4-35, 1764939721364, 1764939733236, 11872
pause-pod-4-36, 1764939721379, 1764939733400, 12021
pause-pod-4-37, 1764939721386, 1764939733599, 12213
pause-pod-4-38, 1764939721404, 1764939733777, 12373
pause-pod-4-39, 1764939721413, 1764939733963, 12550
pause-pod-4-40, 1764939721425, 1764939734170, 12745
pause-pod-4-41, 1764939721441, 1764939734350, 12909
pause-pod-4-42, 1764939721455, 1764939734539, 13084
pause-pod-4-43, 1764939721463, 1764939734719, 13256
pause-pod-4-44, 1764939721479, 1764939734906, 13427
pause-pod-4-45, 1764939721494, 1764939735101, 13607
pause-pod-4-46, 1764939721513, 1764939735292, 13779
pause-pod-4-47, 1764939721533, 1764939735479, 13946
pause-pod-4-48, 1764939721567, 1764939735668, 14101
pause-pod-4-49, 1764939721598, 1764939735837, 14239
pause-pod-4-50, 1764939721637, 1764939736038, 14401
pause-pod-4-51, 1764939721649, 1764939736227, 14578
pause-pod-4-52, 1764939721675, 1764939736419, 14744
pause-pod-4-53, 1764939721684, 1764939736599, 14915
pause-pod-4-54, 1764939721708, 1764939736788, 15080
pause-pod-4-55, 1764939721743, 1764939736983, 15240
pause-pod-4-56, 1764939721790, 1764939737164, 15374
pause-pod-4-57, 1764939721892, 1764939737392, 15500
pause-pod-4-58, 1764939721904, 1764939737579, 15675
pause-pod-4-59, 1764939721917, 1764939737769, 15852
pause-pod-4-60, 1764939721958, 1764939737956, 15998
pause-pod-4-61, 1764939722007, 1764939738148, 16141
pause-pod-4-62, 1764939722028, 1764939738323, 16295
pause-pod-4-63, 1764939722047, 1764939738524, 16477
pause-pod-4-64, 1764939722053, 1764939738706, 16653
pause-pod-4-65, 1764939722081, 1764939738893, 16812
pause-pod-4-66, 1764939722144, 1764939739057, 16913
pause-pod-4-67, 1764939722200, 1764939739252, 17052
pause-pod-4-68, 1764939722239, 1764939739459, 17220
pause-pod-4-69, 1764939722274, 1764939739642, 17368
pause-pod-4-70, 1764939722313, 1764939739834, 17521
pause-pod-4-71, 1764939722337, 1764939740024, 17687
pause-pod-4-72, 1764939722379, 1764939740179, 17800
pause-pod-4-73, 1764939722452, 1764939740381, 17929
pause-pod-4-74, 1764939722493, 1764939740581, 18088
pause-pod-4-75, 1764939722551, 1764939740756, 18205
pause-pod-4-76, 1764939722563, 1764939740949, 18386
pause-pod-4-77, 1764939722612, 1764939741111, 18499
pause-pod-4-78, 1764939722669, 1764939741299, 18630
pause-pod-4-79, 1764939722688, 1764939741488, 18800
pause-pod-4-80, 1764939722737, 1764939741674, 18937
pause-pod-4-81, 1764939722756, 1764939741863, 19107
pause-pod-4-82, 1764939722796, 1764939742051, 19255
pause-pod-4-83, 1764939722811, 1764939742242, 19431
pause-pod-4-84, 1764939722824, 1764939742408, 19584
pause-pod-4-85, 1764939722868, 1764939742589, 19721
pause-pod-4-86, 1764939722931, 1764939742786, 19855
pause-pod-4-87, 1764939723036, 1764939742969, 19933
pause-pod-4-88, 1764939723055, 1764939743162, 20107
pause-pod-4-89, 1764939723089, 1764939743361, 20272
pause-pod-4-90, 1764939723136, 1764939743546, 20410
pause-pod-4-91, 1764939723186, 1764939743727, 20541
pause-pod-4-92, 1764939723224, 1764939743905, 20681
pause-pod-4-93, 1764939723244, 1764939744084, 20840
pause-pod-4-94, 1764939723284, 1764939744277, 20993
pause-pod-4-95, 1764939723295, 1764939744447, 21152
pause-pod-4-96, 1764939723349, 1764939744622, 21273
pause-pod-4-97, 1764939723374, 1764939744804, 21430
pause-pod-4-98, 1764939723407, 1764939744987, 21580
pause-pod-4-99, 1764939723439, 1764939745171, 21732
pause-pod-4-100, 1764939723465, 1764939745324, 21859
pause-pod-5-1, 1764939842360, 1764939846921, 4561
pause-pod-5-2, 1764939842367, 1764939847216, 4849
pause-pod-5-3, 1764939842373, 1764939849060, 6687
pause-pod-5-4, 1764939842378, 1764939849213, 6835
pause-pod-5-5, 1764939842382, 1764939849463, 7081
pause-pod-5-6, 1764939842387, 1764939849605, 7218
pause-pod-5-7, 1764939842391, 1764939849751, 7360
pause-pod-5-8, 1764939842394, 1764939849894, 7500
pause-pod-5-9, 1764939842397, 1764939850043, 7646
pause-pod-5-10, 1764939842401, 1764939850195, 7794
pause-pod-5-11, 1764939842404, 1764939850358, 7954
pause-pod-5-12, 1764939842410, 1764939850515, 8105
pause-pod-5-13, 1764939842417, 1764939850654, 8237
pause-pod-5-14, 1764939842419, 1764939850866, 8447
pause-pod-5-15, 1764939842425, 1764939851012, 8587
pause-pod-5-16, 1764939842435, 1764939851163, 8728
pause-pod-5-17, 1764939842441, 1764939851313, 8872
pause-pod-5-18, 1764939842445, 1764939851464, 9019
pause-pod-5-19, 1764939842450, 1764939851604, 9154
pause-pod-5-20, 1764939842456, 1764939851756, 9300
pause-pod-5-21, 1764939842466, 1764939851898, 9432
pause-pod-5-22, 1764939842473, 1764939852049, 9576
pause-pod-5-23, 1764939842483, 1764939852194, 9711
pause-pod-5-24, 1764939842489, 1764939852335, 9846
pause-pod-5-25, 1764939842501, 1764939852492, 9991
pause-pod-5-26, 1764939842509, 1764939852655, 10146
pause-pod-5-27, 1764939842532, 1764939852796, 10264
pause-pod-5-28, 1764939842553, 1764939852941, 10388
pause-pod-5-29, 1764939842561, 1764939853084, 10523
pause-pod-5-30, 1764939842577, 1764939853245, 10668
pause-pod-5-31, 1764939842585, 1764939853401, 10816
pause-pod-5-32, 1764939842599, 1764939853547, 10948
pause-pod-5-33, 1764939842614, 1764939853688, 11074
pause-pod-5-34, 1764939842632, 1764939853832, 11200
pause-pod-5-35, 1764939842641, 1764939853971, 11330
pause-pod-5-36, 1764939842654, 1764939854117, 11463
pause-pod-5-37, 1764939842674, 1764939854264, 11590
pause-pod-5-38, 1764939842681, 1764939854433, 11752
pause-pod-5-39, 1764939842710, 1764939854603, 11893
pause-pod-5-40, 1764939842730, 1764939854790, 12060
pause-pod-5-41, 1764939842752, 1764939854978, 12226
pause-pod-5-42, 1764939842766, 1764939855163, 12397
pause-pod-5-43, 1764939842795, 1764939855356, 12561
pause-pod-5-44, 1764939842811, 1764939855536, 12725
pause-pod-5-45, 1764939842819, 1764939855725, 12906
pause-pod-5-46, 1764939842847, 1764939855897, 13050
pause-pod-5-47, 1764939842866, 1764939856067, 13201
pause-pod-5-48, 1764939842899, 1764939856255, 13356
pause-pod-5-49, 1764939842944, 1764939856446, 13502
pause-pod-5-50, 1764939842991, 1764939856628, 13637
pause-pod-5-51, 1764939843029, 1764939856833, 13804
pause-pod-5-52, 1764939843038, 1764939857011, 13973
pause-pod-5-53, 1764939843076, 1764939857205, 14129
pause-pod-5-54, 1764939843102, 1764939857398, 14296
pause-pod-5-55, 1764939843139, 1764939857581, 14442
pause-pod-5-56, 1764939843149, 1764939857760, 14611
pause-pod-5-57, 1764939843161, 1764939857957, 14796
pause-pod-5-58, 1764939843190, 1764939858139, 14949
pause-pod-5-59, 1764939843251, 1764939858318, 15067
pause-pod-5-60, 1764939843266, 1764939858512, 15246
pause-pod-5-61, 1764939843288, 1764939858713, 15425
pause-pod-5-62, 1764939843313, 1764939858901, 15588
pause-pod-5-63, 1764939843339, 1764939859095, 15756
pause-pod-5-64, 1764939843363, 1764939859272, 15909
pause-pod-5-65, 1764939843403, 1764939859452, 16049
pause-pod-5-66, 1764939843460, 1764939859628, 16168
pause-pod-5-67, 1764939843492, 1764939859809, 16317
pause-pod-5-68, 1764939843528, 1764939859995, 16467
pause-pod-5-69, 1764939843568, 1764939860189, 16621
pause-pod-5-70, 1764939843598, 1764939860383, 16785
pause-pod-5-71, 1764939843662, 1764939860553, 16891
pause-pod-5-72, 1764939843690, 1764939860740, 17050
pause-pod-5-73, 1764939843762, 1764939860927, 17165
pause-pod-5-74, 1764939843847, 1764939861097, 17250
pause-pod-5-75, 1764939843867, 1764939861278, 17411
pause-pod-5-76, 1764939843896, 1764939861474, 17578
pause-pod-5-77, 1764939844006, 1764939861653, 17647
pause-pod-5-78, 1764939844023, 1764939861837, 17814
pause-pod-5-79, 1764939844102, 1764939862015, 17913
pause-pod-5-80, 1764939844134, 1764939862195, 18061
pause-pod-5-81, 1764939844169, 1764939862369, 18200
pause-pod-5-82, 1764939844240, 1764939862561, 18321
pause-pod-5-83, 1764939844298, 1764939862754, 18456
pause-pod-5-84, 1764939844321, 1764939862925, 18604
pause-pod-5-85, 1764939844363, 1764939863089, 18726
pause-pod-5-86, 1764939844391, 1764939863259, 18868
pause-pod-5-87, 1764939844430, 1764939863446, 19016
pause-pod-5-88, 1764939844440, 1764939863621, 19181
pause-pod-5-89, 1764939844467, 1764939863799, 19332
pause-pod-5-90, 1764939844528, 1764939863977, 19449
pause-pod-5-91, 1764939844561, 1764939864165, 19604
pause-pod-5-92, 1764939844639, 1764939864361, 19722
pause-pod-5-93, 1764939844669, 1764939864537, 19868
pause-pod-5-94, 1764939844739, 1764939864709, 19970
pause-pod-5-95, 1764939844796, 1764939864880, 20084
pause-pod-5-96, 1764939844856, 1764939865065, 20209
pause-pod-5-97, 1764939844886, 1764939865249, 20363
pause-pod-5-98, 1764939844946, 1764939865420, 20474
pause-pod-5-99, 1764939844981, 1764939865598, 20617
pause-pod-5-100, 1764939844984, 1764939865788, 20804
pause-pod-6-1, 1764939962155, 1764939968910, 6755
pause-pod-6-2, 1764939962158, 1764939969057, 6899
pause-pod-6-3, 1764939962161, 1764939969198, 7037
pause-pod-6-4, 1764939962164, 1764939969352, 7188
pause-pod-6-5, 1764939962166, 1764939969499, 7333
pause-pod-6-6, 1764939962169, 1764939969645, 7476
pause-pod-6-7, 1764939962173, 1764939969789, 7616
pause-pod-6-8, 1764939962176, 1764939969931, 7755
pause-pod-6-9, 1764939962181, 1764939970098, 7917
pause-pod-6-10, 1764939962184, 1764939970272, 8088
pause-pod-6-11, 1764939962188, 1764939970458, 8270
pause-pod-6-12, 1764939962194, 1764939970644, 8450
pause-pod-6-13, 1764939962196, 1764939970824, 8628
pause-pod-6-14, 1764939962199, 1764939971004, 8805
pause-pod-6-15, 1764939962204, 1764939971184, 8980
pause-pod-6-16, 1764939962215, 1764939971381, 9166
pause-pod-6-17, 1764939962221, 1764939971547, 9326
pause-pod-6-18, 1764939962231, 1764939971720, 9489
pause-pod-6-19, 1764939962237, 1764939971893, 9656
pause-pod-6-20, 1764939962247, 1764939972096, 9849
pause-pod-6-21, 1764939962262, 1764939972278, 10016
pause-pod-6-22, 1764939962274, 1764939972458, 10184
pause-pod-6-23, 1764939962282, 1764939972650, 10368
pause-pod-6-24, 1764939962289, 1764939972814, 10525
pause-pod-6-25, 1764939962300, 1764939972980, 10680
pause-pod-6-26, 1764939962312, 1764939973175, 10863
pause-pod-6-27, 1764939962325, 1764939973353, 11028
pause-pod-6-28, 1764939962334, 1764939973529, 11195
pause-pod-6-29, 1764939962352, 1764939973698, 11346
pause-pod-6-30, 1764939962365, 1764939973883, 11518
pause-pod-6-31, 1764939962379, 1764939974065, 11686
pause-pod-6-32, 1764939962394, 1764939974262, 11868
pause-pod-6-33, 1764939962408, 1764939974450, 12042
pause-pod-6-34, 1764939962422, 1764939974598, 12176
pause-pod-6-35, 1764939962435, 1764939974747, 12312
pause-pod-6-36, 1764939962456, 1764939974902, 12446
pause-pod-6-37, 1764939962471, 1764939975060, 12589
pause-pod-6-38, 1764939962491, 1764939975206, 12715
pause-pod-6-39, 1764939962520, 1764939975352, 12832
pause-pod-6-40, 1764939962540, 1764939975511, 12971
pause-pod-6-41, 1764939962571, 1764939975656, 13085
pause-pod-6-42, 1764939962611, 1764939975815, 13204
pause-pod-6-43, 1764939962638, 1764939975974, 13336
pause-pod-6-44, 1764939962692, 1764939976120, 13428
pause-pod-6-45, 1764939962722, 1764939976263, 13541
pause-pod-6-46, 1764939962783, 1764939976417, 13634
pause-pod-6-47, 1764939962806, 1764939976565, 13759
pause-pod-6-48, 1764939962876, 1764939976708, 13832
pause-pod-6-49, 1764939962901, 1764939976862, 13961
pause-pod-6-50, 1764939962921, 1764939977013, 14092
pause-pod-6-51, 1764939962949, 1764939977158, 14209
pause-pod-6-52, 1764939962980, 1764939977294, 14314
pause-pod-6-53, 1764939963008, 1764939977447, 14439
pause-pod-6-54, 1764939963033, 1764939977588, 14555
pause-pod-6-55, 1764939963040, 1764939977777, 14737
pause-pod-6-56, 1764939963047, 1764939977971, 14924
pause-pod-6-57, 1764939963074, 1764939978169, 15095
pause-pod-6-58, 1764939963105, 1764939978368, 15263
pause-pod-6-59, 1764939963136, 1764939978562, 15426
pause-pod-6-60, 1764939963177, 1764939978727, 15550
pause-pod-6-61, 1764939963214, 1764939978894, 15680
pause-pod-6-62, 1764939963270, 1764939979093, 15823
pause-pod-6-63, 1764939963311, 1764939979295, 15984
pause-pod-6-64, 1764939963315, 1764939979485, 16170
pause-pod-6-65, 1764939963322, 1764939979674, 16352
pause-pod-6-66, 1764939963335, 1764939979847, 16512
pause-pod-6-67, 1764939963387, 1764939980034, 16647
pause-pod-6-68, 1764939963397, 1764939980223, 16826
pause-pod-6-69, 1764939963422, 1764939980435, 17013
pause-pod-6-70, 1764939963449, 1764939980618, 17169
pause-pod-6-71, 1764939963491, 1764939980810, 17319
pause-pod-6-72, 1764939963503, 1764939980998, 17495
pause-pod-6-73, 1764939963511, 1764939981182, 17671
pause-pod-6-74, 1764939963532, 1764939981377, 17845
pause-pod-6-75, 1764939963571, 1764939981586, 18015
pause-pod-6-76, 1764939963614, 1764939981782, 18168
pause-pod-6-77, 1764939963625, 1764939981982, 18357
pause-pod-6-78, 1764939963663, 1764939982159, 18496
pause-pod-6-79, 1764939963760, 1764939982330, 18570
pause-pod-6-80, 1764939963783, 1764939982513, 18730
pause-pod-6-81, 1764939963787, 1764939982698, 18911
pause-pod-6-82, 1764939963797, 1764939982891, 19094
pause-pod-6-83, 1764939963802, 1764939983088, 19286
pause-pod-6-84, 1764939963804, 1764939983256, 19452
pause-pod-6-85, 1764939963936, 1764939983442, 19506
pause-pod-6-86, 1764939963981, 1764939983652, 19671
pause-pod-6-87, 1764939964047, 1764939983832, 19785
pause-pod-6-88, 1764939964105, 1764939984030, 19925
pause-pod-6-89, 1764939964135, 1764939984209, 20074
pause-pod-6-90, 1764939964169, 1764939984393, 20224
pause-pod-6-91, 1764939964219, 1764939984551, 20332
pause-pod-6-92, 1764939964229, 1764939984743, 20514
pause-pod-6-93, 1764939964312, 1764939984922, 20610
pause-pod-6-94, 1764939964350, 1764939985097, 20747
pause-pod-6-95, 1764939964376, 1764939985281, 20905
pause-pod-6-96, 1764939964397, 1764939985430, 21033
pause-pod-6-97, 1764939964454, 1764939985591, 21137
pause-pod-6-98, 1764939964470, 1764939985757, 21287
pause-pod-6-99, 1764939964510, 1764939985936, 21426
pause-pod-6-100, 1764939964555, 1764939986115, 21560
