Pod Name, Delete Start Timestamp, Deleted Confirmed Timestamp, Delete Latency (milliseconds)
pause-pod-1-1, 1764938772854, 1764938775320, 2466
pause-pod-1-2, 1764938772857, 1764938775642, 2785
pause-pod-1-3, 1764938772859, 1764938775786, 2927
pause-pod-1-4, 1764938772861, 1764938776401, 3540
pause-pod-1-5, 1764938772863, 1764938776533, 3670
pause-pod-1-6, 1764938772865, 1764938776776, 3911
pause-pod-1-7, 1764938772867, 1764938776932, 4065
pause-pod-1-8, 1764938772870, 1764938777081, 4211
pause-pod-1-9, 1764938772874, 1764938777241, 4367
pause-pod-1-10, 1764938772878, 1764938777411, 4533
pause-pod-1-11, 1764938772886, 1764938777600, 4714
pause-pod-1-12, 1764938772891, 1764938777805, 4914
pause-pod-1-13, 1764938772894, 1764938777989, 5095
pause-pod-1-14, 1764938772899, 1764938778168, 5269
pause-pod-1-15, 1764938772902, 1764938778352, 5450
pause-pod-1-16, 1764938772907, 1764938778530, 5623
pause-pod-1-17, 1764938772917, 1764938778719, 5802
pause-pod-1-18, 1764938772924, 1764938778886, 5962
pause-pod-1-19, 1764938772929, 1764938779059, 6130
pause-pod-1-20, 1764938772950, 1764938779233, 6283
pause-pod-1-21, 1764938772954, 1764938779417, 6463
pause-pod-1-22, 1764938772960, 1764938779602, 6642
pause-pod-1-23, 1764938772971, 1764938779776, 6805
pause-pod-1-24, 1764938772982, 1764938779974, 6992
pause-pod-1-25, 1764938772993, 1764938780130, 7137
pause-pod-1-26, 1764938773003, 1764938780325, 7322
pause-pod-1-27, 1764938773013, 1764938780500, 7487
pause-pod-1-28, 1764938773022, 1764938780658, 7636
pause-pod-1-29, 1764938773035, 1764938780847, 7812
pause-pod-1-30, 1764938773047, 1764938781016, 7969
pause-pod-1-31, 1764938773062, 1764938781205, 8143
pause-pod-1-32, 1764938773078, 1764938781398, 8320
pause-pod-1-33, 1764938773085, 1764938781600, 8515
pause-pod-1-34, 1764938773096, 1764938781802, 8706
pause-pod-1-35, 1764938773111, 1764938782009, 8898
pause-pod-1-36, 1764938773119, 1764938782186, 9067
pause-pod-1-37, 1764938773135, 1764938782381, 9246
pause-pod-1-38, 1764938773158, 1764938782558, 9400
pause-pod-1-39, 1764938773173, 1764938782739, 9566
pause-pod-1-40, 1764938773196, 1764938782933, 9737
pause-pod-1-41, 1764938773211, 1764938783109, 9898
pause-pod-1-42, 1764938773232, 1764938783274, 10042
pause-pod-1-43, 1764938773242, 1764938783445, 10203
pause-pod-1-44, 1764938773255, 1764938783628, 10373
pause-pod-1-45, 1764938773273, 1764938783785, 10512
pause-pod-1-46, 1764938773285, 1764938783968, 10683
pause-pod-1-47, 1764938773317, 1764938784153, 10836
pause-pod-1-48, 1764938773387, 1764938784301, 10914
pause-pod-1-49, 1764938773415, 1764938784464, 11049
pause-pod-1-50, 1764938773459, 1764938784603, 11144
pause-pod-2-1, 1764938862969, 1764938865522, 2553
pause-pod-2-2, 1764938862974, 1764938865746, 2772
pause-pod-2-3, 1764938862980, 1764938866475, 3495
pause-pod-2-4, 1764938862984, 1764938866629, 3645
pause-pod-2-5, 1764938862989, 1764938866766, 3777
pause-pod-2-6, 1764938862994, 1764938866906, 3912
pause-pod-2-7, 1764938862997, 1764938867049, 4052
pause-pod-2-8, 1764938863002, 1764938867208, 4206
pause-pod-2-9, 1764938863005, 1764938867391, 4386
pause-pod-2-10, 1764938863008, 1764938867561, 4553
pause-pod-2-11, 1764938863017, 1764938867752, 4735
pause-pod-2-12, 1764938863024, 1764938867933, 4909
pause-pod-2-13, 1764938863028, 1764938868143, 5115
pause-pod-2-14, 1764938863035, 1764938868328, 5293
pause-pod-2-15, 1764938863039, 1764938868514, 5475
pause-pod-2-16, 1764938863045, 1764938868702, 5657
pause-pod-2-17, 1764938863047, 1764938868882, 5835
pause-pod-2-18, 1764938863060, 1764938869063, 6003
pause-pod-2-19, 1764938863064, 1764938869241, 6177
pause-pod-2-20, 1764938863068, 1764938869458, 6390
pause-pod-2-21, 1764938863071, 1764938869644, 6573
pause-pod-2-22, 1764938863075, 1764938869838, 6763
pause-pod-2-23, 1764938863077, 1764938870031, 6954
pause-pod-2-24, 1764938863086, 1764938870230, 7144
pause-pod-2-25, 1764938863091, 1764938870415, 7324
pause-pod-2-26, 1764938863098, 1764938870587, 7489
pause-pod-2-27, 1764938863102, 1764938870783, 7681
pause-pod-2-28, 1764938863106, 1764938870950, 7844
pause-pod-2-29, 1764938863110, 1764938871137, 8027
pause-pod-2-30, 1764938863119, 1764938871327, 8208
pause-pod-2-31, 1764938863126, 1764938871515, 8389
pause-pod-2-32, 1764938863139, 1764938871690, 8551
pause-pod-2-33, 1764938863144, 1764938871874, 8730
pause-pod-2-34, 1764938863161, 1764938872060, 8899
pause-pod-2-35, 1764938863179, 1764938872263, 9084
pause-pod-2-36, 1764938863196, 1764938872437, 9241
pause-pod-2-37, 1764938863205, 1764938872635, 9430
pause-pod-2-38, 1764938863220, 1764938872821, 9601
pause-pod-2-39, 1764938863231, 1764938873014, 9783
pause-pod-2-40, 1764938863243, 1764938873216, 9973
pause-pod-2-41, 1764938863264, 1764938873393, 10129
pause-pod-2-42, 1764938863284, 1764938873578, 10294
pause-pod-2-43, 1764938863306, 1764938873755, 10449
pause-pod-2-44, 1764938863320, 1764938873931, 10611
pause-pod-2-45, 1764938863337, 1764938874105, 10768
pause-pod-2-46, 1764938863379, 1764938874311, 10932
pause-pod-2-47, 1764938863405, 1764938874482, 11077
pause-pod-2-48, 1764938863436, 1764938874653, 11217
pause-pod-2-49, 1764938863460, 1764938874824, 11364
pause-pod-2-50, 1764938863493, 1764938874998, 11505
pause-pod-3-1, 1764938969766, 1764938972571, 2805
pause-pod-3-2, 1764938969772, 1764938972708, 2936
pause-pod-3-3, 1764938969777, 1764938972837, 3060
pause-pod-3-4, 1764938969782, 1764938972985, 3203
pause-pod-3-5, 1764938969787, 1764938973173, 3386
pause-pod-3-6, 1764938969792, 1764938973340, 3548
pause-pod-3-7, 1764938969795, 1764938973475, 3680
pause-pod-3-8, 1764938969798, 1764938973603, 3805
pause-pod-3-9, 1764938969803, 1764938973761, 3958
pause-pod-3-10, 1764938969807, 1764938973931, 4124
pause-pod-3-11, 1764938969811, 1764938974128, 4317
pause-pod-3-12, 1764938969816, 1764938974281, 4465
pause-pod-3-13, 1764938969822, 1764938974438, 4616
pause-pod-3-14, 1764938969826, 1764938974615, 4789
pause-pod-3-15, 1764938969830, 1764938974791, 4961
pause-pod-3-16, 1764938969836, 1764938974978, 5142
pause-pod-3-17, 1764938969845, 1764938975211, 5366
pause-pod-3-18, 1764938969850, 1764938975418, 5568
pause-pod-3-19, 1764938969858, 1764938975632, 5774
pause-pod-3-20, 1764938969863, 1764938975837, 5974
pause-pod-3-21, 1764938969869, 1764938976036, 6167
pause-pod-3-22, 1764938969875, 1764938976232, 6357
pause-pod-3-23, 1764938969885, 1764938976442, 6557
pause-pod-3-24, 1764938969894, 1764938976601, 6707
pause-pod-3-25, 1764938969904, 1764938976813, 6909
pause-pod-3-26, 1764938969912, 1764938977007, 7095
pause-pod-3-27, 1764938969922, 1764938977203, 7281
pause-pod-3-28, 1764938969934, 1764938977412, 7478
pause-pod-3-29, 1764938969938, 1764938977604, 7666
pause-pod-3-30, 1764938969954, 1764938977810, 7856
pause-pod-3-31, 1764938969964, 1764938977988, 8024
pause-pod-3-32, 1764938969972, 1764938978184, 8212
pause-pod-3-33, 1764938969982, 1764938978384, 8402
pause-pod-3-34, 1764938969995, 1764938978567, 8572
pause-pod-3-35, 1764938970009, 1764938978781, 8772
pause-pod-3-36, 1764938970023, 1764938979013, 8990
pause-pod-3-37, 1764938970035, 1764938979203, 9168
pause-pod-3-38, 1764938970044, 1764938979394, 9350
pause-pod-3-39, 1764938970057, 1764938979567, 9510
pause-pod-3-40, 1764938970080, 1764938979752, 9672
pause-pod-3-41, 1764938970092, 1764938979928, 9836
pause-pod-3-42, 1764938970095, 1764938980144, 10049
pause-pod-3-43, 1764938970113, 1764938980346, 10233
pause-pod-3-44, 1764938970126, 1764938980532, 10406
pause-pod-3-45, 1764938970140, 1764938980711, 10571
pause-pod-3-46, 1764938970211, 1764938980877, 10666
pause-pod-3-47, 1764938970235, 1764938981032, 10797
pause-pod-3-48, 1764938970259, 1764938981245, 10986
pause-pod-3-49, 1764938970288, 1764938981436, 11148
pause-pod-3-50, 1764938970314, 1764938981598, 11284
pause-pod-4-1, 1764939060176, 1764939062612, 2436
pause-pod-4-2, 1764939060182, 1764939063775, 3593
pause-pod-4-3, 1764939060186, 1764939063909, 3723
pause-pod-4-4, 1764939060189, 1764939064045, 3856
pause-pod-4-5, 1764939060194, 1764939064209, 4015
pause-pod-4-6, 1764939060199, 1764939064352, 4153
pause-pod-4-7, 1764939060201, 1764939064518, 4317
pause-pod-4-8, 1764939060204, 1764939064679, 4475
pause-pod-4-9, 1764939060207, 1764939064869, 4662
pause-pod-4-10, 1764939060210, 1764939065058, 4848
pause-pod-4-11, 1764939060214, 1764939065254, 5040
pause-pod-4-12, 1764939060220, 1764939065440, 5220
pause-pod-4-13, 1764939060222, 1764939065634, 5412
pause-pod-4-14, 1764939060228, 1764939065800, 5572
pause-pod-4-15, 1764939060232, 1764939065991, 5759
pause-pod-4-16, 1764939060235, 1764939066192, 5957
pause-pod-4-17, 1764939060244, 1764939066376, 6132
pause-pod-4-18, 1764939060252, 1764939066555, 6303
pause-pod-4-19, 1764939060259, 1764939066748, 6489
pause-pod-4-20, 1764939060267, 1764939066929, 6662
pause-pod-4-21, 1764939060284, 1764939067105, 6821
pause-pod-4-22, 1764939060288, 1764939067305, 7017
pause-pod-4-23, 1764939060314, 1764939067498, 7184
pause-pod-4-24, 1764939060328, 1764939067682, 7354
pause-pod-4-25, 1764939060336, 1764939067829, 7493
pause-pod-4-26, 1764939060343, 1764939068020, 7677
pause-pod-4-27, 1764939060347, 1764939068207, 7860
pause-pod-4-28, 1764939060352, 1764939068398, 8046
pause-pod-4-29, 1764939060357, 1764939068572, 8215
pause-pod-4-30, 1764939060360, 1764939068762, 8402
pause-pod-4-31, 1764939060370, 1764939068959, 8589
pause-pod-4-32, 1764939060383, 1764939069149, 8766
pause-pod-4-33, 1764939060403, 1764939069342, 8939
pause-pod-4-34, 1764939060411, 1764939069511, 9100
pause-pod-4-35, 1764939060429, 1764939069684, 9255
pause-pod-4-36, 1764939060446, 1764939069861, 9415
pause-pod-4-37, 1764939060454, 1764939070037, 9583
pause-pod-4-38, 1764939060473, 1764939070217, 9744
pause-pod-4-39, 1764939060490, 1764939070412, 9922
pause-pod-4-40, 1764939060498, 1764939070589, 10091
pause-pod-4-41, 1764939060519, 1764939070741, 10222
pause-pod-4-42, 1764939060536, 1764939070971, 10435
pause-pod-4-43, 1764939060549, 1764939071183, 10634
pause-pod-4-44, 1764939060570, 1764939071373, 10803
pause-pod-4-45, 1764939060598, 1764939071533, 10935
pause-pod-4-46, 1764939060613, 1764939071699, 11086
pause-pod-4-47, 1764939060617, 1764939071875, 11258
pause-pod-4-48, 1764939060635, 1764939072059, 11424
pause-pod-4-49, 1764939060669, 1764939072251, 11582
pause-pod-4-50, 1764939060693, 1764939072421, 11728
pause-pod-5-1, 1764939150845, 1764939153638, 2793
pause-pod-5-2, 1764939150849, 1764939153790, 2941
pause-pod-5-3, 1764939150853, 1764939153924, 3071
pause-pod-5-4, 1764939150856, 1764939154053, 3197
pause-pod-5-5, 1764939150859, 1764939154202, 3343
pause-pod-5-6, 1764939150862, 1764939154340, 3478
pause-pod-5-7, 1764939150865, 1764939154505, 3640
pause-pod-5-8, 1764939150867, 1764939154668, 3801
pause-pod-5-9, 1764939150870, 1764939154806, 3936
pause-pod-5-10, 1764939150874, 1764939154941, 4067
pause-pod-5-11, 1764939150877, 1764939155102, 4225
pause-pod-5-12, 1764939150887, 1764939155272, 4385
pause-pod-5-13, 1764939150894, 1764939155438, 4544
pause-pod-5-14, 1764939150896, 1764939155605, 4709
pause-pod-5-15, 1764939150902, 1764939155776, 4874
pause-pod-5-16, 1764939150906, 1764939155972, 5066
pause-pod-5-17, 1764939150911, 1764939156149, 5238
pause-pod-5-18, 1764939150916, 1764939156334, 5418
pause-pod-5-19, 1764939150923, 1764939156532, 5609
pause-pod-5-20, 1764939150937, 1764939156701, 5764
pause-pod-5-21, 1764939150948, 1764939156870, 5922
pause-pod-5-22, 1764939150954, 1764939157068, 6114
pause-pod-5-23, 1764939150960, 1764939157252, 6292
pause-pod-5-24, 1764939150967, 1764939157452, 6485
pause-pod-5-25, 1764939150974, 1764939157635, 6661
pause-pod-5-26, 1764939150977, 1764939157816, 6839
pause-pod-5-27, 1764939150987, 1764939158010, 7023
pause-pod-5-28, 1764939150996, 1764939158201, 7205
pause-pod-5-29, 1764939151001, 1764939158381, 7380
pause-pod-5-30, 1764939151018, 1764939158551, 7533
pause-pod-5-31, 1764939151025, 1764939158733, 7708
pause-pod-5-32, 1764939151039, 1764939158911, 7872
pause-pod-5-33, 1764939151052, 1764939159073, 8021
pause-pod-5-34, 1764939151063, 1764939159250, 8187
pause-pod-5-35, 1764939151069, 1764939159426, 8357
pause-pod-5-36, 1764939151085, 1764939159574, 8489
pause-pod-5-37, 1764939151098, 1764939159766, 8668
pause-pod-5-38, 1764939151110, 1764939159957, 8847
pause-pod-5-39, 1764939151123, 1764939160144, 9021
pause-pod-5-40, 1764939151136, 1764939160348, 9212
pause-pod-5-41, 1764939151151, 1764939160540, 9389
pause-pod-5-42, 1764939151164, 1764939160713, 9549
pause-pod-5-43, 1764939151177, 1764939160867, 9690
pause-pod-5-44, 1764939151187, 1764939161046, 9859
pause-pod-5-45, 1764939151195, 1764939161228, 10033
pause-pod-5-46, 1764939151212, 1764939161408, 10196
pause-pod-5-47, 1764939151229, 1764939161616, 10387
pause-pod-5-48, 1764939151245, 1764939161794, 10549
pause-pod-5-49, 1764939151258, 1764939161961, 10703
pause-pod-5-50, 1764939151277, 1764939162164, 10887
pause-pod-6-1, 1764939240227, 1764939243058, 2831
pause-pod-6-2, 1764939240231, 1764939243299, 3068
pause-pod-6-3, 1764939240235, 1764939243440, 3205
pause-pod-6-4, 1764939240240, 1764939243597, 3357
pause-pod-6-5, 1764939240243, 1764939244161, 3918
pause-pod-6-6, 1764939240246, 1764939244305, 4059
pause-pod-6-7, 1764939240249, 1764939244444, 4195
pause-pod-6-8, 1764939240254, 1764939244594, 4340
pause-pod-6-9, 1764939240256, 1764939244743, 4487
pause-pod-6-10, 1764939240261, 1764939244920, 4659
pause-pod-6-11, 1764939240263, 1764939245123, 4860
pause-pod-6-12, 1764939240270, 1764939245308, 5038
pause-pod-6-13, 1764939240280, 1764939245501, 5221
pause-pod-6-14, 1764939240283, 1764939245696, 5413
pause-pod-6-15, 1764939240287, 1764939245883, 5596
pause-pod-6-16, 1764939240293, 1764939246070, 5777
pause-pod-6-17, 1764939240305, 1764939246258, 5953
pause-pod-6-18, 1764939240310, 1764939246444, 6134
pause-pod-6-19, 1764939240320, 1764939246625, 6305
pause-pod-6-20, 1764939240327, 1764939246791, 6464
pause-pod-6-21, 1764939240335, 1764939246952, 6617
pause-pod-6-22, 1764939240347, 1764939247122, 6775
pause-pod-6-23, 1764939240354, 1764939247280, 6926
pause-pod-6-24, 1764939240367, 1764939247450, 7083
pause-pod-6-25, 1764939240373, 1764939247618, 7245
pause-pod-6-26, 1764939240394, 1764939247808, 7414
pause-pod-6-27, 1764939240403, 1764939247987, 7584
pause-pod-6-28, 1764939240414, 1764939248168, 7754
pause-pod-6-29, 1764939240440, 1764939248379, 7939
pause-pod-6-30, 1764939240447, 1764939248562, 8115
pause-pod-6-31, 1764939240457, 1764939248746, 8289
pause-pod-6-32, 1764939240466, 1764939248912, 8446
pause-pod-6-33, 1764939240474, 1764939249099, 8625
pause-pod-6-34, 1764939240487, 1764939249278, 8791
pause-pod-6-35, 1764939240503, 1764939249453, 8950
pause-pod-6-36, 1764939240519, 1764939249601, 9082
pause-pod-6-37, 1764939240535, 1764939249793, 9258
pause-pod-6-38, 1764939240568, 1764939249970, 9402
pause-pod-6-39, 1764939240596, 1764939250159, 9563
pause-pod-6-40, 1764939240615, 1764939250327, 9712
pause-pod-6-41, 1764939240643, 1764939250516, 9873
pause-pod-6-42, 1764939240665, 1764939250687, 10022
pause-pod-6-43, 1764939240686, 1764939250857, 10171
pause-pod-6-44, 1764939240695, 1764939251042, 10347
pause-pod-6-45, 1764939240713, 1764939251220, 10507
pause-pod-6-46, 1764939240729, 1764939251413, 10684
pause-pod-6-47, 1764939240759, 1764939251565, 10806
pause-pod-6-48, 1764939240770, 1764939251729, 10959
pause-pod-6-49, 1764939240786, 1764939251919, 11133
pause-pod-6-50, 1764939240842, 1764939252103, 11261
