Pod Name, Creation Timestamp, Ready Timestamp, Latency (milliseconds)
pause-pod-1-1, 1764938754779, 1764938758893, 4114
pause-pod-1-2, 1764938754782, 1764938759190, 4408
pause-pod-1-3, 1764938754785, 1764938759460, 4675
pause-pod-1-4, 1764938754787, 1764938759710, 4923
pause-pod-1-5, 1764938754790, 1764938759974, 5184
pause-pod-1-6, 1764938754793, 1764938760259, 5466
pause-pod-1-7, 1764938754795, 1764938760534, 5739
pause-pod-1-8, 1764938754799, 1764938760785, 5986
pause-pod-1-9, 1764938754803, 1764938761037, 6234
pause-pod-1-10, 1764938754807, 1764938761305, 6498
pause-pod-1-11, 1764938754814, 1764938761589, 6775
pause-pod-1-12, 1764938754817, 1764938761882, 7065
pause-pod-1-13, 1764938754831, 1764938762146, 7315
pause-pod-1-14, 1764938754838, 1764938762414, 7576
pause-pod-1-15, 1764938754847, 1764938762690, 7843
pause-pod-1-16, 1764938754852, 1764938762954, 8102
pause-pod-1-17, 1764938754858, 1764938763248, 8390
pause-pod-1-18, 1764938754867, 1764938763532, 8665
pause-pod-1-19, 1764938754872, 1764938763808, 8936
pause-pod-1-20, 1764938754877, 1764938764092, 9215
pause-pod-1-21, 1764938754889, 1764938764343, 9454
pause-pod-1-22, 1764938754902, 1764938764620, 9718
pause-pod-1-23, 1764938754910, 1764938764909, 9999
pause-pod-1-24, 1764938754916, 1764938765197, 10281
pause-pod-1-25, 1764938754924, 1764938765485, 10561
pause-pod-1-26, 1764938754950, 1764938765753, 10803
pause-pod-1-27, 1764938754957, 1764938766039, 11082
pause-pod-1-28, 1764938754966, 1764938766339, 11373
pause-pod-1-29, 1764938754975, 1764938766635, 11660
pause-pod-1-30, 1764938754982, 1764938766917, 11935
pause-pod-1-31, 1764938754992, 1764938767204, 12212
pause-pod-1-32, 1764938754997, 1764938767483, 12486
pause-pod-1-33, 1764938755005, 1764938767779, 12774
pause-pod-1-34, 1764938755024, 1764938768061, 13037
pause-pod-1-35, 1764938755029, 1764938768374, 13345
pause-pod-1-36, 1764938755050, 1764938768667, 13617
pause-pod-1-37, 1764938755060, 1764938768958, 13898
pause-pod-1-38, 1764938755077, 1764938769249, 14172
pause-pod-1-39, 1764938755097, 1764938769542, 14445
pause-pod-1-40, 1764938755121, 1764938769846, 14725
pause-pod-1-41, 1764938755134, 1764938770121, 14987
pause-pod-1-42, 1764938755149, 1764938770432, 15283
pause-pod-1-43, 1764938755160, 1764938770698, 15538
pause-pod-1-44, 1764938755171, 1764938770963, 15792
pause-pod-1-45, 1764938755189, 1764938771239, 16050
pause-pod-1-46, 1764938755226, 1764938771510, 16284
pause-pod-1-47, 1764938755255, 1764938771764, 16509
pause-pod-1-48, 1764938755281, 1764938772057, 16776
pause-pod-1-49, 1764938755317, 1764938772336, 17019
pause-pod-1-50, 1764938755351, 1764938772631, 17280
pause-pod-2-1, 1764938844633, 1764938849037, 4404
pause-pod-2-2, 1764938844638, 1764938849334, 4696
pause-pod-2-3, 1764938844643, 1764938849577, 4934
pause-pod-2-4, 1764938844646, 1764938849829, 5183
pause-pod-2-5, 1764938844648, 1764938850092, 5444
pause-pod-2-6, 1764938844651, 1764938850365, 5714
pause-pod-2-7, 1764938844653, 1764938850648, 5995
pause-pod-2-8, 1764938844656, 1764938850920, 6264
pause-pod-2-9, 1764938844658, 1764938851214, 6556
pause-pod-2-10, 1764938844661, 1764938851499, 6838
pause-pod-2-11, 1764938844666, 1764938851797, 7131
pause-pod-2-12, 1764938844673, 1764938852082, 7409
pause-pod-2-13, 1764938844677, 1764938852378, 7701
pause-pod-2-14, 1764938844685, 1764938852670, 7985
pause-pod-2-15, 1764938844695, 1764938852947, 8252
pause-pod-2-16, 1764938844711, 1764938853239, 8528
pause-pod-2-17, 1764938844715, 1764938853516, 8801
pause-pod-2-18, 1764938844725, 1764938853803, 9078
pause-pod-2-19, 1764938844730, 1764938854079, 9349
pause-pod-2-20, 1764938844740, 1764938854325, 9585
pause-pod-2-21, 1764938844748, 1764938854581, 9833
pause-pod-2-22, 1764938844752, 1764938854854, 10102
pause-pod-2-23, 1764938844763, 1764938855145, 10382
pause-pod-2-24, 1764938844777, 1764938855427, 10650
pause-pod-2-25, 1764938844792, 1764938855701, 10909
pause-pod-2-26, 1764938844806, 1764938855969, 11163
pause-pod-2-27, 1764938844812, 1764938856282, 11470
pause-pod-2-28, 1764938844822, 1764938856565, 11743
pause-pod-2-29, 1764938844826, 1764938856856, 12030
pause-pod-2-30, 1764938844841, 1764938857143, 12302
pause-pod-2-31, 1764938844847, 1764938857436, 12589
pause-pod-2-32, 1764938844862, 1764938857716, 12854
pause-pod-2-33, 1764938844891, 1764938858022, 13131
pause-pod-2-34, 1764938844904, 1764938858306, 13402
pause-pod-2-35, 1764938844909, 1764938858575, 13666
pause-pod-2-36, 1764938844928, 1764938858853, 13925
pause-pod-2-37, 1764938844942, 1764938859137, 14195
pause-pod-2-38, 1764938844959, 1764938859413, 14454
pause-pod-2-39, 1764938844980, 1764938859664, 14684
pause-pod-2-40, 1764938844995, 1764938859957, 14962
pause-pod-2-41, 1764938845003, 1764938860249, 15246
pause-pod-2-42, 1764938845018, 1764938860530, 15512
pause-pod-2-43, 1764938845031, 1764938860790, 15759
pause-pod-2-44, 1764938845039, 1764938861052, 16013
pause-pod-2-45, 1764938845057, 1764938861339, 16282
pause-pod-2-46, 1764938845079, 1764938861610, 16531
pause-pod-2-47, 1764938845101, 1764938861875, 16774
pause-pod-2-48, 1764938845114, 1764938862164, 17050
pause-pod-2-49, 1764938845141, 1764938862453, 17312
pause-pod-2-50, 1764938845146, 1764938862732, 17586
pause-pod-3-1, 1764938935039, 1764938943258, 8219
pause-pod-3-2, 1764938935046, 1764938943504, 8458
pause-pod-3-3, 1764938935050, 1764938943794, 8744
pause-pod-3-4, 1764938935053, 1764938944063, 9010
pause-pod-3-5, 1764938935057, 1764938956480, 21423
pause-pod-3-6, 1764938935062, 1764938956718, 21656
pause-pod-3-7, 1764938935068, 1764938956995, 21927
pause-pod-3-8, 1764938935072, 1764938957247, 22175
pause-pod-3-9, 1764938935076, 1764938957531, 22455
pause-pod-3-10, 1764938935082, 1764938957812, 22730
pause-pod-3-11, 1764938935086, 1764938958143, 23057
pause-pod-3-12, 1764938935094, 1764938958442, 23348
pause-pod-3-13, 1764938935103, 1764938958732, 23629
pause-pod-3-14, 1764938935112, 1764938959018, 23906
pause-pod-3-15, 1764938935120, 1764938959312, 24192
pause-pod-3-16, 1764938935130, 1764938959636, 24506
pause-pod-3-17, 1764938935135, 1764938959948, 24813
pause-pod-3-18, 1764938935143, 1764938960233, 25090
pause-pod-3-19, 1764938935155, 1764938960536, 25381
pause-pod-3-20, 1764938935160, 1764938960787, 25627
pause-pod-3-21, 1764938935170, 1764938961110, 25940
pause-pod-3-22, 1764938935193, 1764938961411, 26218
pause-pod-3-23, 1764938935206, 1764938961712, 26506
pause-pod-3-24, 1764938935227, 1764938962004, 26777
pause-pod-3-25, 1764938935254, 1764938962314, 27060
pause-pod-3-26, 1764938935271, 1764938962617, 27346
pause-pod-3-27, 1764938935273, 1764938962912, 27639
pause-pod-3-28, 1764938935288, 1764938963202, 27914
pause-pod-3-29, 1764938935300, 1764938963511, 28211
pause-pod-3-30, 1764938935328, 1764938963814, 28486
pause-pod-3-31, 1764938935335, 1764938964107, 28772
pause-pod-3-32, 1764938935341, 1764938964406, 29065
pause-pod-3-33, 1764938935361, 1764938964653, 29292
pause-pod-3-34, 1764938935366, 1764938964955, 29589
pause-pod-3-35, 1764938935386, 1764938965227, 29841
pause-pod-3-36, 1764938935407, 1764938965469, 30062
pause-pod-3-37, 1764938935413, 1764938965740, 30327
pause-pod-3-38, 1764938935432, 1764938966030, 30598
pause-pod-3-39, 1764938935443, 1764938966344, 30901
pause-pod-3-40, 1764938935450, 1764938966608, 31158
pause-pod-3-41, 1764938935466, 1764938966894, 31428
pause-pod-3-42, 1764938935470, 1764938967179, 31709
pause-pod-3-43, 1764938935490, 1764938967462, 31972
pause-pod-3-44, 1764938935498, 1764938967735, 32237
pause-pod-3-45, 1764938935503, 1764938968000, 32497
pause-pod-3-46, 1764938935519, 1764938968309, 32790
pause-pod-3-47, 1764938935526, 1764938968612, 33086
pause-pod-3-48, 1764938935532, 1764938968915, 33383
pause-pod-3-49, 1764938935547, 1764938969216, 33669
pause-pod-3-50, 1764938935559, 1764938969515, 33956
pause-pod-4-1, 1764939041636, 1764939045602, 3966
pause-pod-4-2, 1764939041643, 1764939046146, 4503
pause-pod-4-3, 1764939041648, 1764939046450, 4802
pause-pod-4-4, 1764939041652, 1764939046781, 5129
pause-pod-4-5, 1764939041655, 1764939047024, 5369
pause-pod-4-6, 1764939041661, 1764939047292, 5631
pause-pod-4-7, 1764939041665, 1764939047562, 5897
pause-pod-4-8, 1764939041668, 1764939047842, 6174
pause-pod-4-9, 1764939041674, 1764939048142, 6468
pause-pod-4-10, 1764939041682, 1764939048442, 6760
pause-pod-4-11, 1764939041687, 1764939048719, 7032
pause-pod-4-12, 1764939041692, 1764939049013, 7321
pause-pod-4-13, 1764939041696, 1764939049299, 7603
pause-pod-4-14, 1764939041701, 1764939049581, 7880
pause-pod-4-15, 1764939041707, 1764939049861, 8154
pause-pod-4-16, 1764939041716, 1764939050160, 8444
pause-pod-4-17, 1764939041731, 1764939050448, 8717
pause-pod-4-18, 1764939041734, 1764939050728, 8994
pause-pod-4-19, 1764939041739, 1764939051010, 9271
pause-pod-4-20, 1764939041754, 1764939051304, 9550
pause-pod-4-21, 1764939041766, 1764939051581, 9815
pause-pod-4-22, 1764939041786, 1764939051861, 10075
pause-pod-4-23, 1764939041790, 1764939052153, 10363
pause-pod-4-24, 1764939041799, 1764939052456, 10657
pause-pod-4-25, 1764939041814, 1764939052744, 10930
pause-pod-4-26, 1764939041838, 1764939053034, 11196
pause-pod-4-27, 1764939041846, 1764939053306, 11460
pause-pod-4-28, 1764939041852, 1764939053601, 11749
pause-pod-4-29, 1764939041862, 1764939053881, 12019
pause-pod-4-30, 1764939041867, 1764939054177, 12310
pause-pod-4-31, 1764939041881, 1764939054472, 12591
pause-pod-4-32, 1764939041891, 1764939054739, 12848
pause-pod-4-33, 1764939041909, 1764939055031, 13122
pause-pod-4-34, 1764939041925, 1764939055321, 13396
pause-pod-4-35, 1764939041941, 1764939055600, 13659
pause-pod-4-36, 1764939041963, 1764939055898, 13935
pause-pod-4-37, 1764939041979, 1764939056181, 14202
pause-pod-4-38, 1764939041984, 1764939056476, 14492
pause-pod-4-39, 1764939042005, 1764939056754, 14749
pause-pod-4-40, 1764939042015, 1764939057045, 15030
pause-pod-4-41, 1764939042036, 1764939057338, 15302
pause-pod-4-42, 1764939042042, 1764939057609, 15567
pause-pod-4-43, 1764939042051, 1764939057883, 15832
pause-pod-4-44, 1764939042064, 1764939058161, 16097
pause-pod-4-45, 1764939042090, 1764939058467, 16377
pause-pod-4-46, 1764939042110, 1764939058768, 16658
pause-pod-4-47, 1764939042127, 1764939059062, 16935
pause-pod-4-48, 1764939042146, 1764939059365, 17219
pause-pod-4-49, 1764939042153, 1764939059658, 17505
pause-pod-4-50, 1764939042175, 1764939059935, 17760
pause-pod-5-1, 1764939132463, 1764939136893, 4430
pause-pod-5-2, 1764939132469, 1764939137154, 4685
pause-pod-5-3, 1764939132473, 1764939137413, 4940
pause-pod-5-4, 1764939132477, 1764939137685, 5208
pause-pod-5-5, 1764939132481, 1764939137967, 5486
pause-pod-5-6, 1764939132483, 1764939138237, 5754
pause-pod-5-7, 1764939132486, 1764939138507, 6021
pause-pod-5-8, 1764939132491, 1764939138767, 6276
pause-pod-5-9, 1764939132495, 1764939139040, 6545
pause-pod-5-10, 1764939132500, 1764939139329, 6829
pause-pod-5-11, 1764939132506, 1764939139614, 7108
pause-pod-5-12, 1764939132511, 1764939139892, 7381
pause-pod-5-13, 1764939132515, 1764939140189, 7674
pause-pod-5-14, 1764939132520, 1764939140470, 7950
pause-pod-5-15, 1764939132529, 1764939140757, 8228
pause-pod-5-16, 1764939132539, 1764939141048, 8509
pause-pod-5-17, 1764939132544, 1764939141344, 8800
pause-pod-5-18, 1764939132551, 1764939141620, 9069
pause-pod-5-19, 1764939132558, 1764939141894, 9336
pause-pod-5-20, 1764939132571, 1764939142191, 9620
pause-pod-5-21, 1764939132587, 1764939142471, 9884
pause-pod-5-22, 1764939132598, 1764939142767, 10169
pause-pod-5-23, 1764939132606, 1764939143047, 10441
pause-pod-5-24, 1764939132611, 1764939143338, 10727
pause-pod-5-25, 1764939132627, 1764939143623, 10996
pause-pod-5-26, 1764939132643, 1764939143889, 11246
pause-pod-5-27, 1764939132665, 1764939144187, 11522
pause-pod-5-28, 1764939132679, 1764939144466, 11787
pause-pod-5-29, 1764939132694, 1764939144718, 12024
pause-pod-5-30, 1764939132703, 1764939144994, 12291
pause-pod-5-31, 1764939132711, 1764939145257, 12546
pause-pod-5-32, 1764939132717, 1764939145511, 12794
pause-pod-5-33, 1764939132738, 1764939145784, 13046
pause-pod-5-34, 1764939132747, 1764939146079, 13332
pause-pod-5-35, 1764939132769, 1764939146356, 13587
pause-pod-5-36, 1764939132787, 1764939146656, 13869
pause-pod-5-37, 1764939132814, 1764939146928, 14114
pause-pod-5-38, 1764939132825, 1764939147212, 14387
pause-pod-5-39, 1764939132847, 1764939147482, 14635
pause-pod-5-40, 1764939132870, 1764939147762, 14892
pause-pod-5-41, 1764939132877, 1764939148042, 15165
pause-pod-5-42, 1764939132915, 1764939148340, 15425
pause-pod-5-43, 1764939132920, 1764939148628, 15708
pause-pod-5-44, 1764939132937, 1764939148911, 15974
pause-pod-5-45, 1764939132964, 1764939149195, 16231
pause-pod-5-46, 1764939132979, 1764939149489, 16510
pause-pod-5-47, 1764939132990, 1764939149773, 16783
pause-pod-5-48, 1764939133001, 1764939150063, 17062
pause-pod-5-49, 1764939133026, 1764939150347, 17321
pause-pod-5-50, 1764939133061, 1764939150640, 17579
pause-pod-6-1, 1764939222202, 1764939226454, 4252
pause-pod-6-2, 1764939222209, 1764939226741, 4532
pause-pod-6-3, 1764939222214, 1764939226997, 4783
pause-pod-6-4, 1764939222217, 1764939227251, 5034
pause-pod-6-5, 1764939222220, 1764939227503, 5283
pause-pod-6-6, 1764939222223, 1764939227769, 5546
pause-pod-6-7, 1764939222225, 1764939228018, 5793
pause-pod-6-8, 1764939222228, 1764939228293, 6065
pause-pod-6-9, 1764939222232, 1764939228574, 6342
pause-pod-6-10, 1764939222240, 1764939228862, 6622
pause-pod-6-11, 1764939222243, 1764939229134, 6891
pause-pod-6-12, 1764939222251, 1764939229420, 7169
pause-pod-6-13, 1764939222257, 1764939229699, 7442
pause-pod-6-14, 1764939222261, 1764939229970, 7709
pause-pod-6-15, 1764939222273, 1764939230241, 7968
pause-pod-6-16, 1764939222279, 1764939230507, 8228
pause-pod-6-17, 1764939222287, 1764939230783, 8496
pause-pod-6-18, 1764939222294, 1764939231070, 8776
pause-pod-6-19, 1764939222303, 1764939231352, 9049
pause-pod-6-20, 1764939222310, 1764939231633, 9323
pause-pod-6-21, 1764939222319, 1764939231915, 9596
pause-pod-6-22, 1764939222334, 1764939232192, 9858
pause-pod-6-23, 1764939222346, 1764939232477, 10131
pause-pod-6-24, 1764939222353, 1764939232773, 10420
pause-pod-6-25, 1764939222368, 1764939233051, 10683
pause-pod-6-26, 1764939222374, 1764939233356, 10982
pause-pod-6-27, 1764939222382, 1764939233643, 11261
pause-pod-6-28, 1764939222403, 1764939233918, 11515
pause-pod-6-29, 1764939222411, 1764939234189, 11778
pause-pod-6-30, 1764939222440, 1764939234459, 12019
pause-pod-6-31, 1764939222448, 1764939234721, 12273
pause-pod-6-32, 1764939222460, 1764939235006, 12546
pause-pod-6-33, 1764939222474, 1764939235271, 12797
pause-pod-6-34, 1764939222489, 1764939235523, 13034
pause-pod-6-35, 1764939222505, 1764939235795, 13290
pause-pod-6-36, 1764939222515, 1764939236071, 13556
pause-pod-6-37, 1764939222536, 1764939236343, 13807
pause-pod-6-38, 1764939222551, 1764939236617, 14066
pause-pod-6-39, 1764939222568, 1764939236918, 14350
pause-pod-6-40, 1764939222587, 1764939237187, 14600
pause-pod-6-41, 1764939222597, 1764939237455, 14858
pause-pod-6-42, 1764939222625, 1764939237717, 15092
pause-pod-6-43, 1764939222645, 1764939237984, 15339
pause-pod-6-44, 1764939222657, 1764939238271, 15614
pause-pod-6-45, 1764939222679, 1764939238566, 15887
pause-pod-6-46, 1764939222699, 1764939238844, 16145
pause-pod-6-47, 1764939222711, 1764939239116, 16405
pause-pod-6-48, 1764939222727, 1764939239407, 16680
pause-pod-6-49, 1764939222731, 1764939239699, 16968
pause-pod-6-50, 1764939222753, 1764939239991, 17238
