Pod Name, Creation Timestamp, Ready Timestamp, Latency (milliseconds)
pause-pod-1-1, 1764940046154, 1764940056104, 9950
pause-pod-1-2, 1764940046161, 1764940056530, 10369
pause-pod-1-3, 1764940046168, 1764940056987, 10819
pause-pod-1-4, 1764940046174, 1764940058152, 11978
pause-pod-1-5, 1764940046178, 1764940058417, 12239
pause-pod-1-6, 1764940046181, 1764940058664, 12483
pause-pod-1-7, 1764940046184, 1764940058934, 12750
pause-pod-1-8, 1764940046189, 1764940059173, 12984
pause-pod-1-9, 1764940046193, 1764940059440, 13247
pause-pod-1-10, 1764940046197, 1764940059683, 13486
pause-pod-1-11, 1764940046204, 1764940059932, 13728
pause-pod-1-12, 1764940046214, 1764940060187, 13973
pause-pod-1-13, 1764940046219, 1764940060448, 14229
pause-pod-1-14, 1764940046227, 1764940060709, 14482
pause-pod-1-15, 1764940046231, 1764940060960, 14729
pause-pod-1-16, 1764940046236, 1764940061228, 14992
pause-pod-1-17, 1764940046246, 1764940061479, 15233
pause-pod-1-18, 1764940046253, 1764940061736, 15483
pause-pod-1-19, 1764940046260, 1764940062011, 15751
pause-pod-1-20, 1764940046275, 1764940062307, 16032
pause-pod-1-21, 1764940046285, 1764940062587, 16302
pause-pod-1-22, 1764940046292, 1764940062855, 16563
pause-pod-1-23, 1764940046300, 1764940063145, 16845
pause-pod-1-24, 1764940046311, 1764940063428, 17117
pause-pod-1-25, 1764940046317, 1764940063684, 17367
pause-pod-1-26, 1764940046342, 1764940063952, 17610
pause-pod-1-27, 1764940046354, 1764940064250, 17896
pause-pod-1-28, 1764940046364, 1764940064542, 18178
pause-pod-1-29, 1764940046372, 1764940064817, 18445
pause-pod-1-30, 1764940046382, 1764940065099, 18717
pause-pod-1-31, 1764940046399, 1764940065396, 18997
pause-pod-1-32, 1764940046425, 1764940065694, 19269
pause-pod-1-33, 1764940046431, 1764940065970, 19539
pause-pod-1-34, 1764940046446, 1764940066260, 19814
pause-pod-1-35, 1764940046455, 1764940066572, 20117
pause-pod-1-36, 1764940046480, 1764940066863, 20383
pause-pod-1-37, 1764940046508, 1764940067150, 20642
pause-pod-1-38, 1764940046515, 1764940067440, 20925
pause-pod-1-39, 1764940046530, 1764940067721, 21191
pause-pod-1-40, 1764940046558, 1764940067997, 21439
pause-pod-1-41, 1764940046584, 1764940068280, 21696
pause-pod-1-42, 1764940046596, 1764940068557, 21961
pause-pod-1-43, 1764940046619, 1764940068848, 22229
pause-pod-1-44, 1764940046633, 1764940069139, 22506
pause-pod-1-45, 1764940046651, 1764940069446, 22795
pause-pod-1-46, 1764940046675, 1764940069753, 23078
pause-pod-1-47, 1764940046709, 1764940070040, 23331
pause-pod-1-48, 1764940046732, 1764940070345, 23613
pause-pod-1-49, 1764940046743, 1764940070632, 23889
pause-pod-1-50, 1764940046747, 1764940070933, 24186
pause-pod-1-51, 1764940046762, 1764940071244, 24482
pause-pod-1-52, 1764940046791, 1764940071507, 24716
pause-pod-1-53, 1764940046809, 1764940071812, 25003
pause-pod-1-54, 1764940046841, 1764940072106, 25265
pause-pod-1-55, 1764940046856, 1764940072395, 25539
pause-pod-1-56, 1764940046885, 1764940072673, 25788
pause-pod-1-57, 1764940046909, 1764940072968, 26059
pause-pod-1-58, 1764940046926, 1764940073259, 26333
pause-pod-1-59, 1764940046945, 1764940073531, 26586
pause-pod-1-60, 1764940046956, 1764940073814, 26858
pause-pod-1-61, 1764940046974, 1764940074094, 27120
pause-pod-1-62, 1764940046988, 1764940074366, 27378
pause-pod-1-63, 1764940047003, 1764940074627, 27624
pause-pod-1-64, 1764940047057, 1764940074904, 27847
pause-pod-1-65, 1764940047100, 1764940075189, 28089
pause-pod-1-66, 1764940047136, 1764940075442, 28306
pause-pod-1-67, 1764940047159, 1764940075709, 28550
pause-pod-1-68, 1764940047239, 1764940075991, 28752
pause-pod-1-69, 1764940047258, 1764940076270, 29012
pause-pod-1-70, 1764940047273, 1764940076563, 29290
pause-pod-1-71, 1764940047290, 1764940076849, 29559
pause-pod-1-72, 1764940047331, 1764940077123, 29792
pause-pod-1-73, 1764940047352, 1764940077410, 30058
pause-pod-1-74, 1764940047390, 1764940077690, 30300
pause-pod-1-75, 1764940047443, 1764940077958, 30515
pause-pod-1-76, 1764940047570, 1764940078251, 30681
pause-pod-1-77, 1764940047597, 1764940078504, 30907
pause-pod-1-78, 1764940047613, 1764940078800, 31187
pause-pod-1-79, 1764940047686, 1764940079086, 31400
pause-pod-1-80, 1764940047738, 1764940079367, 31629
pause-pod-1-81, 1764940047773, 1764940079649, 31876
pause-pod-1-82, 1764940047874, 1764940079957, 32083
pause-pod-1-83, 1764940047898, 1764940080237, 32339
pause-pod-1-84, 1764940047970, 1764940080526, 32556
pause-pod-1-85, 1764940047984, 1764940080811, 32827
pause-pod-1-86, 1764940047997, 1764940081092, 33095
pause-pod-1-87, 1764940048102, 1764940081375, 33273
pause-pod-1-88, 1764940048137, 1764940081677, 33540
pause-pod-1-89, 1764940048200, 1764940081972, 33772
pause-pod-1-90, 1764940048236, 1764940082261, 34025
pause-pod-1-91, 1764940048281, 1764940082535, 34254
pause-pod-1-92, 1764940048415, 1764940082809, 34394
pause-pod-1-93, 1764940048438, 1764940083127, 34689
pause-pod-1-94, 1764940048456, 1764940083421, 34965
pause-pod-1-95, 1764940048547, 1764940083706, 35159
pause-pod-1-96, 1764940048598, 1764940083983, 35385
pause-pod-1-97, 1764940048669, 1764940084261, 35592
pause-pod-1-98, 1764940048682, 1764940084507, 35825
pause-pod-1-99, 1764940048737, 1764940084784, 36047
pause-pod-1-100, 1764940048786, 1764940085079, 36293
pause-pod-1-101, 1764940048877, 1764940085360, 36483
pause-pod-1-102, 1764940048922, 1764940085630, 36708
pause-pod-1-103, 1764940048988, 1764940085907, 36919
pause-pod-1-104, 1764940049059, 1764940086205, 37146
pause-pod-1-105, 1764940049116, 1764940086488, 37372
pause-pod-1-106, 1764940049180, 1764940086771, 37591
pause-pod-1-107, 1764940049384, 1764940087042, 37658
pause-pod-1-108, 1764940049471, 1764940087314, 37843
pause-pod-1-109, 1764940049559, 1764940087604, 38045
pause-pod-1-110, 1764940049612, 1764940087889, 38277
pause-pod-1-111, 1764940049696, 1764940088189, 38493
pause-pod-1-112, 1764940049763, 1764940088481, 38718
pause-pod-1-113, 1764940049795, 1764940088731, 38936
pause-pod-1-114, 1764940049895, 1764940089026, 39131
pause-pod-1-115, 1764940049962, 1764940089324, 39362
pause-pod-1-116, 1764940050021, 1764940089593, 39572
pause-pod-1-117, 1764940050044, 1764940089872, 39828
pause-pod-1-118, 1764940050062, 1764940090163, 40101
pause-pod-1-119, 1764940050115, 1764940090457, 40342
pause-pod-1-120, 1764940050209, 1764940090744, 40535
pause-pod-1-121, 1764940050264, 1764940091003, 40739
pause-pod-1-122, 1764940050363, 1764940091266, 40903
pause-pod-1-123, 1764940050526, 1764940091527, 41001
pause-pod-1-124, 1764940050533, 1764940091795, 41262
pause-pod-1-125, 1764940050644, 1764940092098, 41454
pause-pod-1-126, 1764940050674, 1764940092386, 41712
pause-pod-1-127, 1764940050683, 1764940092674, 41991
pause-pod-1-128, 1764940050756, 1764940092935, 42179
pause-pod-1-129, 1764940050810, 1764940093231, 42421
pause-pod-1-130, 1764940050826, 1764940093490, 42664
pause-pod-1-131, 1764940050910, 1764940093764, 42854
pause-pod-1-132, 1764940050915, 1764940094044, 43129
pause-pod-1-133, 1764940050961, 1764940094332, 43371
pause-pod-1-134, 1764940050991, 1764940094619, 43628
pause-pod-1-135, 1764940051144, 1764940094893, 43749
pause-pod-1-136, 1764940051196, 1764940095185, 43989
pause-pod-1-137, 1764940051253, 1764940095480, 44227
pause-pod-1-138, 1764940051296, 1764940095768, 44472
pause-pod-1-139, 1764940051357, 1764940096039, 44682
pause-pod-1-140, 1764940051465, 1764940096324, 44859
pause-pod-1-141, 1764940051481, 1764940096621, 45140
pause-pod-1-142, 1764940051564, 1764940096903, 45339
pause-pod-1-143, 1764940051689, 1764940097187, 45498
pause-pod-1-144, 1764940051860, 1764940097477, 45617
pause-pod-1-145, 1764940051949, 1764940097760, 45811
pause-pod-1-146, 1764940052048, 1764940098047, 45999
pause-pod-1-147, 1764940052172, 1764940098336, 46164
pause-pod-1-148, 1764940052203, 1764940098599, 46396
pause-pod-1-149, 1764940052217, 1764940098864, 46647
pause-pod-1-150, 1764940052305, 1764940099155, 46850
pause-pod-2-1, 1764940194097, 1764940206858, 12761
pause-pod-2-2, 1764940194103, 1764940207123, 13020
pause-pod-2-3, 1764940194109, 1764940207419, 13310
pause-pod-2-4, 1764940194113, 1764940207670, 13557
pause-pod-2-5, 1764940194116, 1764940207914, 13798
pause-pod-2-6, 1764940194119, 1764940208161, 14042
pause-pod-2-7, 1764940194122, 1764940208421, 14299
pause-pod-2-8, 1764940194125, 1764940208674, 14549
pause-pod-2-9, 1764940194131, 1764940208942, 14811
pause-pod-2-10, 1764940194139, 1764940209207, 15068
pause-pod-2-11, 1764940194144, 1764940209453, 15309
pause-pod-2-12, 1764940194151, 1764940209692, 15541
pause-pod-2-13, 1764940194167, 1764940209943, 15776
pause-pod-2-14, 1764940194174, 1764940210191, 16017
pause-pod-2-15, 1764940194187, 1764940210452, 16265
pause-pod-2-16, 1764940194200, 1764940210720, 16520
pause-pod-2-17, 1764940194205, 1764940210976, 16771
pause-pod-2-18, 1764940194211, 1764940214831, 20620
pause-pod-2-19, 1764940194224, 1764940215087, 20863
pause-pod-2-20, 1764940194230, 1764940215371, 21141
pause-pod-2-21, 1764940194241, 1764940215650, 21409
pause-pod-2-22, 1764940194248, 1764940215941, 21693
pause-pod-2-23, 1764940194255, 1764940216216, 21961
pause-pod-2-24, 1764940194265, 1764940216500, 22235
pause-pod-2-25, 1764940194277, 1764940216789, 22512
pause-pod-2-26, 1764940194308, 1764940217074, 22766
pause-pod-2-27, 1764940194313, 1764940217393, 23080
pause-pod-2-28, 1764940194324, 1764940217674, 23350
pause-pod-2-29, 1764940194332, 1764940217939, 23607
pause-pod-2-30, 1764940194359, 1764940218235, 23876
pause-pod-2-31, 1764940194371, 1764940218540, 24169
pause-pod-2-32, 1764940194378, 1764940218837, 24459
pause-pod-2-33, 1764940194396, 1764940219137, 24741
pause-pod-2-34, 1764940194413, 1764940219422, 25009
pause-pod-2-35, 1764940194436, 1764940219703, 25267
pause-pod-2-36, 1764940194456, 1764940219987, 25531
pause-pod-2-37, 1764940194470, 1764940220291, 25821
pause-pod-2-38, 1764940194484, 1764940220587, 26103
pause-pod-2-39, 1764940194500, 1764940220887, 26387
pause-pod-2-40, 1764940194516, 1764940221177, 26661
pause-pod-2-41, 1764940194540, 1764940221472, 26932
pause-pod-2-42, 1764940194551, 1764940221754, 27203
pause-pod-2-43, 1764940194571, 1764940222026, 27455
pause-pod-2-44, 1764940194595, 1764940222310, 27715
pause-pod-2-45, 1764940194611, 1764940222582, 27971
pause-pod-2-46, 1764940194625, 1764940222863, 28238
pause-pod-2-47, 1764940194649, 1764940223110, 28461
pause-pod-2-48, 1764940194666, 1764940223405, 28739
pause-pod-2-49, 1764940194678, 1764940223707, 29029
pause-pod-2-50, 1764940194692, 1764940223983, 29291
pause-pod-2-51, 1764940194718, 1764940224279, 29561
pause-pod-2-52, 1764940194736, 1764940224568, 29832
pause-pod-2-53, 1764940194749, 1764940224828, 30079
pause-pod-2-54, 1764940194783, 1764940225114, 30331
pause-pod-2-55, 1764940194816, 1764940225377, 30561
pause-pod-2-56, 1764940194844, 1764940225636, 30792
pause-pod-2-57, 1764940194894, 1764940225916, 31022
pause-pod-2-58, 1764940194918, 1764940226210, 31292
pause-pod-2-59, 1764940194940, 1764940226497, 31557
pause-pod-2-60, 1764940194951, 1764940226797, 31846
pause-pod-2-61, 1764940194977, 1764940227092, 32115
pause-pod-2-62, 1764940195006, 1764940227371, 32365
pause-pod-2-63, 1764940195025, 1764940227662, 32637
pause-pod-2-64, 1764940195033, 1764940227932, 32899
pause-pod-2-65, 1764940195059, 1764940228206, 33147
pause-pod-2-66, 1764940195105, 1764940228476, 33371
pause-pod-2-67, 1764940195124, 1764940228751, 33627
pause-pod-2-68, 1764940195238, 1764940229031, 33793
pause-pod-2-69, 1764940195314, 1764940229305, 33991
pause-pod-2-70, 1764940195380, 1764940229588, 34208
pause-pod-2-71, 1764940195420, 1764940229850, 34430
pause-pod-2-72, 1764940195586, 1764940230119, 34533
pause-pod-2-73, 1764940195666, 1764940230394, 34728
pause-pod-2-74, 1764940195713, 1764940230672, 34959
pause-pod-2-75, 1764940195832, 1764940230930, 35098
pause-pod-2-76, 1764940195868, 1764940231209, 35341
pause-pod-2-77, 1764940195922, 1764940231491, 35569
pause-pod-2-78, 1764940195963, 1764940231752, 35789
pause-pod-2-79, 1764940195985, 1764940232030, 36045
pause-pod-2-80, 1764940196094, 1764940232334, 36240
pause-pod-2-81, 1764940196129, 1764940232599, 36470
pause-pod-2-82, 1764940196141, 1764940232868, 36727
pause-pod-2-83, 1764940196167, 1764940233129, 36962
pause-pod-2-84, 1764940196190, 1764940233369, 37179
pause-pod-2-85, 1764940196221, 1764940233630, 37409
pause-pod-2-86, 1764940196301, 1764940233891, 37590
pause-pod-2-87, 1764940196329, 1764940234159, 37830
pause-pod-2-88, 1764940196405, 1764940234418, 38013
pause-pod-2-89, 1764940196549, 1764940234676, 38127
pause-pod-2-90, 1764940196583, 1764940234970, 38387
pause-pod-2-91, 1764940196648, 1764940235254, 38606
pause-pod-2-92, 1764940196659, 1764940235539, 38880
pause-pod-2-93, 1764940196719, 1764940235812, 39093
pause-pod-2-94, 1764940196734, 1764940236093, 39359
pause-pod-2-95, 1764940196755, 1764940236366, 39611
pause-pod-2-96, 1764940196773, 1764940236647, 39874
pause-pod-2-97, 1764940196797, 1764940236934, 40137
pause-pod-2-98, 1764940196896, 1764940237216, 40320
pause-pod-2-99, 1764940196918, 1764940237519, 40601
pause-pod-2-100, 1764940196924, 1764940237803, 40879
pause-pod-2-101, 1764940197040, 1764940238089, 41049
pause-pod-2-102, 1764940197202, 1764940238356, 41154
pause-pod-2-103, 1764940197257, 1764940238643, 41386
pause-pod-2-104, 1764940197319, 1764940238928, 41609
pause-pod-2-105, 1764940197353, 1764940239206, 41853
pause-pod-2-106, 1764940197381, 1764940239484, 42103
pause-pod-2-107, 1764940197505, 1764940239728, 42223
pause-pod-2-108, 1764940197515, 1764940240000, 42485
pause-pod-2-109, 1764940197547, 1764940240287, 42740
pause-pod-2-110, 1764940197569, 1764940240572, 43003
pause-pod-2-111, 1764940197668, 1764940240873, 43205
pause-pod-2-112, 1764940197738, 1764940241143, 43405
pause-pod-2-113, 1764940197764, 1764940241442, 43678
pause-pod-2-114, 1764940197817, 1764940241692, 43875
pause-pod-2-115, 1764940197873, 1764940241954, 44081
pause-pod-2-116, 1764940197982, 1764940242259, 44277
pause-pod-2-117, 1764940198030, 1764940242537, 44507
pause-pod-2-118, 1764940198074, 1764940242829, 44755
pause-pod-2-119, 1764940198174, 1764940243122, 44948
pause-pod-2-120, 1764940198214, 1764940243412, 45198
pause-pod-2-121, 1764940198290, 1764940243686, 45396
pause-pod-2-122, 1764940198329, 1764940243965, 45636
pause-pod-2-123, 1764940198401, 1764940244260, 45859
pause-pod-2-124, 1764940198470, 1764940244549, 46079
pause-pod-2-125, 1764940198525, 1764940244836, 46311
pause-pod-2-126, 1764940198582, 1764940245106, 46524
pause-pod-2-127, 1764940198697, 1764940245374, 46677
pause-pod-2-128, 1764940198779, 1764940245614, 46835
pause-pod-2-129, 1764940198819, 1764940245873, 47054
pause-pod-2-130, 1764940198920, 1764940246149, 47229
pause-pod-2-131, 1764940198971, 1764940246423, 47452
pause-pod-2-132, 1764940199031, 1764940246724, 47693
pause-pod-2-133, 1764940199108, 1764940247010, 47902
pause-pod-2-134, 1764940199240, 1764940247277, 48037
pause-pod-2-135, 1764940199284, 1764940247568, 48284
pause-pod-2-136, 1764940199310, 1764940247859, 48549
pause-pod-2-137, 1764940199377, 1764940248145, 48768
pause-pod-2-138, 1764940199396, 1764940248440, 49044
pause-pod-2-139, 1764940199449, 1764940248732, 49283
pause-pod-2-140, 1764940199478, 1764940249021, 49543
pause-pod-2-141, 1764940199534, 1764940249299, 49765
pause-pod-2-142, 1764940199561, 1764940249585, 50024
pause-pod-2-143, 1764940199620, 1764940249866, 50246
pause-pod-2-144, 1764940199656, 1764940250133, 50477
pause-pod-2-145, 1764940199665, 1764940250406, 50741
pause-pod-2-146, 1764940199682, 1764940250671, 50989
pause-pod-2-147, 1764940199687, 1764940250955, 51268
pause-pod-2-148, 1764940199728, 1764940251235, 51507
pause-pod-2-149, 1764940199755, 1764940251519, 51764
pause-pod-2-150, 1764940199773, 1764940251807, 52034
pause-pod-3-1, 1764940347267, 1764940357348, 10081
pause-pod-3-2, 1764940347272, 1764940357775, 10503
pause-pod-3-3, 1764940347279, 1764940359435, 12156
pause-pod-3-4, 1764940347285, 1764940359710, 12425
pause-pod-3-5, 1764940347288, 1764940359972, 12684
pause-pod-3-6, 1764940347292, 1764940360222, 12930
pause-pod-3-7, 1764940347295, 1764940360489, 13194
pause-pod-3-8, 1764940347299, 1764940360732, 13433
pause-pod-3-9, 1764940347304, 1764940360982, 13678
pause-pod-3-10, 1764940347310, 1764940361235, 13925
pause-pod-3-11, 1764940347316, 1764940361499, 14183
pause-pod-3-12, 1764940347318, 1764940361744, 14426
pause-pod-3-13, 1764940347322, 1764940362018, 14696
pause-pod-3-14, 1764940347332, 1764940362277, 14945
pause-pod-3-15, 1764940347345, 1764940362526, 15181
pause-pod-3-16, 1764940347352, 1764940362795, 15443
pause-pod-3-17, 1764940347360, 1764940363049, 15689
pause-pod-3-18, 1764940347368, 1764940363330, 15962
pause-pod-3-19, 1764940347377, 1764940363583, 16206
pause-pod-3-20, 1764940347383, 1764940363865, 16482
pause-pod-3-21, 1764940347389, 1764940364142, 16753
pause-pod-3-22, 1764940347403, 1764940364430, 17027
pause-pod-3-23, 1764940347417, 1764940364713, 17296
pause-pod-3-24, 1764940347427, 1764940365007, 17580
pause-pod-3-25, 1764940347431, 1764940365282, 17851
pause-pod-3-26, 1764940347448, 1764940365595, 18147
pause-pod-3-27, 1764940347474, 1764940365885, 18411
pause-pod-3-28, 1764940347489, 1764940366171, 18682
pause-pod-3-29, 1764940347507, 1764940366477, 18970
pause-pod-3-30, 1764940347527, 1764940366763, 19236
pause-pod-3-31, 1764940347542, 1764940367066, 19524
pause-pod-3-32, 1764940347560, 1764940367364, 19804
pause-pod-3-33, 1764940347568, 1764940367647, 20079
pause-pod-3-34, 1764940347593, 1764940367944, 20351
pause-pod-3-35, 1764940347618, 1764940368228, 20610
pause-pod-3-36, 1764940347633, 1764940368523, 20890
pause-pod-3-37, 1764940347639, 1764940368811, 21172
pause-pod-3-38, 1764940347650, 1764940369103, 21453
pause-pod-3-39, 1764940347659, 1764940369376, 21717
pause-pod-3-40, 1764940347664, 1764940369670, 22006
pause-pod-3-41, 1764940347678, 1764940369943, 22265
pause-pod-3-42, 1764940347709, 1764940370203, 22494
pause-pod-3-43, 1764940347719, 1764940370506, 22787
pause-pod-3-44, 1764940347732, 1764940370801, 23069
pause-pod-3-45, 1764940347742, 1764940371083, 23341
pause-pod-3-46, 1764940347749, 1764940371355, 23606
pause-pod-3-47, 1764940347765, 1764940371652, 23887
pause-pod-3-48, 1764940347795, 1764940371931, 24136
pause-pod-3-49, 1764940347807, 1764940372188, 24381
pause-pod-3-50, 1764940347826, 1764940372480, 24654
pause-pod-3-51, 1764940347863, 1764940372790, 24927
pause-pod-3-52, 1764940347896, 1764940373080, 25184
pause-pod-3-53, 1764940347906, 1764940373380, 25474
pause-pod-3-54, 1764940347932, 1764940373662, 25730
pause-pod-3-55, 1764940348022, 1764940373916, 25894
pause-pod-3-56, 1764940348046, 1764940374205, 26159
pause-pod-3-57, 1764940348078, 1764940374482, 26404
pause-pod-3-58, 1764940348090, 1764940374729, 26639
pause-pod-3-59, 1764940348096, 1764940375000, 26904
pause-pod-3-60, 1764940348113, 1764940375283, 27170
pause-pod-3-61, 1764940348125, 1764940375536, 27411
pause-pod-3-62, 1764940348148, 1764940375861, 27713
pause-pod-3-63, 1764940348155, 1764940376144, 27989
pause-pod-3-64, 1764940348198, 1764940376425, 28227
pause-pod-3-65, 1764940348208, 1764940376731, 28523
pause-pod-3-66, 1764940348232, 1764940377007, 28775
pause-pod-3-67, 1764940348284, 1764940377287, 29003
pause-pod-3-68, 1764940348365, 1764940377574, 29209
pause-pod-3-69, 1764940348425, 1764940377847, 29422
pause-pod-3-70, 1764940348509, 1764940378138, 29629
pause-pod-3-71, 1764940348516, 1764940378415, 29899
pause-pod-3-72, 1764940348580, 1764940378694, 30114
pause-pod-3-73, 1764940348614, 1764940378990, 30376
pause-pod-3-74, 1764940348708, 1764940379286, 30578
pause-pod-3-75, 1764940348859, 1764940379581, 30722
pause-pod-3-76, 1764940348926, 1764940379876, 30950
pause-pod-3-77, 1764940348941, 1764940380171, 31230
pause-pod-3-78, 1764940349012, 1764940380426, 31414
pause-pod-3-79, 1764940349028, 1764940380722, 31694
pause-pod-3-80, 1764940349202, 1764940381000, 31798
pause-pod-3-81, 1764940349230, 1764940381287, 32057
pause-pod-3-82, 1764940349252, 1764940381576, 32324
pause-pod-3-83, 1764940349267, 1764940381865, 32598
pause-pod-3-84, 1764940349277, 1764940382128, 32851
pause-pod-3-85, 1764940349294, 1764940382427, 33133
pause-pod-3-86, 1764940349346, 1764940382705, 33359
pause-pod-3-87, 1764940349429, 1764940383009, 33580
pause-pod-3-88, 1764940349467, 1764940383296, 33829
pause-pod-3-89, 1764940349472, 1764940383590, 34118
pause-pod-3-90, 1764940349518, 1764940383868, 34350
pause-pod-3-91, 1764940349560, 1764940384185, 34625
pause-pod-3-92, 1764940349618, 1764940384440, 34822
pause-pod-3-93, 1764940349663, 1764940384706, 35043
pause-pod-3-94, 1764940349700, 1764940384995, 35295
pause-pod-3-95, 1764940349733, 1764940385281, 35548
pause-pod-3-96, 1764940349773, 1764940385564, 35791
pause-pod-3-97, 1764940349784, 1764940385868, 36084
pause-pod-3-98, 1764940349853, 1764940386150, 36297
pause-pod-3-99, 1764940349893, 1764940386455, 36562
pause-pod-3-100, 1764940349919, 1764940386739, 36820
pause-pod-3-101, 1764940349958, 1764940387057, 37099
pause-pod-3-102, 1764940350012, 1764940387328, 37316
pause-pod-3-103, 1764940350073, 1764940387617, 37544
pause-pod-3-104, 1764940350176, 1764940387915, 37739
pause-pod-3-105, 1764940350295, 1764940388206, 37911
pause-pod-3-106, 1764940350313, 1764940388493, 38180
pause-pod-3-107, 1764940350399, 1764940388786, 38387
pause-pod-3-108, 1764940350430, 1764940389070, 38640
pause-pod-3-109, 1764940350533, 1764940389358, 38825
pause-pod-3-110, 1764940350604, 1764940389623, 39019
pause-pod-3-111, 1764940350660, 1764940389899, 39239
pause-pod-3-112, 1764940350738, 1764940390199, 39461
pause-pod-3-113, 1764940350791, 1764940390468, 39677
pause-pod-3-114, 1764940350820, 1764940390742, 39922
pause-pod-3-115, 1764940350846, 1764940391006, 40160
pause-pod-3-116, 1764940350914, 1764940391282, 40368
pause-pod-3-117, 1764940351102, 1764940391559, 40457
pause-pod-3-118, 1764940351116, 1764940391830, 40714
pause-pod-3-119, 1764940351205, 1764940392091, 40886
pause-pod-3-120, 1764940351233, 1764940392378, 41145
pause-pod-3-121, 1764940351282, 1764940392670, 41388
pause-pod-3-122, 1764940351302, 1764940392970, 41668
pause-pod-3-123, 1764940351335, 1764940393259, 41924
pause-pod-3-124, 1764940351376, 1764940393522, 42146
pause-pod-3-125, 1764940351382, 1764940393791, 42409
pause-pod-3-126, 1764940351390, 1764940394070, 42680
pause-pod-3-127, 1764940351474, 1764940394358, 42884
pause-pod-3-128, 1764940351509, 1764940394655, 43146
pause-pod-3-129, 1764940351577, 1764940394951, 43374
pause-pod-3-130, 1764940351591, 1764940395227, 43636
pause-pod-3-131, 1764940351608, 1764940395510, 43902
pause-pod-3-132, 1764940351649, 1764940395816, 44167
pause-pod-3-133, 1764940351736, 1764940396101, 44365
pause-pod-3-134, 1764940351785, 1764940396380, 44595
pause-pod-3-135, 1764940351873, 1764940396656, 44783
pause-pod-3-136, 1764940351912, 1764940396949, 45037
pause-pod-3-137, 1764940351932, 1764940397227, 45295
pause-pod-3-138, 1764940352046, 1764940397501, 45455
pause-pod-3-139, 1764940352097, 1764940397775, 45678
pause-pod-3-140, 1764940352107, 1764940398065, 45958
pause-pod-3-141, 1764940352141, 1764940398355, 46214
pause-pod-3-142, 1764940352148, 1764940398645, 46497
pause-pod-3-143, 1764940352160, 1764940398939, 46779
pause-pod-3-144, 1764940352182, 1764940399245, 47063
pause-pod-3-145, 1764940352190, 1764940399549, 47359
pause-pod-3-146, 1764940352253, 1764940399851, 47598
pause-pod-3-147, 1764940352344, 1764940400135, 47791
pause-pod-3-148, 1764940352449, 1764940400426, 47977
pause-pod-3-149, 1764940352487, 1764940400682, 48195
pause-pod-3-150, 1764940352572, 1764940400970, 48398
pause-pod-4-1, 1764940497210, 1764940507017, 9807
pause-pod-4-2, 1764940497216, 1764940507382, 10166
pause-pod-4-3, 1764940497222, 1764940508914, 11692
pause-pod-4-4, 1764940497227, 1764940509190, 11963
pause-pod-4-5, 1764940497234, 1764940509460, 12226
pause-pod-4-6, 1764940497237, 1764940509838, 12601
pause-pod-4-7, 1764940497240, 1764940510094, 12854
pause-pod-4-8, 1764940497245, 1764940510347, 13102
pause-pod-4-9, 1764940497252, 1764940510614, 13362
pause-pod-4-10, 1764940497256, 1764940510916, 13660
pause-pod-4-11, 1764940497261, 1764940511161, 13900
pause-pod-4-12, 1764940497269, 1764940511416, 14147
pause-pod-4-13, 1764940497278, 1764940511659, 14381
pause-pod-4-14, 1764940497294, 1764940511908, 14614
pause-pod-4-15, 1764940497302, 1764940512154, 14852
pause-pod-4-16, 1764940497306, 1764940512424, 15118
pause-pod-4-17, 1764940497316, 1764940512679, 15363
pause-pod-4-18, 1764940497325, 1764940512947, 15622
pause-pod-4-19, 1764940497331, 1764940513193, 15862
pause-pod-4-20, 1764940497343, 1764940513437, 16094
pause-pod-4-21, 1764940497354, 1764940513682, 16328
pause-pod-4-22, 1764940497367, 1764940513954, 16587
pause-pod-4-23, 1764940497378, 1764940514238, 16860
pause-pod-4-24, 1764940497386, 1764940514507, 17121
pause-pod-4-25, 1764940497406, 1764940514779, 17373
pause-pod-4-26, 1764940497418, 1764940515067, 17649
pause-pod-4-27, 1764940497436, 1764940515353, 17917
pause-pod-4-28, 1764940497446, 1764940515643, 18197
pause-pod-4-29, 1764940497455, 1764940515919, 18464
pause-pod-4-30, 1764940497471, 1764940516180, 18709
pause-pod-4-31, 1764940497498, 1764940516469, 18971
pause-pod-4-32, 1764940497531, 1764940516758, 19227
pause-pod-4-33, 1764940497542, 1764940517052, 19510
pause-pod-4-34, 1764940497545, 1764940517334, 19789
pause-pod-4-35, 1764940497558, 1764940517669, 20111
pause-pod-4-36, 1764940497570, 1764940517961, 20391
pause-pod-4-37, 1764940497596, 1764940518236, 20640
pause-pod-4-38, 1764940497622, 1764940518538, 20916
pause-pod-4-39, 1764940497625, 1764940518825, 21200
pause-pod-4-40, 1764940497641, 1764940519102, 21461
pause-pod-4-41, 1764940497663, 1764940519388, 21725
pause-pod-4-42, 1764940497695, 1764940519689, 21994
pause-pod-4-43, 1764940497706, 1764940520004, 22298
pause-pod-4-44, 1764940497739, 1764940520296, 22557
pause-pod-4-45, 1764940497758, 1764940520598, 22840
pause-pod-4-46, 1764940497767, 1764940520879, 23112
pause-pod-4-47, 1764940497780, 1764940521173, 23393
pause-pod-4-48, 1764940497810, 1764940521454, 23644
pause-pod-4-49, 1764940497826, 1764940521735, 23909
pause-pod-4-50, 1764940497844, 1764940522027, 24183
pause-pod-4-51, 1764940497856, 1764940522296, 24440
pause-pod-4-52, 1764940497868, 1764940522597, 24729
pause-pod-4-53, 1764940497889, 1764940522874, 24985
pause-pod-4-54, 1764940497898, 1764940523173, 25275
pause-pod-4-55, 1764940497914, 1764940523461, 25547
pause-pod-4-56, 1764940497921, 1764940523750, 25829
pause-pod-4-57, 1764940497950, 1764940524030, 26080
pause-pod-4-58, 1764940497984, 1764940524332, 26348
pause-pod-4-59, 1764940498037, 1764940524605, 26568
pause-pod-4-60, 1764940498072, 1764940524877, 26805
pause-pod-4-61, 1764940498101, 1764940525167, 27066
pause-pod-4-62, 1764940498136, 1764940525411, 27275
pause-pod-4-63, 1764940498183, 1764940525685, 27502
pause-pod-4-64, 1764940498225, 1764940525982, 27757
pause-pod-4-65, 1764940498248, 1764940526260, 28012
pause-pod-4-66, 1764940498264, 1764940526513, 28249
pause-pod-4-67, 1764940498292, 1764940526808, 28516
pause-pod-4-68, 1764940498345, 1764940527113, 28768
pause-pod-4-69, 1764940498431, 1764940527398, 28967
pause-pod-4-70, 1764940498527, 1764940527660, 29133
pause-pod-4-71, 1764940498566, 1764940527913, 29347
pause-pod-4-72, 1764940498627, 1764940528217, 29590
pause-pod-4-73, 1764940498677, 1764940528502, 29825
pause-pod-4-74, 1764940498683, 1764940528782, 30099
pause-pod-4-75, 1764940498704, 1764940529060, 30356
pause-pod-4-76, 1764940498788, 1764940529362, 30574
pause-pod-4-77, 1764940498867, 1764940529645, 30778
pause-pod-4-78, 1764940498969, 1764940529932, 30963
pause-pod-4-79, 1764940499004, 1764940530215, 31211
pause-pod-4-80, 1764940499073, 1764940530504, 31431
pause-pod-4-81, 1764940499138, 1764940530784, 31646
pause-pod-4-82, 1764940499208, 1764940531064, 31856
pause-pod-4-83, 1764940499388, 1764940531342, 31954
pause-pod-4-84, 1764940499437, 1764940531648, 32211
pause-pod-4-85, 1764940499482, 1764940531945, 32463
pause-pod-4-86, 1764940499518, 1764940532202, 32684
pause-pod-4-87, 1764940499586, 1764940532503, 32917
pause-pod-4-88, 1764940499644, 1764940532792, 33148
pause-pod-4-89, 1764940499668, 1764940533087, 33419
pause-pod-4-90, 1764940499730, 1764940533381, 33651
pause-pod-4-91, 1764940499808, 1764940533665, 33857
pause-pod-4-92, 1764940499859, 1764940533946, 34087
pause-pod-4-93, 1764940499894, 1764940534227, 34333
pause-pod-4-94, 1764940499920, 1764940534477, 34557
pause-pod-4-95, 1764940499949, 1764940534726, 34777
pause-pod-4-96, 1764940499958, 1764940535014, 35056
pause-pod-4-97, 1764940500049, 1764940535300, 35251
pause-pod-4-98, 1764940500189, 1764940535602, 35413
pause-pod-4-99, 1764940500245, 1764940535897, 35652
pause-pod-4-100, 1764940500299, 1764940536186, 35887
pause-pod-4-101, 1764940500370, 1764940536477, 36107
pause-pod-4-102, 1764940500397, 1764940536745, 36348
pause-pod-4-103, 1764940500442, 1764940537019, 36577
pause-pod-4-104, 1764940500485, 1764940537310, 36825
pause-pod-4-105, 1764940500528, 1764940537586, 37058
pause-pod-4-106, 1764940500544, 1764940537872, 37328
pause-pod-4-107, 1764940500562, 1764940538151, 37589
pause-pod-4-108, 1764940500592, 1764940538447, 37855
pause-pod-4-109, 1764940500670, 1764940538728, 38058
pause-pod-4-110, 1764940500796, 1764940539022, 38226
pause-pod-4-111, 1764940500865, 1764940539323, 38458
pause-pod-4-112, 1764940500878, 1764940539585, 38707
pause-pod-4-113, 1764940500893, 1764940539845, 38952
pause-pod-4-114, 1764940500917, 1764940540119, 39202
pause-pod-4-115, 1764940500988, 1764940540391, 39403
pause-pod-4-116, 1764940501035, 1764940540656, 39621
pause-pod-4-117, 1764940501054, 1764940540922, 39868
pause-pod-4-118, 1764940501114, 1764940541176, 40062
pause-pod-4-119, 1764940501171, 1764940541459, 40288
pause-pod-4-120, 1764940501183, 1764940541727, 40544
pause-pod-4-121, 1764940501206, 1764940542000, 40794
pause-pod-4-122, 1764940501258, 1764940542272, 41014
pause-pod-4-123, 1764940501271, 1764940542541, 41270
pause-pod-4-124, 1764940501348, 1764940542801, 41453
pause-pod-4-125, 1764940501354, 1764940543071, 41717
pause-pod-4-126, 1764940501357, 1764940543357, 42000
pause-pod-4-127, 1764940501369, 1764940543616, 42247
pause-pod-4-128, 1764940501466, 1764940543881, 42415
pause-pod-4-129, 1764940501498, 1764940544156, 42658
pause-pod-4-130, 1764940501555, 1764940544434, 42879
pause-pod-4-131, 1764940501605, 1764940544717, 43112
pause-pod-4-132, 1764940501620, 1764940544985, 43365
pause-pod-4-133, 1764940501665, 1764940545257, 43592
pause-pod-4-134, 1764940501718, 1764940545531, 43813
pause-pod-4-135, 1764940501721, 1764940545793, 44072
pause-pod-4-136, 1764940501821, 1764940546062, 44241
pause-pod-4-137, 1764940501892, 1764940546335, 44443
pause-pod-4-138, 1764940501969, 1764940546629, 44660
pause-pod-4-139, 1764940501989, 1764940546888, 44899
pause-pod-4-140, 1764940502197, 1764940547167, 44970
pause-pod-4-141, 1764940502207, 1764940547451, 45244
pause-pod-4-142, 1764940502296, 1764940547734, 45438
pause-pod-4-143, 1764940502421, 1764940548025, 45604
pause-pod-4-144, 1764940502438, 1764940548315, 45877
pause-pod-4-145, 1764940502558, 1764940548632, 46074
pause-pod-4-146, 1764940502563, 1764940548914, 46351
pause-pod-4-147, 1764940502611, 1764940549206, 46595
pause-pod-4-148, 1764940502703, 1764940549506, 46803
pause-pod-4-149, 1764940502771, 1764940549791, 47020
pause-pod-4-150, 1764940502887, 1764940550094, 47207
pause-pod-5-1, 1764940646218, 1764940657565, 11347
pause-pod-5-2, 1764940646223, 1764940657915, 11692
pause-pod-5-3, 1764940646227, 1764940658173, 11946
pause-pod-5-4, 1764940646232, 1764940658451, 12219
pause-pod-5-5, 1764940646235, 1764940658714, 12479
pause-pod-5-6, 1764940646238, 1764940658957, 12719
pause-pod-5-7, 1764940646241, 1764940659207, 12966
pause-pod-5-8, 1764940646246, 1764940659450, 13204
pause-pod-5-9, 1764940646249, 1764940659691, 13442
pause-pod-5-10, 1764940646254, 1764940659930, 13676
pause-pod-5-11, 1764940646261, 1764940660212, 13951
pause-pod-5-12, 1764940646264, 1764940660486, 14222
pause-pod-5-13, 1764940646270, 1764940660731, 14461
pause-pod-5-14, 1764940646279, 1764940660978, 14699
pause-pod-5-15, 1764940646285, 1764940661229, 14944
pause-pod-5-16, 1764940646291, 1764940661479, 15188
pause-pod-5-17, 1764940646301, 1764940661720, 15419
pause-pod-5-18, 1764940646306, 1764940662001, 15695
pause-pod-5-19, 1764940646312, 1764940662260, 15948
pause-pod-5-20, 1764940646325, 1764940662541, 16216
pause-pod-5-21, 1764940646331, 1764940662809, 16478
pause-pod-5-22, 1764940646342, 1764940663079, 16737
pause-pod-5-23, 1764940646357, 1764940663322, 16965
pause-pod-5-24, 1764940646367, 1764940663577, 17210
pause-pod-5-25, 1764940646380, 1764940663836, 17456
pause-pod-5-26, 1764940646390, 1764940664111, 17721
pause-pod-5-27, 1764940646396, 1764940664397, 18001
pause-pod-5-28, 1764940646404, 1764940664692, 18288
pause-pod-5-29, 1764940646419, 1764940664973, 18554
pause-pod-5-30, 1764940646429, 1764940665252, 18823
pause-pod-5-31, 1764940646438, 1764940665531, 19093
pause-pod-5-32, 1764940646449, 1764940665814, 19365
pause-pod-5-33, 1764940646461, 1764940666087, 19626
pause-pod-5-34, 1764940646469, 1764940666394, 19925
pause-pod-5-35, 1764940646485, 1764940666670, 20185
pause-pod-5-36, 1764940646504, 1764940666963, 20459
pause-pod-5-37, 1764940646508, 1764940667240, 20732
pause-pod-5-38, 1764940646521, 1764940667525, 21004
pause-pod-5-39, 1764940646527, 1764940667793, 21266
pause-pod-5-40, 1764940646543, 1764940668077, 21534
pause-pod-5-41, 1764940646552, 1764940668386, 21834
pause-pod-5-42, 1764940646568, 1764940668661, 22093
pause-pod-5-43, 1764940646583, 1764940668952, 22369
pause-pod-5-44, 1764940646604, 1764940669227, 22623
pause-pod-5-45, 1764940646634, 1764940669525, 22891
pause-pod-5-46, 1764940646664, 1764940669782, 23118
pause-pod-5-47, 1764940646676, 1764940670061, 23385
pause-pod-5-48, 1764940646683, 1764940670360, 23677
pause-pod-5-49, 1764940646691, 1764940670657, 23966
pause-pod-5-50, 1764940646708, 1764940670948, 24240
pause-pod-5-51, 1764940646729, 1764940671246, 24517
pause-pod-5-52, 1764940646744, 1764940671554, 24810
pause-pod-5-53, 1764940646758, 1764940671839, 25081
pause-pod-5-54, 1764940646775, 1764940672116, 25341
pause-pod-5-55, 1764940646813, 1764940672394, 25581
pause-pod-5-56, 1764940646820, 1764940672676, 25856
pause-pod-5-57, 1764940646862, 1764940672946, 26084
pause-pod-5-58, 1764940646884, 1764940673243, 26359
pause-pod-5-59, 1764940646913, 1764940673536, 26623
pause-pod-5-60, 1764940646928, 1764940673819, 26891
pause-pod-5-61, 1764940646951, 1764940674125, 27174
pause-pod-5-62, 1764940646974, 1764940674410, 27436
pause-pod-5-63, 1764940646984, 1764940674653, 27669
pause-pod-5-64, 1764940647038, 1764940674941, 27903
pause-pod-5-65, 1764940647051, 1764940675209, 28158
pause-pod-5-66, 1764940647076, 1764940675455, 28379
pause-pod-5-67, 1764940647087, 1764940675724, 28637
pause-pod-5-68, 1764940647108, 1764940676000, 28892
pause-pod-5-69, 1764940647111, 1764940676279, 29168
pause-pod-5-70, 1764940647118, 1764940676556, 29438
pause-pod-5-71, 1764940647141, 1764940676837, 29696
pause-pod-5-72, 1764940647146, 1764940677128, 29982
pause-pod-5-73, 1764940647151, 1764940677419, 30268
pause-pod-5-74, 1764940647188, 1764940677708, 30520
pause-pod-5-75, 1764940647223, 1764940677983, 30760
pause-pod-5-76, 1764940647241, 1764940678281, 31040
pause-pod-5-77, 1764940647288, 1764940678560, 31272
pause-pod-5-78, 1764940647306, 1764940678867, 31561
pause-pod-5-79, 1764940647347, 1764940679156, 31809
pause-pod-5-80, 1764940647401, 1764940679449, 32048
pause-pod-5-81, 1764940647432, 1764940679752, 32320
pause-pod-5-82, 1764940647452, 1764940680004, 32552
pause-pod-5-83, 1764940647459, 1764940680296, 32837
pause-pod-5-84, 1764940647475, 1764940680592, 33117
pause-pod-5-85, 1764940647516, 1764940680871, 33355
pause-pod-5-86, 1764940647558, 1764940681158, 33600
pause-pod-5-87, 1764940647653, 1764940681471, 33818
pause-pod-5-88, 1764940647711, 1764940681752, 34041
pause-pod-5-89, 1764940647851, 1764940682058, 34207
pause-pod-5-90, 1764940647872, 1764940682328, 34456
pause-pod-5-91, 1764940647901, 1764940682618, 34717
pause-pod-5-92, 1764940647927, 1764940682905, 34978
pause-pod-5-93, 1764940648005, 1764940683186, 35181
pause-pod-5-94, 1764940648094, 1764940683482, 35388
pause-pod-5-95, 1764940648117, 1764940683774, 35657
pause-pod-5-96, 1764940648137, 1764940684054, 35917
pause-pod-5-97, 1764940648149, 1764940684337, 36188
pause-pod-5-98, 1764940648160, 1764940684612, 36452
pause-pod-5-99, 1764940648170, 1764940684918, 36748
pause-pod-5-100, 1764940648198, 1764940685191, 36993
pause-pod-5-101, 1764940648229, 1764940685457, 37228
pause-pod-5-102, 1764940648270, 1764940685730, 37460
pause-pod-5-103, 1764940648309, 1764940686024, 37715
pause-pod-5-104, 1764940648393, 1764940686311, 37918
pause-pod-5-105, 1764940648431, 1764940686583, 38152
pause-pod-5-106, 1764940648506, 1764940686881, 38375
pause-pod-5-107, 1764940648517, 1764940687175, 38658
pause-pod-5-108, 1764940648569, 1764940687476, 38907
pause-pod-5-109, 1764940648632, 1764940687778, 39146
pause-pod-5-110, 1764940648668, 1764940688074, 39406
pause-pod-5-111, 1764940648806, 1764940688367, 39561
pause-pod-5-112, 1764940648906, 1764940688661, 39755
pause-pod-5-113, 1764940648980, 1764940688962, 39982
pause-pod-5-114, 1764940649042, 1764940689241, 40199
pause-pod-5-115, 1764940649168, 1764940689523, 40355
pause-pod-5-116, 1764940649219, 1764940689772, 40553
pause-pod-5-117, 1764940649240, 1764940690042, 40802
pause-pod-5-118, 1764940649328, 1764940690323, 40995
pause-pod-5-119, 1764940649342, 1764940690621, 41279
pause-pod-5-120, 1764940649362, 1764940690911, 41549
pause-pod-5-121, 1764940649400, 1764940691185, 41785
pause-pod-5-122, 1764940649412, 1764940691463, 42051
pause-pod-5-123, 1764940649624, 1764940691710, 42086
pause-pod-5-124, 1764940649722, 1764940692013, 42291
pause-pod-5-125, 1764940649802, 1764940692278, 42476
pause-pod-5-126, 1764940649890, 1764940692579, 42689
pause-pod-5-127, 1764940649912, 1764940692854, 42942
pause-pod-5-128, 1764940649966, 1764940693138, 43172
pause-pod-5-129, 1764940649991, 1764940693408, 43417
pause-pod-5-130, 1764940650100, 1764940693677, 43577
pause-pod-5-131, 1764940650202, 1764940693948, 43746
pause-pod-5-132, 1764940650298, 1764940694255, 43957
pause-pod-5-133, 1764940650329, 1764940694558, 44229
pause-pod-5-134, 1764940650371, 1764940694869, 44498
pause-pod-5-135, 1764940650585, 1764940695142, 44557
pause-pod-5-136, 1764940650645, 1764940695436, 44791
pause-pod-5-137, 1764940650666, 1764940695710, 45044
pause-pod-5-138, 1764940650705, 1764940695986, 45281
pause-pod-5-139, 1764940650734, 1764940696272, 45538
pause-pod-5-140, 1764940650741, 1764940696559, 45818
pause-pod-5-141, 1764940650754, 1764940696837, 46083
pause-pod-5-142, 1764940650769, 1764940697122, 46353
pause-pod-5-143, 1764940650852, 1764940697399, 46547
pause-pod-5-144, 1764940650889, 1764940697684, 46795
pause-pod-5-145, 1764940650957, 1764940697972, 47015
pause-pod-5-146, 1764940650979, 1764940698266, 47287
pause-pod-5-147, 1764940650993, 1764940698551, 47558
pause-pod-5-148, 1764940651004, 1764940698826, 47822
pause-pod-5-149, 1764940651049, 1764940699112, 48063
pause-pod-5-150, 1764940651205, 1764940699402, 48197
pause-pod-6-1, 1764940794293, 1764940806381, 12088
pause-pod-6-2, 1764940794300, 1764940807042, 12742
pause-pod-6-3, 1764940794305, 1764940807310, 13005
pause-pod-6-4, 1764940794308, 1764940807567, 13259
pause-pod-6-5, 1764940794311, 1764940807823, 13512
pause-pod-6-6, 1764940794315, 1764940808081, 13766
pause-pod-6-7, 1764940794318, 1764940808324, 14006
pause-pod-6-8, 1764940794324, 1764940808594, 14270
pause-pod-6-9, 1764940794327, 1764940808840, 14513
pause-pod-6-10, 1764940794330, 1764940809086, 14756
pause-pod-6-11, 1764940794337, 1764940809330, 14993
pause-pod-6-12, 1764940794341, 1764940809572, 15231
pause-pod-6-13, 1764940794346, 1764940809826, 15480
pause-pod-6-14, 1764940794350, 1764940810076, 15726
pause-pod-6-15, 1764940794356, 1764940810350, 15994
pause-pod-6-16, 1764940794366, 1764940810630, 16264
pause-pod-6-17, 1764940794371, 1764940810892, 16521
pause-pod-6-18, 1764940794381, 1764940811156, 16775
pause-pod-6-19, 1764940794387, 1764940811425, 17038
pause-pod-6-20, 1764940794399, 1764940811680, 17281
pause-pod-6-21, 1764940794419, 1764940811951, 17532
pause-pod-6-22, 1764940794427, 1764940812226, 17799
pause-pod-6-23, 1764940794437, 1764940812492, 18055
pause-pod-6-24, 1764940794451, 1764940812769, 18318
pause-pod-6-25, 1764940794462, 1764940813034, 18572
pause-pod-6-26, 1764940794474, 1764940813320, 18846
pause-pod-6-27, 1764940794486, 1764940813569, 19083
pause-pod-6-28, 1764940794498, 1764940813820, 19322
pause-pod-6-29, 1764940794507, 1764940814106, 19599
pause-pod-6-30, 1764940794511, 1764940814379, 19868
pause-pod-6-31, 1764940794517, 1764940814678, 20161
pause-pod-6-32, 1764940794524, 1764940814984, 20460
pause-pod-6-33, 1764940794532, 1764940815272, 20740
pause-pod-6-34, 1764940794561, 1764940815564, 21003
pause-pod-6-35, 1764940794575, 1764940815851, 21276
pause-pod-6-36, 1764940794593, 1764940816134, 21541
pause-pod-6-37, 1764940794604, 1764940816442, 21838
pause-pod-6-38, 1764940794617, 1764940816751, 22134
pause-pod-6-39, 1764940794634, 1764940817032, 22398
pause-pod-6-40, 1764940794650, 1764940817314, 22664
pause-pod-6-41, 1764940794667, 1764940817610, 22943
pause-pod-6-42, 1764940794677, 1764940817897, 23220
pause-pod-6-43, 1764940794703, 1764940818194, 23491
pause-pod-6-44, 1764940794711, 1764940818497, 23786
pause-pod-6-45, 1764940794731, 1764940818800, 24069
pause-pod-6-46, 1764940794755, 1764940819087, 24332
pause-pod-6-47, 1764940794775, 1764940819376, 24601
pause-pod-6-48, 1764940794818, 1764940819644, 24826
pause-pod-6-49, 1764940794829, 1764940819925, 25096
pause-pod-6-50, 1764940794842, 1764940820200, 25358
pause-pod-6-51, 1764940794848, 1764940820507, 25659
pause-pod-6-52, 1764940794854, 1764940820794, 25940
pause-pod-6-53, 1764940794867, 1764940821097, 26230
pause-pod-6-54, 1764940794882, 1764940821382, 26500
pause-pod-6-55, 1764940794901, 1764940821679, 26778
pause-pod-6-56, 1764940794922, 1764940821963, 27041
pause-pod-6-57, 1764940794961, 1764940822243, 27282
pause-pod-6-58, 1764940794972, 1764940822502, 27530
pause-pod-6-59, 1764940794991, 1764940822780, 27789
pause-pod-6-60, 1764940795007, 1764940823059, 28052
pause-pod-6-61, 1764940795056, 1764940823346, 28290
pause-pod-6-62, 1764940795066, 1764940823632, 28566
pause-pod-6-63, 1764940795082, 1764940823898, 28816
pause-pod-6-64, 1764940795109, 1764940824193, 29084
pause-pod-6-65, 1764940795140, 1764940824492, 29352
pause-pod-6-66, 1764940795156, 1764940824755, 29599
pause-pod-6-67, 1764940795221, 1764940825032, 29811
pause-pod-6-68, 1764940795249, 1764940825302, 30053
pause-pod-6-69, 1764940795294, 1764940825572, 30278
pause-pod-6-70, 1764940795323, 1764940825901, 30578
pause-pod-6-71, 1764940795338, 1764940826206, 30868
pause-pod-6-72, 1764940795360, 1764940826496, 31136
pause-pod-6-73, 1764940795490, 1764940826790, 31300
pause-pod-6-74, 1764940795518, 1764940827082, 31564
pause-pod-6-75, 1764940795538, 1764940827375, 31837
pause-pod-6-76, 1764940795552, 1764940827668, 32116
pause-pod-6-77, 1764940795565, 1764940827933, 32368
pause-pod-6-78, 1764940795581, 1764940828215, 32634
pause-pod-6-79, 1764940795593, 1764940828512, 32919
pause-pod-6-80, 1764940795653, 1764940828804, 33151
pause-pod-6-81, 1764940795683, 1764940829067, 33384
pause-pod-6-82, 1764940795701, 1764940829335, 33634
pause-pod-6-83, 1764940795735, 1764940829627, 33892
pause-pod-6-84, 1764940795816, 1764940829917, 34101
pause-pod-6-85, 1764940795824, 1764940830197, 34373
pause-pod-6-86, 1764940795848, 1764940830495, 34647
pause-pod-6-87, 1764940795858, 1764940830789, 34931
pause-pod-6-88, 1764940795874, 1764940831068, 35194
pause-pod-6-89, 1764940795896, 1764940831352, 35456
pause-pod-6-90, 1764940795967, 1764940831659, 35692
pause-pod-6-91, 1764940796056, 1764940831961, 35905
pause-pod-6-92, 1764940796141, 1764940832243, 36102
pause-pod-6-93, 1764940796148, 1764940832500, 36352
pause-pod-6-94, 1764940796173, 1764940832794, 36621
pause-pod-6-95, 1764940796191, 1764940833072, 36881
pause-pod-6-96, 1764940796208, 1764940833360, 37152
pause-pod-6-97, 1764940796228, 1764940833641, 37413
pause-pod-6-98, 1764940796296, 1764940833914, 37618
pause-pod-6-99, 1764940796450, 1764940834190, 37740
pause-pod-6-100, 1764940796516, 1764940834445, 37929
pause-pod-6-101, 1764940796548, 1764940834738, 38190
pause-pod-6-102, 1764940796562, 1764940835024, 38462
pause-pod-6-103, 1764940796582, 1764940835316, 38734
pause-pod-6-104, 1764940796638, 1764940835626, 38988
pause-pod-6-105, 1764940796659, 1764940835908, 39249
pause-pod-6-106, 1764940796710, 1764940836203, 39493
pause-pod-6-107, 1764940796780, 1764940836496, 39716
pause-pod-6-108, 1764940796888, 1764940836792, 39904
pause-pod-6-109, 1764940796978, 1764940837073, 40095
pause-pod-6-110, 1764940797005, 1764940837350, 40345
pause-pod-6-111, 1764940797063, 1764940837629, 40566
pause-pod-6-112, 1764940797104, 1764940837913, 40809
pause-pod-6-113, 1764940797170, 1764940838198, 41028
pause-pod-6-114, 1764940797238, 1764940838482, 41244
pause-pod-6-115, 1764940797341, 1764940838783, 41442
pause-pod-6-116, 1764940797373, 1764940839079, 41706
pause-pod-6-117, 1764940797458, 1764940839350, 41892
pause-pod-6-118, 1764940797606, 1764940839621, 42015
pause-pod-6-119, 1764940797676, 1764940839880, 42204
pause-pod-6-120, 1764940797800, 1764940840175, 42375
pause-pod-6-121, 1764940797846, 1764940840451, 42605
pause-pod-6-122, 1764940797881, 1764940840731, 42850
pause-pod-6-123, 1764940798011, 1764940840975, 42964
pause-pod-6-124, 1764940798078, 1764940841262, 43184
pause-pod-6-125, 1764940798111, 1764940841525, 43414
pause-pod-6-126, 1764940798129, 1764940841795, 43666
pause-pod-6-127, 1764940798231, 1764940842078, 43847
pause-pod-6-128, 1764940798301, 1764940842356, 44055
pause-pod-6-129, 1764940798355, 1764940842645, 44290
pause-pod-6-130, 1764940798381, 1764940842931, 44550
pause-pod-6-131, 1764940798392, 1764940843215, 44823
pause-pod-6-132, 1764940798401, 1764940843491, 45090
pause-pod-6-133, 1764940798497, 1764940843777, 45280
pause-pod-6-134, 1764940798568, 1764940844058, 45490
pause-pod-6-135, 1764940798752, 1764940844345, 45593
pause-pod-6-136, 1764940798819, 1764940844588, 45769
pause-pod-6-137, 1764940799107, 1764940844891, 45784
pause-pod-6-138, 1764940799258, 1764940845183, 45925
pause-pod-6-139, 1764940799380, 1764940845456, 46076
pause-pod-6-140, 1764940799581, 1764940845744, 46163
pause-pod-6-141, 1764940799702, 1764940846021, 46319
pause-pod-6-142, 1764940799834, 1764940846312, 46478
pause-pod-6-143, 1764940799877, 1764940846605, 46728
pause-pod-6-144, 1764940799927, 1764940846898, 46971
pause-pod-6-145, 1764940800059, 1764940847192, 47133
pause-pod-6-146, 1764940800157, 1764940847458, 47301
pause-pod-6-147, 1764940800166, 1764940847739, 47573
pause-pod-6-148, 1764940800317, 1764940848027, 47710
pause-pod-6-149, 1764940800385, 1764940848305, 47920
pause-pod-6-150, 1764940800416, 1764940848595, 48179
