Pod Name, Creation Timestamp, Ready Timestamp, Latency (milliseconds)
pause-pod-1-1, 1764938346135, 1764938351538, 5403
pause-pod-1-2, 1764938346138, 1764938351791, 5653
pause-pod-1-3, 1764938346142, 1764938352076, 5934
pause-pod-1-4, 1764938346145, 1764938352369, 6224
pause-pod-1-5, 1764938346147, 1764938352649, 6502
pause-pod-1-6, 1764938346150, 1764938352910, 6760
pause-pod-1-7, 1764938346152, 1764938353192, 7040
pause-pod-1-8, 1764938346154, 1764938353469, 7315
pause-pod-1-9, 1764938346156, 1764938353753, 7597
pause-pod-1-10, 1764938346160, 1764938354037, 7877
pause-pod-2-1, 1764938417231, 1764938419102, 1871
pause-pod-2-2, 1764938417236, 1764938419371, 2135
pause-pod-2-3, 1764938417239, 1764938419655, 2416
pause-pod-2-4, 1764938417243, 1764938419936, 2693
pause-pod-2-5, 1764938417246, 1764938420215, 2969
pause-pod-2-6, 1764938417249, 1764938420498, 3249
pause-pod-2-7, 1764938417253, 1764938420780, 3527
pause-pod-2-8, 1764938417255, 1764938421069, 3814
pause-pod-2-9, 1764938417257, 1764938421346, 4089
pause-pod-2-10, 1764938417260, 1764938421647, 4387
pause-pod-3-1, 1764938484631, 1764938486534, 1903
pause-pod-3-2, 1764938484634, 1764938486781, 2147
pause-pod-3-3, 1764938484636, 1764938487033, 2397
pause-pod-3-4, 1764938484640, 1764938487320, 2680
pause-pod-3-5, 1764938484643, 1764938487590, 2947
pause-pod-3-6, 1764938484646, 1764938487882, 3236
pause-pod-3-7, 1764938484651, 1764938488155, 3504
pause-pod-3-8, 1764938484657, 1764938488424, 3767
pause-pod-3-9, 1764938484659, 1764938488687, 4028
pause-pod-3-10, 1764938484666, 1764938488949, 4283
pause-pod-4-1, 1764938552220, 1764938554087, 1867
pause-pod-4-2, 1764938552225, 1764938554337, 2112
pause-pod-4-3, 1764938552231, 1764938554606, 2375
pause-pod-4-4, 1764938552234, 1764938554886, 2652
pause-pod-4-5, 1764938552237, 1764938555179, 2942
pause-pod-4-6, 1764938552241, 1764938555471, 3230
pause-pod-4-7, 1764938552243, 1764938555737, 3494
pause-pod-4-8, 1764938552246, 1764938556023, 3777
pause-pod-4-9, 1764938552248, 1764938556319, 4071
pause-pod-4-10, 1764938552251, 1764938556596, 4345
pause-pod-5-1, 1764938619798, 1764938621621, 1823
pause-pod-5-2, 1764938619802, 1764938621908, 2106
pause-pod-5-3, 1764938619805, 1764938622185, 2380
pause-pod-5-4, 1764938619808, 1764938622474, 2666
pause-pod-5-5, 1764938619811, 1764938622759, 2948
pause-pod-5-6, 1764938619814, 1764938623040, 3226
pause-pod-5-7, 1764938619820, 1764938623327, 3507
pause-pod-5-8, 1764938619825, 1764938623599, 3774
pause-pod-5-9, 1764938619827, 1764938623863, 4036
pause-pod-5-10, 1764938619832, 1764938624142, 4310
pause-pod-6-1, 1764938687370, 1764938689147, 1777
pause-pod-6-2, 1764938687376, 1764938689402, 2026
pause-pod-6-3, 1764938687382, 1764938689672, 2290
pause-pod-6-4, 1764938687384, 1764938689958, 2574
pause-pod-6-5, 1764938687389, 1764938690237, 2848
pause-pod-6-6, 1764938687394, 1764938690523, 3129
pause-pod-6-7, 1764938687397, 1764938690794, 3397
pause-pod-6-8, 1764938687402, 1764938691087, 3685
pause-pod-6-9, 1764938687405, 1764938691380, 3975
pause-pod-6-10, 1764938687411, 1764938691674, 4263
