Pod Name, Delete Start Timestamp, Deleted Confirmed Timestamp, Delete Latency (milliseconds)
pause-pod-1-1, 1764632255586, 1764632256810, 1224
pause-pod-1-2, 1764632255588, 1764632256980, 1392
pause-pod-1-3, 1764632255589, 1764632257046, 1457
pause-pod-1-4, 1764632255591, 1764632257114, 1523
pause-pod-1-5, 1764632255593, 1764632257174, 1581
pause-pod-1-6, 1764632255595, 1764632257233, 1638
pause-pod-1-7, 1764632255597, 1764632257290, 1693
pause-pod-1-8, 1764632255599, 1764632257349, 1750
pause-pod-1-9, 1764632255601, 1764632257406, 1805
pause-pod-1-10, 1764632255604, 1764632257656, 2052
pause-pod-1-11, 1764632255606, 1764632257721, 2115
pause-pod-1-12, 1764632255608, 1764632257780, 2172
pause-pod-1-13, 1764632255617, 1764632257843, 2226
pause-pod-1-14, 1764632255619, 1764632257901, 2282
pause-pod-1-15, 1764632255623, 1764632257959, 2336
pause-pod-1-16, 1764632255636, 1764632258016, 2380
pause-pod-1-17, 1764632255641, 1764632258073, 2432
pause-pod-1-18, 1764632255646, 1764632258132, 2486
pause-pod-1-19, 1764632255655, 1764632258190, 2535
pause-pod-1-20, 1764632255663, 1764632258246, 2583
pause-pod-1-21, 1764632255687, 1764632258303, 2616
pause-pod-1-22, 1764632255699, 1764632258361, 2662
pause-pod-1-23, 1764632255710, 1764632258419, 2709
pause-pod-1-24, 1764632255726, 1764632258478, 2752
pause-pod-1-25, 1764632255739, 1764632258535, 2796
pause-pod-1-26, 1764632255743, 1764632258594, 2851
pause-pod-1-27, 1764632255750, 1764632258652, 2902
pause-pod-1-28, 1764632255758, 1764632258710, 2952
pause-pod-1-29, 1764632255785, 1764632258767, 2982
pause-pod-1-30, 1764632255790, 1764632258826, 3036
pause-pod-1-31, 1764632255804, 1764632258889, 3085
pause-pod-1-32, 1764632255807, 1764632258947, 3140
pause-pod-1-33, 1764632255810, 1764632259006, 3196
pause-pod-1-34, 1764632255821, 1764632259064, 3243
pause-pod-1-35, 1764632255838, 1764632259124, 3286
pause-pod-1-36, 1764632255844, 1764632259185, 3341
pause-pod-1-37, 1764632255856, 1764632259243, 3387
pause-pod-1-38, 1764632255863, 1764632259302, 3439
pause-pod-1-39, 1764632255869, 1764632259360, 3491
pause-pod-1-40, 1764632255880, 1764632259419, 3539
pause-pod-1-41, 1764632255889, 1764632259478, 3589
pause-pod-1-42, 1764632255900, 1764632259536, 3636
pause-pod-1-43, 1764632255919, 1764632259595, 3676
pause-pod-1-44, 1764632255927, 1764632259653, 3726
pause-pod-1-45, 1764632255965, 1764632259711, 3746
pause-pod-1-46, 1764632255982, 1764632259770, 3788
pause-pod-1-47, 1764632255994, 1764632259827, 3833
pause-pod-1-48, 1764632256007, 1764632259884, 3877
pause-pod-1-49, 1764632256019, 1764632259941, 3922
pause-pod-1-50, 1764632256024, 1764632259997, 3973
pause-pod-2-1, 1764632330689, 1764632331822, 1133
pause-pod-2-2, 1764632330691, 1764632331888, 1197
pause-pod-2-3, 1764632330693, 1764632332134, 1441
pause-pod-2-4, 1764632330695, 1764632332200, 1505
pause-pod-2-5, 1764632330698, 1764632332844, 2146
pause-pod-2-6, 1764632330700, 1764632332907, 2207
pause-pod-2-7, 1764632330702, 1764632332968, 2266
pause-pod-2-8, 1764632330704, 1764632333026, 2322
pause-pod-2-9, 1764632330707, 1764632333085, 2378
pause-pod-2-10, 1764632330710, 1764632333153, 2443
pause-pod-2-11, 1764632330713, 1764632333210, 2497
pause-pod-2-12, 1764632330716, 1764632333268, 2552
pause-pod-2-13, 1764632330718, 1764632333326, 2608
pause-pod-2-14, 1764632330721, 1764632333383, 2662
pause-pod-2-15, 1764632330724, 1764632333441, 2717
pause-pod-2-16, 1764632330730, 1764632333499, 2769
pause-pod-2-17, 1764632330733, 1764632333555, 2822
pause-pod-2-18, 1764632330737, 1764632333613, 2876
pause-pod-2-19, 1764632330758, 1764632333671, 2913
pause-pod-2-20, 1764632330765, 1764632333728, 2963
pause-pod-2-21, 1764632330794, 1764632333786, 2992
pause-pod-2-22, 1764632330797, 1764632333844, 3047
pause-pod-2-23, 1764632330807, 1764632333901, 3094
pause-pod-2-24, 1764632330810, 1764632333958, 3148
pause-pod-2-25, 1764632330823, 1764632334017, 3194
pause-pod-2-26, 1764632330835, 1764632334075, 3240
pause-pod-2-27, 1764632330850, 1764632334132, 3282
pause-pod-2-28, 1764632330857, 1764632334189, 3332
pause-pod-2-29, 1764632330861, 1764632334248, 3387
pause-pod-2-30, 1764632330905, 1764632334311, 3406
pause-pod-2-31, 1764632330915, 1764632334369, 3454
pause-pod-2-32, 1764632330925, 1764632334429, 3504
pause-pod-2-33, 1764632330944, 1764632334487, 3543
pause-pod-2-34, 1764632330950, 1764632334545, 3595
pause-pod-2-35, 1764632330964, 1764632334602, 3638
pause-pod-2-36, 1764632330974, 1764632334660, 3686
pause-pod-2-37, 1764632330989, 1764632334718, 3729
pause-pod-2-38, 1764632330998, 1764632334776, 3778
pause-pod-2-39, 1764632331028, 1764632334833, 3805
pause-pod-2-40, 1764632331032, 1764632334891, 3859
pause-pod-2-41, 1764632331036, 1764632334948, 3912
pause-pod-2-42, 1764632331044, 1764632335005, 3961
pause-pod-2-43, 1764632331051, 1764632335063, 4012
pause-pod-2-44, 1764632331071, 1764632335120, 4049
pause-pod-2-45, 1764632331081, 1764632335178, 4097
pause-pod-2-46, 1764632331090, 1764632335235, 4145
pause-pod-2-47, 1764632331103, 1764632335293, 4190
pause-pod-2-48, 1764632331107, 1764632335351, 4244
pause-pod-2-49, 1764632331145, 1764632335408, 4263
pause-pod-2-50, 1764632331152, 1764632335465, 4313
pause-pod-3-1, 1764632406036, 1764632407028, 992
pause-pod-3-2, 1764632406037, 1764632407475, 1438
pause-pod-3-3, 1764632406039, 1764632407537, 1498
pause-pod-3-4, 1764632406041, 1764632407602, 1561
pause-pod-3-5, 1764632406042, 1764632407666, 1624
pause-pod-3-6, 1764632406044, 1764632407724, 1680
pause-pod-3-7, 1764632406046, 1764632407782, 1736
pause-pod-3-8, 1764632406048, 1764632407841, 1793
pause-pod-3-9, 1764632406050, 1764632407899, 1849
pause-pod-3-10, 1764632406052, 1764632407956, 1904
pause-pod-3-11, 1764632406054, 1764632408013, 1959
pause-pod-3-12, 1764632406056, 1764632408082, 2026
pause-pod-3-13, 1764632406059, 1764632408249, 2190
pause-pod-3-14, 1764632406061, 1764632408318, 2257
pause-pod-3-15, 1764632406064, 1764632408376, 2312
pause-pod-3-16, 1764632406067, 1764632408434, 2367
pause-pod-3-17, 1764632406070, 1764632408492, 2422
pause-pod-3-18, 1764632406072, 1764632408548, 2476
pause-pod-3-19, 1764632406076, 1764632408606, 2530
pause-pod-3-20, 1764632406081, 1764632408664, 2583
pause-pod-3-21, 1764632406106, 1764632408721, 2615
pause-pod-3-22, 1764632406111, 1764632408779, 2668
pause-pod-3-23, 1764632406120, 1764632408837, 2717
pause-pod-3-24, 1764632406141, 1764632408894, 2753
pause-pod-3-25, 1764632406144, 1764632408951, 2807
pause-pod-3-26, 1764632406199, 1764632409008, 2809
pause-pod-3-27, 1764632406219, 1764632409066, 2847
pause-pod-3-28, 1764632406224, 1764632409124, 2900
pause-pod-3-29, 1764632406235, 1764632409182, 2947
pause-pod-3-30, 1764632406248, 1764632409239, 2991
pause-pod-3-31, 1764632406253, 1764632409299, 3046
pause-pod-3-32, 1764632406269, 1764632409356, 3087
pause-pod-3-33, 1764632406276, 1764632409414, 3138
pause-pod-3-34, 1764632406282, 1764632409471, 3189
pause-pod-3-35, 1764632406290, 1764632409528, 3238
pause-pod-3-36, 1764632406328, 1764632409586, 3258
pause-pod-3-37, 1764632406341, 1764632409643, 3302
pause-pod-3-38, 1764632406346, 1764632409700, 3354
pause-pod-3-39, 1764632406354, 1764632409756, 3402
pause-pod-3-40, 1764632406358, 1764632409825, 3467
pause-pod-3-41, 1764632406365, 1764632409881, 3516
pause-pod-3-42, 1764632406396, 1764632409937, 3541
pause-pod-3-43, 1764632406425, 1764632409993, 3568
pause-pod-3-44, 1764632406433, 1764632410049, 3616
pause-pod-3-45, 1764632406441, 1764632410105, 3664
pause-pod-3-46, 1764632406447, 1764632410162, 3715
pause-pod-3-47, 1764632406457, 1764632410218, 3761
pause-pod-3-48, 1764632406465, 1764632410275, 3810
pause-pod-3-49, 1764632406481, 1764632410333, 3852
pause-pod-3-50, 1764632406485, 1764632410392, 3907
pause-pod-4-1, 1764632481253, 1764632482415, 1162
pause-pod-4-2, 1764632481255, 1764632482764, 1509
pause-pod-4-3, 1764632481257, 1764632482824, 1567
pause-pod-4-4, 1764632481259, 1764632482883, 1624
pause-pod-4-5, 1764632481261, 1764632482940, 1679
pause-pod-4-6, 1764632481263, 1764632482999, 1736
pause-pod-4-7, 1764632481265, 1764632483351, 2086
pause-pod-4-8, 1764632481268, 1764632483417, 2149
pause-pod-4-9, 1764632481270, 1764632483478, 2208
pause-pod-4-10, 1764632481274, 1764632483535, 2261
pause-pod-4-11, 1764632481277, 1764632483594, 2317
pause-pod-4-12, 1764632481279, 1764632483650, 2371
pause-pod-4-13, 1764632481282, 1764632483707, 2425
pause-pod-4-14, 1764632481289, 1764632483763, 2474
pause-pod-4-15, 1764632481292, 1764632483821, 2529
pause-pod-4-16, 1764632481296, 1764632483877, 2581
pause-pod-4-17, 1764632481312, 1764632483934, 2622
pause-pod-4-18, 1764632481337, 1764632483991, 2654
pause-pod-4-19, 1764632481346, 1764632484048, 2702
pause-pod-4-20, 1764632481355, 1764632484104, 2749
pause-pod-4-21, 1764632481364, 1764632484161, 2797
pause-pod-4-22, 1764632481386, 1764632484217, 2831
pause-pod-4-23, 1764632481390, 1764632484275, 2885
pause-pod-4-24, 1764632481395, 1764632484334, 2939
pause-pod-4-25, 1764632481401, 1764632484390, 2989
pause-pod-4-26, 1764632481406, 1764632484447, 3041
pause-pod-4-27, 1764632481410, 1764632484505, 3095
pause-pod-4-28, 1764632481435, 1764632484562, 3127
pause-pod-4-29, 1764632481446, 1764632484619, 3173
pause-pod-4-30, 1764632481451, 1764632484675, 3224
pause-pod-4-31, 1764632481456, 1764632484732, 3276
pause-pod-4-32, 1764632481460, 1764632484792, 3332
pause-pod-4-33, 1764632481466, 1764632484850, 3384
pause-pod-4-34, 1764632481469, 1764632484907, 3438
pause-pod-4-35, 1764632481474, 1764632484963, 3489
pause-pod-4-36, 1764632481486, 1764632485021, 3535
pause-pod-4-37, 1764632481489, 1764632485080, 3591
pause-pod-4-38, 1764632481503, 1764632485137, 3634
pause-pod-4-39, 1764632481508, 1764632485194, 3686
pause-pod-4-40, 1764632481529, 1764632485251, 3722
pause-pod-4-41, 1764632481541, 1764632485308, 3767
pause-pod-4-42, 1764632481567, 1764632485366, 3799
pause-pod-4-43, 1764632481574, 1764632485423, 3849
pause-pod-4-44, 1764632481577, 1764632485481, 3904
pause-pod-4-45, 1764632481584, 1764632485537, 3953
pause-pod-4-46, 1764632481588, 1764632485594, 4006
pause-pod-4-47, 1764632481591, 1764632485651, 4060
pause-pod-4-48, 1764632481609, 1764632485708, 4099
pause-pod-4-49, 1764632481650, 1764632485765, 4115
pause-pod-4-50, 1764632481673, 1764632485823, 4150
pause-pod-5-1, 1764632556408, 1764632557564, 1156
pause-pod-5-2, 1764632556410, 1764632557742, 1332
pause-pod-5-3, 1764632556413, 1764632557913, 1500
pause-pod-5-4, 1764632556415, 1764632557975, 1560
pause-pod-5-5, 1764632556417, 1764632558035, 1618
pause-pod-5-6, 1764632556419, 1764632558092, 1673
pause-pod-5-7, 1764632556421, 1764632558153, 1732
pause-pod-5-8, 1764632556424, 1764632558211, 1787
pause-pod-5-9, 1764632556426, 1764632558271, 1845
pause-pod-5-10, 1764632556429, 1764632558328, 1899
pause-pod-5-11, 1764632556432, 1764632558387, 1955
pause-pod-5-12, 1764632556435, 1764632558446, 2011
pause-pod-5-13, 1764632556438, 1764632558504, 2066
pause-pod-5-14, 1764632556443, 1764632558565, 2122
pause-pod-5-15, 1764632556452, 1764632558632, 2180
pause-pod-5-16, 1764632556456, 1764632558693, 2237
pause-pod-5-17, 1764632556464, 1764632558751, 2287
pause-pod-5-18, 1764632556467, 1764632558808, 2341
pause-pod-5-19, 1764632556474, 1764632558868, 2394
pause-pod-5-20, 1764632556487, 1764632558925, 2438
pause-pod-5-21, 1764632556509, 1764632558981, 2472
pause-pod-5-22, 1764632556524, 1764632559040, 2516
pause-pod-5-23, 1764632556531, 1764632559102, 2571
pause-pod-5-24, 1764632556554, 1764632559160, 2606
pause-pod-5-25, 1764632556560, 1764632559218, 2658
pause-pod-5-26, 1764632556573, 1764632559275, 2702
pause-pod-5-27, 1764632556576, 1764632559333, 2757
pause-pod-5-28, 1764632556596, 1764632559391, 2795
pause-pod-5-29, 1764632556602, 1764632559448, 2846
pause-pod-5-30, 1764632556606, 1764632559506, 2900
pause-pod-5-31, 1764632556613, 1764632559562, 2949
pause-pod-5-32, 1764632556629, 1764632559620, 2991
pause-pod-5-33, 1764632556633, 1764632559676, 3043
pause-pod-5-34, 1764632556638, 1764632559732, 3094
pause-pod-5-35, 1764632556652, 1764632559789, 3137
pause-pod-5-36, 1764632556657, 1764632559851, 3194
pause-pod-5-37, 1764632556662, 1764632559909, 3247
pause-pod-5-38, 1764632556678, 1764632559966, 3288
pause-pod-5-39, 1764632556695, 1764632560024, 3329
pause-pod-5-40, 1764632556708, 1764632560082, 3374
pause-pod-5-41, 1764632556723, 1764632560140, 3417
pause-pod-5-42, 1764632556729, 1764632560199, 3470
pause-pod-5-43, 1764632556738, 1764632560263, 3525
pause-pod-5-44, 1764632556778, 1764632560321, 3543
pause-pod-5-45, 1764632556798, 1764632560378, 3580
pause-pod-5-46, 1764632556803, 1764632560436, 3633
pause-pod-5-47, 1764632556810, 1764632560494, 3684
pause-pod-5-48, 1764632556815, 1764632560550, 3735
pause-pod-5-49, 1764632556847, 1764632560610, 3763
pause-pod-5-50, 1764632556860, 1764632560668, 3808
pause-pod-6-1, 1764632631403, 1764632633017, 1614
pause-pod-6-2, 1764632631405, 1764632633084, 1679
pause-pod-6-3, 1764632631407, 1764632633153, 1746
pause-pod-6-4, 1764632631409, 1764632633216, 1807
pause-pod-6-5, 1764632631410, 1764632633282, 1872
pause-pod-6-6, 1764632631412, 1764632633341, 1929
pause-pod-6-7, 1764632631414, 1764632633398, 1984
pause-pod-6-8, 1764632631416, 1764632633457, 2041
pause-pod-6-9, 1764632631418, 1764632633515, 2097
pause-pod-6-10, 1764632631420, 1764632633572, 2152
pause-pod-6-11, 1764632631422, 1764632633629, 2207
pause-pod-6-12, 1764632631426, 1764632633687, 2261
pause-pod-6-13, 1764632631429, 1764632633746, 2317
pause-pod-6-14, 1764632631431, 1764632633803, 2372
pause-pod-6-15, 1764632631435, 1764632633861, 2426
pause-pod-6-16, 1764632631443, 1764632633926, 2483
pause-pod-6-17, 1764632631447, 1764632633982, 2535
pause-pod-6-18, 1764632631449, 1764632634040, 2591
pause-pod-6-19, 1764632631455, 1764632634099, 2644
pause-pod-6-20, 1764632631461, 1764632634156, 2695
pause-pod-6-21, 1764632631468, 1764632634215, 2747
pause-pod-6-22, 1764632631482, 1764632634274, 2792
pause-pod-6-23, 1764632631506, 1764632634332, 2826
pause-pod-6-24, 1764632631519, 1764632634390, 2871
pause-pod-6-25, 1764632631521, 1764632634448, 2927
pause-pod-6-26, 1764632631526, 1764632634506, 2980
pause-pod-6-27, 1764632631569, 1764632634564, 2995
pause-pod-6-28, 1764632631583, 1764632634623, 3040
pause-pod-6-29, 1764632631590, 1764632634680, 3090
pause-pod-6-30, 1764632631619, 1764632634737, 3118
pause-pod-6-31, 1764632631636, 1764632634795, 3159
pause-pod-6-32, 1764632631644, 1764632634852, 3208
pause-pod-6-33, 1764632631662, 1764632634909, 3247
pause-pod-6-34, 1764632631679, 1764632634966, 3287
pause-pod-6-35, 1764632631682, 1764632635022, 3340
pause-pod-6-36, 1764632631686, 1764632635079, 3393
pause-pod-6-37, 1764632631692, 1764632635138, 3446
pause-pod-6-38, 1764632631696, 1764632635198, 3502
pause-pod-6-39, 1764632631716, 1764632635255, 3539
pause-pod-6-40, 1764632631738, 1764632635312, 3574
pause-pod-6-41, 1764632631748, 1764632635369, 3621
pause-pod-6-42, 1764632631754, 1764632635426, 3672
pause-pod-6-43, 1764632631763, 1764632635483, 3720
pause-pod-6-44, 1764632631768, 1764632635541, 3773
pause-pod-6-45, 1764632631790, 1764632635598, 3808
pause-pod-6-46, 1764632631810, 1764632635655, 3845
pause-pod-6-47, 1764632631819, 1764632635712, 3893
pause-pod-6-48, 1764632631830, 1764632635769, 3939
pause-pod-6-49, 1764632631839, 1764632635827, 3988
pause-pod-6-50, 1764632631851, 1764632635884, 4033
