Pod Name, Creation Timestamp, Ready Timestamp, Latency (milliseconds)
pause-pod-1-1, 1764632245106, 1764632247709, 2603
pause-pod-1-2, 1764632245108, 1764632247870, 2762
pause-pod-1-3, 1764632245111, 1764632248028, 2917
pause-pod-1-4, 1764632245113, 1764632248187, 3074
pause-pod-1-5, 1764632245116, 1764632248345, 3229
pause-pod-1-6, 1764632245118, 1764632248505, 3387
pause-pod-1-7, 1764632245121, 1764632248662, 3541
pause-pod-1-8, 1764632245124, 1764632248823, 3699
pause-pod-1-9, 1764632245127, 1764632248980, 3853
pause-pod-1-10, 1764632245129, 1764632249137, 4008
pause-pod-1-11, 1764632245136, 1764632249296, 4160
pause-pod-1-12, 1764632245140, 1764632249453, 4313
pause-pod-1-13, 1764632245143, 1764632249612, 4469
pause-pod-1-14, 1764632245147, 1764632249770, 4623
pause-pod-1-15, 1764632245154, 1764632249929, 4775
pause-pod-1-16, 1764632245158, 1764632250088, 4930
pause-pod-1-17, 1764632245162, 1764632250246, 5084
pause-pod-1-18, 1764632245165, 1764632250405, 5240
pause-pod-1-19, 1764632245199, 1764632250564, 5365
pause-pod-1-20, 1764632245215, 1764632250722, 5507
pause-pod-1-21, 1764632245234, 1764632250880, 5646
pause-pod-1-22, 1764632245257, 1764632251039, 5782
pause-pod-1-23, 1764632245272, 1764632251197, 5925
pause-pod-1-24, 1764632245282, 1764632251354, 6072
pause-pod-1-25, 1764632245328, 1764632251524, 6196
pause-pod-1-26, 1764632245346, 1764632251681, 6335
pause-pod-1-27, 1764632245407, 1764632251840, 6433
pause-pod-1-28, 1764632245411, 1764632251998, 6587
pause-pod-1-29, 1764632245415, 1764632252157, 6742
pause-pod-1-30, 1764632245419, 1764632252316, 6897
pause-pod-1-31, 1764632245450, 1764632252474, 7024
pause-pod-1-32, 1764632245490, 1764632252632, 7142
pause-pod-1-33, 1764632245511, 1764632252790, 7279
pause-pod-1-34, 1764632245551, 1764632252947, 7396
pause-pod-1-35, 1764632245602, 1764632253105, 7503
pause-pod-1-36, 1764632245612, 1764632253261, 7649
pause-pod-1-37, 1764632245624, 1764632253418, 7794
pause-pod-1-38, 1764632245638, 1764632253577, 7939
pause-pod-1-39, 1764632245646, 1764632253733, 8087
pause-pod-1-40, 1764632245665, 1764632253891, 8226
pause-pod-1-41, 1764632245697, 1764632254049, 8352
pause-pod-1-42, 1764632245707, 1764632254206, 8499
pause-pod-1-43, 1764632245726, 1764632254363, 8637
pause-pod-1-44, 1764632245750, 1764632254522, 8772
pause-pod-1-45, 1764632245801, 1764632254679, 8878
pause-pod-1-46, 1764632245873, 1764632254837, 8964
pause-pod-1-47, 1764632245883, 1764632254995, 9112
pause-pod-1-48, 1764632245929, 1764632255153, 9224
pause-pod-1-49, 1764632245948, 1764632255311, 9363
pause-pod-1-50, 1764632245960, 1764632255468, 9508
pause-pod-2-1, 1764632320014, 1764632322785, 2771
pause-pod-2-2, 1764632320015, 1764632322950, 2935
pause-pod-2-3, 1764632320017, 1764632323109, 3092
pause-pod-2-4, 1764632320019, 1764632323267, 3248
pause-pod-2-5, 1764632320021, 1764632323425, 3404
pause-pod-2-6, 1764632320023, 1764632323583, 3560
pause-pod-2-7, 1764632320026, 1764632323743, 3717
pause-pod-2-8, 1764632320028, 1764632323902, 3874
pause-pod-2-9, 1764632320031, 1764632324060, 4029
pause-pod-2-10, 1764632320034, 1764632324223, 4189
pause-pod-2-11, 1764632320037, 1764632324380, 4343
pause-pod-2-12, 1764632320040, 1764632324539, 4499
pause-pod-2-13, 1764632320044, 1764632324697, 4653
pause-pod-2-14, 1764632320048, 1764632324856, 4808
pause-pod-2-15, 1764632320051, 1764632325015, 4964
pause-pod-2-16, 1764632320058, 1764632325174, 5116
pause-pod-2-17, 1764632320066, 1764632325332, 5266
pause-pod-2-18, 1764632320086, 1764632325494, 5408
pause-pod-2-19, 1764632320095, 1764632325651, 5556
pause-pod-2-20, 1764632320101, 1764632325811, 5710
pause-pod-2-21, 1764632320119, 1764632325970, 5851
pause-pod-2-22, 1764632320140, 1764632326129, 5989
pause-pod-2-23, 1764632320167, 1764632326288, 6121
pause-pod-2-24, 1764632320214, 1764632326447, 6233
pause-pod-2-25, 1764632320279, 1764632326606, 6327
pause-pod-2-26, 1764632320288, 1764632326765, 6477
pause-pod-2-27, 1764632320291, 1764632326923, 6632
pause-pod-2-28, 1764632320300, 1764632327081, 6781
pause-pod-2-29, 1764632320333, 1764632327241, 6908
pause-pod-2-30, 1764632320346, 1764632327400, 7054
pause-pod-2-31, 1764632320374, 1764632327559, 7185
pause-pod-2-32, 1764632320389, 1764632327718, 7329
pause-pod-2-33, 1764632320410, 1764632327878, 7468
pause-pod-2-34, 1764632320474, 1764632328039, 7565
pause-pod-2-35, 1764632320478, 1764632328197, 7719
pause-pod-2-36, 1764632320493, 1764632328357, 7864
pause-pod-2-37, 1764632320529, 1764632328515, 7986
pause-pod-2-38, 1764632320558, 1764632328674, 8116
pause-pod-2-39, 1764632320659, 1764632328832, 8173
pause-pod-2-40, 1764632320684, 1764632328990, 8306
pause-pod-2-41, 1764632320694, 1764632329149, 8455
pause-pod-2-42, 1764632320699, 1764632329309, 8610
pause-pod-2-43, 1764632320719, 1764632329467, 8748
pause-pod-2-44, 1764632320761, 1764632329627, 8866
pause-pod-2-45, 1764632320868, 1764632329785, 8917
pause-pod-2-46, 1764632320901, 1764632329943, 9042
pause-pod-2-47, 1764632320929, 1764632330101, 9172
pause-pod-2-48, 1764632320937, 1764632330259, 9322
pause-pod-2-49, 1764632320967, 1764632330418, 9451
pause-pod-2-50, 1764632321043, 1764632330576, 9533
pause-pod-3-1, 1764632395481, 1764632398102, 2621
pause-pod-3-2, 1764632395484, 1764632398267, 2783
pause-pod-3-3, 1764632395486, 1764632398430, 2944
pause-pod-3-4, 1764632395488, 1764632398589, 3101
pause-pod-3-5, 1764632395491, 1764632398748, 3257
pause-pod-3-6, 1764632395494, 1764632398907, 3413
pause-pod-3-7, 1764632395497, 1764632399066, 3569
pause-pod-3-8, 1764632395500, 1764632399234, 3734
pause-pod-3-9, 1764632395503, 1764632399392, 3889
pause-pod-3-10, 1764632395507, 1764632399551, 4044
pause-pod-3-11, 1764632395510, 1764632399711, 4201
pause-pod-3-12, 1764632395514, 1764632399870, 4356
pause-pod-3-13, 1764632395518, 1764632400028, 4510
pause-pod-3-14, 1764632395521, 1764632400187, 4666
pause-pod-3-15, 1764632395525, 1764632400345, 4820
pause-pod-3-16, 1764632395530, 1764632400502, 4972
pause-pod-3-17, 1764632395546, 1764632400660, 5114
pause-pod-3-18, 1764632395572, 1764632400818, 5246
pause-pod-3-19, 1764632395596, 1764632400976, 5380
pause-pod-3-20, 1764632395599, 1764632401134, 5535
pause-pod-3-21, 1764632395605, 1764632401292, 5687
pause-pod-3-22, 1764632395622, 1764632401450, 5828
pause-pod-3-23, 1764632395685, 1764632401608, 5923
pause-pod-3-24, 1764632395698, 1764632401766, 6068
pause-pod-3-25, 1764632395716, 1764632401926, 6210
pause-pod-3-26, 1764632395738, 1764632402085, 6347
pause-pod-3-27, 1764632395795, 1764632402244, 6449
pause-pod-3-28, 1764632395819, 1764632402402, 6583
pause-pod-3-29, 1764632395836, 1764632402562, 6726
pause-pod-3-30, 1764632395858, 1764632402721, 6863
pause-pod-3-31, 1764632395918, 1764632402879, 6961
pause-pod-3-32, 1764632395926, 1764632403037, 7111
pause-pod-3-33, 1764632395971, 1764632403195, 7224
pause-pod-3-34, 1764632396002, 1764632403354, 7352
pause-pod-3-35, 1764632396032, 1764632403513, 7481
pause-pod-3-36, 1764632396047, 1764632403672, 7625
pause-pod-3-37, 1764632396066, 1764632403831, 7765
pause-pod-3-38, 1764632396088, 1764632403990, 7902
pause-pod-3-39, 1764632396117, 1764632404148, 8031
pause-pod-3-40, 1764632396165, 1764632404307, 8142
pause-pod-3-41, 1764632396212, 1764632404466, 8254
pause-pod-3-42, 1764632396219, 1764632404624, 8405
pause-pod-3-43, 1764632396231, 1764632404782, 8551
pause-pod-3-44, 1764632396305, 1764632404940, 8635
pause-pod-3-45, 1764632396326, 1764632405099, 8773
pause-pod-3-46, 1764632396405, 1764632405257, 8852
pause-pod-3-47, 1764632396411, 1764632405416, 9005
pause-pod-3-48, 1764632396422, 1764632405575, 9153
pause-pod-3-49, 1764632396493, 1764632405734, 9241
pause-pod-3-50, 1764632396553, 1764632405892, 9339
pause-pod-4-1, 1764632470408, 1764632473345, 2937
pause-pod-4-2, 1764632470410, 1764632473528, 3118
pause-pod-4-3, 1764632470412, 1764632473689, 3277
pause-pod-4-4, 1764632470414, 1764632473849, 3435
pause-pod-4-5, 1764632470416, 1764632474006, 3590
pause-pod-4-6, 1764632470418, 1764632474168, 3750
pause-pod-4-7, 1764632470420, 1764632474326, 3906
pause-pod-4-8, 1764632470423, 1764632474484, 4061
pause-pod-4-9, 1764632470425, 1764632474642, 4217
pause-pod-4-10, 1764632470428, 1764632474802, 4374
pause-pod-4-11, 1764632470432, 1764632474961, 4529
pause-pod-4-12, 1764632470434, 1764632475120, 4686
pause-pod-4-13, 1764632470436, 1764632475279, 4843
pause-pod-4-14, 1764632470439, 1764632475437, 4998
pause-pod-4-15, 1764632470442, 1764632475594, 5152
pause-pod-4-16, 1764632470444, 1764632475752, 5308
pause-pod-4-17, 1764632470447, 1764632475909, 5462
pause-pod-4-18, 1764632470452, 1764632476067, 5615
pause-pod-4-19, 1764632470459, 1764632476227, 5768
pause-pod-4-20, 1764632470462, 1764632476386, 5924
pause-pod-4-21, 1764632470488, 1764632476544, 6056
pause-pod-4-22, 1764632470514, 1764632476702, 6188
pause-pod-4-23, 1764632470535, 1764632476861, 6326
pause-pod-4-24, 1764632470542, 1764632477018, 6476
pause-pod-4-25, 1764632470546, 1764632477178, 6632
pause-pod-4-26, 1764632470550, 1764632477337, 6787
pause-pod-4-27, 1764632470559, 1764632477495, 6936
pause-pod-4-28, 1764632470580, 1764632477653, 7073
pause-pod-4-29, 1764632470638, 1764632477811, 7173
pause-pod-4-30, 1764632470703, 1764632477970, 7267
pause-pod-4-31, 1764632470707, 1764632478128, 7421
pause-pod-4-32, 1764632470734, 1764632478287, 7553
pause-pod-4-33, 1764632470764, 1764632478446, 7682
pause-pod-4-34, 1764632470798, 1764632478605, 7807
pause-pod-4-35, 1764632470817, 1764632478763, 7946
pause-pod-4-36, 1764632470823, 1764632478921, 8098
pause-pod-4-37, 1764632470850, 1764632479079, 8229
pause-pod-4-38, 1764632470917, 1764632479237, 8320
pause-pod-4-39, 1764632470943, 1764632479396, 8453
pause-pod-4-40, 1764632471014, 1764632479554, 8540
pause-pod-4-41, 1764632471048, 1764632479712, 8664
pause-pod-4-42, 1764632471078, 1764632479871, 8793
pause-pod-4-43, 1764632471112, 1764632480031, 8919
pause-pod-4-44, 1764632471147, 1764632480189, 9042
pause-pod-4-45, 1764632471161, 1764632480348, 9187
pause-pod-4-46, 1764632471189, 1764632480506, 9317
pause-pod-4-47, 1764632471238, 1764632480667, 9429
pause-pod-4-48, 1764632471251, 1764632480825, 9574
pause-pod-4-49, 1764632471347, 1764632480982, 9635
pause-pod-4-50, 1764632471409, 1764632481140, 9731
pause-pod-5-1, 1764632545839, 1764632548505, 2666
pause-pod-5-2, 1764632545841, 1764632548672, 2831
pause-pod-5-3, 1764632545843, 1764632548831, 2988
pause-pod-5-4, 1764632545845, 1764632548992, 3147
pause-pod-5-5, 1764632545848, 1764632549150, 3302
pause-pod-5-6, 1764632545850, 1764632549308, 3458
pause-pod-5-7, 1764632545852, 1764632549467, 3615
pause-pod-5-8, 1764632545854, 1764632549626, 3772
pause-pod-5-9, 1764632545857, 1764632549785, 3928
pause-pod-5-10, 1764632545865, 1764632549944, 4079
pause-pod-5-11, 1764632545867, 1764632550102, 4235
pause-pod-5-12, 1764632545870, 1764632550279, 4409
pause-pod-5-13, 1764632545874, 1764632550442, 4568
pause-pod-5-14, 1764632545880, 1764632550600, 4720
pause-pod-5-15, 1764632545883, 1764632550759, 4876
pause-pod-5-16, 1764632545891, 1764632550916, 5025
pause-pod-5-17, 1764632545907, 1764632551075, 5168
pause-pod-5-18, 1764632545915, 1764632551236, 5321
pause-pod-5-19, 1764632545927, 1764632551393, 5466
pause-pod-5-20, 1764632545945, 1764632551551, 5606
pause-pod-5-21, 1764632545961, 1764632551708, 5747
pause-pod-5-22, 1764632545987, 1764632551867, 5880
pause-pod-5-23, 1764632546003, 1764632552026, 6023
pause-pod-5-24, 1764632546005, 1764632552184, 6179
pause-pod-5-25, 1764632546022, 1764632552342, 6320
pause-pod-5-26, 1764632546027, 1764632552502, 6475
pause-pod-5-27, 1764632546036, 1764632552661, 6625
pause-pod-5-28, 1764632546067, 1764632552819, 6752
pause-pod-5-29, 1764632546103, 1764632552977, 6874
pause-pod-5-30, 1764632546106, 1764632553135, 7029
pause-pod-5-31, 1764632546115, 1764632553295, 7180
pause-pod-5-32, 1764632546193, 1764632553453, 7260
pause-pod-5-33, 1764632546208, 1764632553611, 7403
pause-pod-5-34, 1764632546333, 1764632553769, 7436
pause-pod-5-35, 1764632546341, 1764632553927, 7586
pause-pod-5-36, 1764632546375, 1764632554085, 7710
pause-pod-5-37, 1764632546387, 1764632554242, 7855
pause-pod-5-38, 1764632546442, 1764632554401, 7959
pause-pod-5-39, 1764632546449, 1764632554558, 8109
pause-pod-5-40, 1764632546461, 1764632554716, 8255
pause-pod-5-41, 1764632546469, 1764632554875, 8406
pause-pod-5-42, 1764632546481, 1764632555032, 8551
pause-pod-5-43, 1764632546591, 1764632555189, 8598
pause-pod-5-44, 1764632546605, 1764632555347, 8742
pause-pod-5-45, 1764632546620, 1764632555506, 8886
pause-pod-5-46, 1764632546631, 1764632555664, 9033
pause-pod-5-47, 1764632546676, 1764632555821, 9145
pause-pod-5-48, 1764632546685, 1764632555978, 9293
pause-pod-5-49, 1764632546715, 1764632556138, 9423
pause-pod-5-50, 1764632546802, 1764632556296, 9494
pause-pod-6-1, 1764632620685, 1764632622761, 2076
pause-pod-6-2, 1764632620688, 1764632622947, 2259
pause-pod-6-3, 1764632620690, 1764632623836, 3146
pause-pod-6-4, 1764632620693, 1764632623995, 3302
pause-pod-6-5, 1764632620696, 1764632624154, 3458
pause-pod-6-6, 1764632620698, 1764632624315, 3617
pause-pod-6-7, 1764632620701, 1764632624473, 3772
pause-pod-6-8, 1764632620703, 1764632624635, 3932
pause-pod-6-9, 1764632620707, 1764632624796, 4089
pause-pod-6-10, 1764632620710, 1764632624954, 4244
pause-pod-6-11, 1764632620713, 1764632625114, 4401
pause-pod-6-12, 1764632620717, 1764632625272, 4555
pause-pod-6-13, 1764632620720, 1764632625430, 4710
pause-pod-6-14, 1764632620724, 1764632625588, 4864
pause-pod-6-15, 1764632620729, 1764632625745, 5016
pause-pod-6-16, 1764632620733, 1764632625904, 5171
pause-pod-6-17, 1764632620744, 1764632626062, 5318
pause-pod-6-18, 1764632620749, 1764632626220, 5471
pause-pod-6-19, 1764632620753, 1764632626380, 5627
pause-pod-6-20, 1764632620760, 1764632626538, 5778
pause-pod-6-21, 1764632620778, 1764632626696, 5918
pause-pod-6-22, 1764632620790, 1764632626854, 6064
pause-pod-6-23, 1764632620799, 1764632627013, 6214
pause-pod-6-24, 1764632620846, 1764632627171, 6325
pause-pod-6-25, 1764632620852, 1764632627329, 6477
pause-pod-6-26, 1764632620855, 1764632627487, 6632
pause-pod-6-27, 1764632620869, 1764632627646, 6777
pause-pod-6-28, 1764632620884, 1764632627804, 6920
pause-pod-6-29, 1764632620913, 1764632627962, 7049
pause-pod-6-30, 1764632620963, 1764632628121, 7158
pause-pod-6-31, 1764632621021, 1764632628280, 7259
pause-pod-6-32, 1764632621112, 1764632628439, 7327
pause-pod-6-33, 1764632621130, 1764632628597, 7467
pause-pod-6-34, 1764632621148, 1764632628756, 7608
pause-pod-6-35, 1764632621204, 1764632628916, 7712
pause-pod-6-36, 1764632621282, 1764632629073, 7791
pause-pod-6-37, 1764632621351, 1764632629231, 7880
pause-pod-6-38, 1764632621387, 1764632629390, 8003
pause-pod-6-39, 1764632621423, 1764632629548, 8125
pause-pod-6-40, 1764632621432, 1764632629706, 8274
pause-pod-6-41, 1764632621447, 1764632629865, 8418
pause-pod-6-42, 1764632621453, 1764632630022, 8569
pause-pod-6-43, 1764632621466, 1764632630180, 8714
pause-pod-6-44, 1764632621506, 1764632630340, 8834
pause-pod-6-45, 1764632621528, 1764632630498, 8970
pause-pod-6-46, 1764632621582, 1764632630657, 9075
pause-pod-6-47, 1764632621622, 1764632630815, 9193
pause-pod-6-48, 1764632621665, 1764632630974, 9309
pause-pod-6-49, 1764632621673, 1764632631132, 9459
pause-pod-6-50, 1764632621679, 1764632631290, 9611
