Pod Name, Delete Start Timestamp, Deleted Confirmed Timestamp, Delete Latency (milliseconds)
pause-pod-1-1, 1764632716801, 1764632718580, 1779
pause-pod-1-2, 1764632716803, 1764632718673, 1870
pause-pod-1-3, 1764632716806, 1764632718743, 1937
pause-pod-1-4, 1764632716808, 1764632718846, 2038
pause-pod-1-5, 1764632716810, 1764632718908, 2098
pause-pod-1-6, 1764632716812, 1764632718972, 2160
pause-pod-1-7, 1764632716815, 1764632719045, 2230
pause-pod-1-8, 1764632716818, 1764632719114, 2296
pause-pod-1-9, 1764632716821, 1764632719183, 2362
pause-pod-1-10, 1764632716824, 1764632719248, 2424
pause-pod-1-11, 1764632716828, 1764632719311, 2483
pause-pod-1-12, 1764632716831, 1764632719374, 2543
pause-pod-1-13, 1764632716835, 1764632719598, 2763
pause-pod-1-14, 1764632716842, 1764632719667, 2825
pause-pod-1-15, 1764632716846, 1764632719764, 2918
pause-pod-1-16, 1764632716852, 1764632719829, 2977
pause-pod-1-17, 1764632716862, 1764632719889, 3027
pause-pod-1-18, 1764632716892, 1764632719949, 3057
pause-pod-1-19, 1764632716908, 1764632720007, 3099
pause-pod-1-20, 1764632716913, 1764632720065, 3152
pause-pod-1-21, 1764632716926, 1764632720123, 3197
pause-pod-1-22, 1764632716938, 1764632720181, 3243
pause-pod-1-23, 1764632716942, 1764632720238, 3296
pause-pod-1-24, 1764632716950, 1764632720296, 3346
pause-pod-1-25, 1764632716958, 1764632720353, 3395
pause-pod-1-26, 1764632716985, 1764632720412, 3427
pause-pod-1-27, 1764632717002, 1764632720470, 3468
pause-pod-1-28, 1764632717006, 1764632720530, 3524
pause-pod-1-29, 1764632717009, 1764632720589, 3580
pause-pod-1-30, 1764632717020, 1764632720646, 3626
pause-pod-1-31, 1764632717025, 1764632720704, 3679
pause-pod-1-32, 1764632717049, 1764632720761, 3712
pause-pod-1-33, 1764632717054, 1764632720818, 3764
pause-pod-1-34, 1764632717065, 1764632720874, 3809
pause-pod-1-35, 1764632717070, 1764632720931, 3861
pause-pod-1-36, 1764632717080, 1764632720989, 3909
pause-pod-1-37, 1764632717093, 1764632721046, 3953
pause-pod-1-38, 1764632717104, 1764632721104, 4000
pause-pod-1-39, 1764632717119, 1764632721165, 4046
pause-pod-1-40, 1764632717129, 1764632721222, 4093
pause-pod-1-41, 1764632717139, 1764632721280, 4141
pause-pod-1-42, 1764632717144, 1764632721337, 4193
pause-pod-1-43, 1764632717153, 1764632721396, 4243
pause-pod-1-44, 1764632717177, 1764632721454, 4277
pause-pod-1-45, 1764632717184, 1764632721514, 4330
pause-pod-1-46, 1764632717205, 1764632721571, 4366
pause-pod-1-47, 1764632717209, 1764632721631, 4422
pause-pod-1-48, 1764632717234, 1764632721690, 4456
pause-pod-1-49, 1764632717238, 1764632721747, 4509
pause-pod-1-50, 1764632717242, 1764632721805, 4563
pause-pod-1-51, 1764632717259, 1764632721866, 4607
pause-pod-1-52, 1764632717292, 1764632721923, 4631
pause-pod-1-53, 1764632717302, 1764632721982, 4680
pause-pod-1-54, 1764632717333, 1764632722040, 4707
pause-pod-1-55, 1764632717336, 1764632722099, 4763
pause-pod-1-56, 1764632717351, 1764632722157, 4806
pause-pod-1-57, 1764632717374, 1764632722217, 4843
pause-pod-1-58, 1764632717382, 1764632722275, 4893
pause-pod-1-59, 1764632717435, 1764632722333, 4898
pause-pod-1-60, 1764632717440, 1764632722392, 4952
pause-pod-1-61, 1764632717446, 1764632722451, 5005
pause-pod-1-62, 1764632717452, 1764632722512, 5060
pause-pod-1-63, 1764632717481, 1764632722570, 5089
pause-pod-1-64, 1764632717495, 1764632722628, 5133
pause-pod-1-65, 1764632717504, 1764632722684, 5180
pause-pod-1-66, 1764632717521, 1764632722741, 5220
pause-pod-1-67, 1764632717542, 1764632722800, 5258
pause-pod-1-68, 1764632717551, 1764632722857, 5306
pause-pod-1-69, 1764632717557, 1764632722914, 5357
pause-pod-1-70, 1764632717563, 1764632722970, 5407
pause-pod-1-71, 1764632717571, 1764632723028, 5457
pause-pod-1-72, 1764632717586, 1764632723088, 5502
pause-pod-1-73, 1764632717598, 1764632723145, 5547
pause-pod-1-74, 1764632717625, 1764632723204, 5579
pause-pod-1-75, 1764632717643, 1764632723263, 5620
pause-pod-1-76, 1764632717660, 1764632723327, 5667
pause-pod-1-77, 1764632717672, 1764632723385, 5713
pause-pod-1-78, 1764632717699, 1764632723443, 5744
pause-pod-1-79, 1764632717711, 1764632723500, 5789
pause-pod-1-80, 1764632717715, 1764632723558, 5843
pause-pod-1-81, 1764632717722, 1764632723615, 5893
pause-pod-1-82, 1764632717730, 1764632723674, 5944
pause-pod-1-83, 1764632717735, 1764632723730, 5995
pause-pod-1-84, 1764632717763, 1764632723788, 6025
pause-pod-1-85, 1764632717774, 1764632723846, 6072
pause-pod-1-86, 1764632717782, 1764632723903, 6121
pause-pod-1-87, 1764632717793, 1764632723961, 6168
pause-pod-1-88, 1764632717819, 1764632724019, 6200
pause-pod-1-89, 1764632717851, 1764632724077, 6226
pause-pod-1-90, 1764632717862, 1764632724135, 6273
pause-pod-1-91, 1764632717909, 1764632724192, 6283
pause-pod-1-92, 1764632717922, 1764632724249, 6327
pause-pod-1-93, 1764632717928, 1764632724307, 6379
pause-pod-1-94, 1764632717950, 1764632724365, 6415
pause-pod-1-95, 1764632717960, 1764632724423, 6463
pause-pod-1-96, 1764632717967, 1764632724481, 6514
pause-pod-1-97, 1764632717984, 1764632724539, 6555
pause-pod-1-98, 1764632718023, 1764632724597, 6574
pause-pod-1-99, 1764632718038, 1764632724656, 6618
pause-pod-1-100, 1764632718053, 1764632724713, 6660
pause-pod-2-1, 1764632805938, 1764632808713, 2775
pause-pod-2-2, 1764632805940, 1764632808774, 2834
pause-pod-2-3, 1764632805941, 1764632808834, 2893
pause-pod-2-4, 1764632805943, 1764632808893, 2950
pause-pod-2-5, 1764632805945, 1764632808972, 3027
pause-pod-2-6, 1764632805947, 1764632809028, 3081
pause-pod-2-7, 1764632805949, 1764632809086, 3137
pause-pod-2-8, 1764632805951, 1764632809146, 3195
pause-pod-2-9, 1764632805953, 1764632809204, 3251
pause-pod-2-10, 1764632805955, 1764632809261, 3306
pause-pod-2-11, 1764632805959, 1764632809321, 3362
pause-pod-2-12, 1764632805961, 1764632809379, 3418
pause-pod-2-13, 1764632805967, 1764632809441, 3474
pause-pod-2-14, 1764632805970, 1764632809500, 3530
pause-pod-2-15, 1764632805972, 1764632809557, 3585
pause-pod-2-16, 1764632805976, 1764632809616, 3640
pause-pod-2-17, 1764632805983, 1764632809673, 3690
pause-pod-2-18, 1764632805986, 1764632809729, 3743
pause-pod-2-19, 1764632805989, 1764632809786, 3797
pause-pod-2-20, 1764632805997, 1764632809845, 3848
pause-pod-2-21, 1764632806021, 1764632809903, 3882
pause-pod-2-22, 1764632806092, 1764632809961, 3869
pause-pod-2-23, 1764632806096, 1764632810018, 3922
pause-pod-2-24, 1764632806101, 1764632810076, 3975
pause-pod-2-25, 1764632806110, 1764632810134, 4024
pause-pod-2-26, 1764632806113, 1764632810190, 4077
pause-pod-2-27, 1764632806141, 1764632810248, 4107
pause-pod-2-28, 1764632806157, 1764632810306, 4149
pause-pod-2-29, 1764632806161, 1764632810364, 4203
pause-pod-2-30, 1764632806165, 1764632810420, 4255
pause-pod-2-31, 1764632806174, 1764632810477, 4303
pause-pod-2-32, 1764632806179, 1764632810534, 4355
pause-pod-2-33, 1764632806183, 1764632810592, 4409
pause-pod-2-34, 1764632806189, 1764632810649, 4460
pause-pod-2-35, 1764632806197, 1764632810708, 4511
pause-pod-2-36, 1764632806200, 1764632810765, 4565
pause-pod-2-37, 1764632806206, 1764632810823, 4617
pause-pod-2-38, 1764632806225, 1764632810881, 4656
pause-pod-2-39, 1764632806232, 1764632810938, 4706
pause-pod-2-40, 1764632806243, 1764632810994, 4751
pause-pod-2-41, 1764632806249, 1764632811051, 4802
pause-pod-2-42, 1764632806296, 1764632811111, 4815
pause-pod-2-43, 1764632806316, 1764632811168, 4852
pause-pod-2-44, 1764632806326, 1764632811225, 4899
pause-pod-2-45, 1764632806345, 1764632811281, 4936
pause-pod-2-46, 1764632806350, 1764632811338, 4988
pause-pod-2-47, 1764632806362, 1764632811395, 5033
pause-pod-2-48, 1764632806375, 1764632811459, 5084
pause-pod-2-49, 1764632806381, 1764632811517, 5136
pause-pod-2-50, 1764632806386, 1764632811574, 5188
pause-pod-2-51, 1764632806398, 1764632811632, 5234
pause-pod-2-52, 1764632806422, 1764632811689, 5267
pause-pod-2-53, 1764632806429, 1764632811747, 5318
pause-pod-2-54, 1764632806438, 1764632811805, 5367
pause-pod-2-55, 1764632806448, 1764632811863, 5415
pause-pod-2-56, 1764632806453, 1764632811921, 5468
pause-pod-2-57, 1764632806464, 1764632811978, 5514
pause-pod-2-58, 1764632806471, 1764632812036, 5565
pause-pod-2-59, 1764632806492, 1764632812094, 5602
pause-pod-2-60, 1764632806500, 1764632812152, 5652
pause-pod-2-61, 1764632806519, 1764632812210, 5691
pause-pod-2-62, 1764632806523, 1764632812267, 5744
pause-pod-2-63, 1764632806544, 1764632812324, 5780
pause-pod-2-64, 1764632806570, 1764632812381, 5811
pause-pod-2-65, 1764632806586, 1764632812438, 5852
pause-pod-2-66, 1764632806595, 1764632812495, 5900
pause-pod-2-67, 1764632806635, 1764632812553, 5918
pause-pod-2-68, 1764632806649, 1764632812612, 5963
pause-pod-2-69, 1764632806659, 1764632812669, 6010
pause-pod-2-70, 1764632806665, 1764632812728, 6063
pause-pod-2-71, 1764632806670, 1764632812785, 6115
pause-pod-2-72, 1764632806687, 1764632812843, 6156
pause-pod-2-73, 1764632806722, 1764632812900, 6178
pause-pod-2-74, 1764632806753, 1764632812957, 6204
pause-pod-2-75, 1764632806761, 1764632813014, 6253
pause-pod-2-76, 1764632806787, 1764632813072, 6285
pause-pod-2-77, 1764632806829, 1764632813129, 6300
pause-pod-2-78, 1764632806840, 1764632813188, 6348
pause-pod-2-79, 1764632806845, 1764632813244, 6399
pause-pod-2-80, 1764632806849, 1764632813301, 6452
pause-pod-2-81, 1764632806862, 1764632813360, 6498
pause-pod-2-82, 1764632806870, 1764632813418, 6548
pause-pod-2-83, 1764632806874, 1764632813476, 6602
pause-pod-2-84, 1764632806886, 1764632813535, 6649
pause-pod-2-85, 1764632806925, 1764632813593, 6668
pause-pod-2-86, 1764632806938, 1764632813651, 6713
pause-pod-2-87, 1764632806964, 1764632813709, 6745
pause-pod-2-88, 1764632806992, 1764632813768, 6776
pause-pod-2-89, 1764632807001, 1764632813826, 6825
pause-pod-2-90, 1764632807005, 1764632813883, 6878
pause-pod-2-91, 1764632807016, 1764632813941, 6925
pause-pod-2-92, 1764632807024, 1764632813999, 6975
pause-pod-2-93, 1764632807028, 1764632814056, 7028
pause-pod-2-94, 1764632807053, 1764632814113, 7060
pause-pod-2-95, 1764632807064, 1764632814171, 7107
pause-pod-2-96, 1764632807071, 1764632814228, 7157
pause-pod-2-97, 1764632807079, 1764632814284, 7205
pause-pod-2-98, 1764632807096, 1764632814341, 7245
pause-pod-2-99, 1764632807120, 1764632814399, 7279
pause-pod-2-100, 1764632807147, 1764632814457, 7310
pause-pod-3-1, 1764632895664, 1764632897303, 1639
pause-pod-3-2, 1764632895666, 1764632898251, 2585
pause-pod-3-3, 1764632895668, 1764632898453, 2785
pause-pod-3-4, 1764632895671, 1764632898521, 2850
pause-pod-3-5, 1764632895674, 1764632898584, 2910
pause-pod-3-6, 1764632895676, 1764632898643, 2967
pause-pod-3-7, 1764632895679, 1764632898701, 3022
pause-pod-3-8, 1764632895682, 1764632898763, 3081
pause-pod-3-9, 1764632895686, 1764632898822, 3136
pause-pod-3-10, 1764632895689, 1764632898881, 3192
pause-pod-3-11, 1764632895692, 1764632898939, 3247
pause-pod-3-12, 1764632895697, 1764632898997, 3300
pause-pod-3-13, 1764632895701, 1764632899054, 3353
pause-pod-3-14, 1764632895707, 1764632927223, 31516
pause-pod-3-15, 1764632895710, 1764632927280, 31570
pause-pod-3-16, 1764632895717, 1764632927337, 31620
pause-pod-3-17, 1764632895721, 1764632927394, 31673
pause-pod-3-18, 1764632895725, 1764632927452, 31727
pause-pod-3-19, 1764632895740, 1764632927509, 31769
pause-pod-3-20, 1764632895744, 1764632927569, 31825
pause-pod-3-21, 1764632895747, 1764632927628, 31881
pause-pod-3-22, 1764632895773, 1764632927685, 31912
pause-pod-3-23, 1764632895794, 1764632927742, 31948
pause-pod-3-24, 1764632895816, 1764632927800, 31984
pause-pod-3-25, 1764632895838, 1764632927859, 32021
pause-pod-3-26, 1764632895842, 1764632927916, 32074
pause-pod-3-27, 1764632895881, 1764632927974, 32093
pause-pod-3-28, 1764632895885, 1764632928031, 32146
pause-pod-3-29, 1764632895889, 1764632928089, 32200
pause-pod-3-30, 1764632895902, 1764632928149, 32247
pause-pod-3-31, 1764632895908, 1764632928206, 32298
pause-pod-3-32, 1764632895924, 1764632928264, 32340
pause-pod-3-33, 1764632895932, 1764632928322, 32390
pause-pod-3-34, 1764632895948, 1764632928379, 32431
pause-pod-3-35, 1764632895975, 1764632928436, 32461
pause-pod-3-36, 1764632895991, 1764632928494, 32503
pause-pod-3-37, 1764632895999, 1764632928552, 32553
pause-pod-3-38, 1764632896018, 1764632928612, 32594
pause-pod-3-39, 1764632896036, 1764632928672, 32636
pause-pod-3-40, 1764632896042, 1764632928731, 32689
pause-pod-3-41, 1764632896056, 1764632928791, 32735
pause-pod-3-42, 1764632896078, 1764632928850, 32772
pause-pod-3-43, 1764632896089, 1764632928910, 32821
pause-pod-3-44, 1764632896097, 1764632928968, 32871
pause-pod-3-45, 1764632896101, 1764632929027, 32926
pause-pod-3-46, 1764632896104, 1764632929087, 32983
pause-pod-3-47, 1764632896110, 1764632929148, 33038
pause-pod-3-48, 1764632896116, 1764632929207, 33091
pause-pod-3-49, 1764632896122, 1764632929266, 33144
pause-pod-3-50, 1764632896141, 1764632929328, 33187
pause-pod-3-51, 1764632896150, 1764632929388, 33238
pause-pod-3-52, 1764632896168, 1764632929449, 33281
pause-pod-3-53, 1764632896173, 1764632929508, 33335
pause-pod-3-54, 1764632896192, 1764632929567, 33375
pause-pod-3-55, 1764632896197, 1764632929629, 33432
pause-pod-3-56, 1764632896207, 1764632929690, 33483
pause-pod-3-57, 1764632896211, 1764632929748, 33537
pause-pod-3-58, 1764632896215, 1764632929808, 33593
pause-pod-3-59, 1764632896222, 1764632929869, 33647
pause-pod-3-60, 1764632896229, 1764632929929, 33700
pause-pod-3-61, 1764632896253, 1764632929987, 33734
pause-pod-3-62, 1764632896286, 1764632930047, 33761
pause-pod-3-63, 1764632896297, 1764632930105, 33808
pause-pod-3-64, 1764632896335, 1764632930164, 33829
pause-pod-3-65, 1764632896352, 1764632930223, 33871
pause-pod-3-66, 1764632896373, 1764632930283, 33910
pause-pod-3-67, 1764632896391, 1764632930344, 33953
pause-pod-3-68, 1764632896395, 1764632930402, 34007
pause-pod-3-69, 1764632896422, 1764632930460, 34038
pause-pod-3-70, 1764632896434, 1764632930517, 34083
pause-pod-3-71, 1764632896438, 1764632930575, 34137
pause-pod-3-72, 1764632896443, 1764632930631, 34188
pause-pod-3-73, 1764632896449, 1764632930691, 34242
pause-pod-3-74, 1764632896454, 1764632930748, 34294
pause-pod-3-75, 1764632896461, 1764632930807, 34346
pause-pod-3-76, 1764632896469, 1764632930864, 34395
pause-pod-3-77, 1764632896472, 1764632930922, 34450
pause-pod-3-78, 1764632896501, 1764632930979, 34478
pause-pod-3-79, 1764632896519, 1764632931037, 34518
pause-pod-3-80, 1764632896523, 1764632931094, 34571
pause-pod-3-81, 1764632896529, 1764632931152, 34623
pause-pod-3-82, 1764632896535, 1764632931210, 34675
pause-pod-3-83, 1764632896543, 1764632931268, 34725
pause-pod-3-84, 1764632896586, 1764632931325, 34739
pause-pod-3-85, 1764632896597, 1764632931383, 34786
pause-pod-3-86, 1764632896622, 1764632931442, 34820
pause-pod-3-87, 1764632896627, 1764632931500, 34873
pause-pod-3-88, 1764632896666, 1764632931558, 34892
pause-pod-3-89, 1764632896705, 1764632931616, 34911
pause-pod-3-90, 1764632896727, 1764632931672, 34945
pause-pod-3-91, 1764632896731, 1764632931729, 34998
pause-pod-3-92, 1764632896746, 1764632931788, 35042
pause-pod-3-93, 1764632896766, 1764632931847, 35081
pause-pod-3-94, 1764632896787, 1764632931905, 35118
pause-pod-3-95, 1764632896805, 1764632931962, 35157
pause-pod-3-96, 1764632896810, 1764632932020, 35210
pause-pod-3-97, 1764632896815, 1764632932078, 35263
pause-pod-3-98, 1764632896824, 1764632932135, 35311
pause-pod-3-99, 1764632896836, 1764632932193, 35357
pause-pod-3-100, 1764632896850, 1764632932251, 35401
pause-pod-4-1, 1764633013187, 1764633014939, 1752
pause-pod-4-2, 1764633013189, 1764633015019, 1830
pause-pod-4-3, 1764633013191, 1764633015087, 1896
pause-pod-4-4, 1764633013193, 1764633015167, 1974
pause-pod-4-5, 1764633013196, 1764633015236, 2040
pause-pod-4-6, 1764633013198, 1764633015306, 2108
pause-pod-4-7, 1764633013200, 1764633016024, 2824
pause-pod-4-8, 1764633013203, 1764633016190, 2987
pause-pod-4-9, 1764633013206, 1764633016247, 3041
pause-pod-4-10, 1764633013209, 1764633016304, 3095
pause-pod-4-11, 1764633013212, 1764633016362, 3150
pause-pod-4-12, 1764633013215, 1764633016418, 3203
pause-pod-4-13, 1764633013218, 1764633016475, 3257
pause-pod-4-14, 1764633013221, 1764633016532, 3311
pause-pod-4-15, 1764633013224, 1764633016589, 3365
pause-pod-4-16, 1764633013228, 1764633016646, 3418
pause-pod-4-17, 1764633013232, 1764633016702, 3470
pause-pod-4-18, 1764633013236, 1764633016760, 3524
pause-pod-4-19, 1764633013259, 1764633016816, 3557
pause-pod-4-20, 1764633013269, 1764633016875, 3606
pause-pod-4-21, 1764633013273, 1764633016931, 3658
pause-pod-4-22, 1764633013282, 1764633016987, 3705
pause-pod-4-23, 1764633013286, 1764633017043, 3757
pause-pod-4-24, 1764633013306, 1764633017102, 3796
pause-pod-4-25, 1764633013321, 1764633017160, 3839
pause-pod-4-26, 1764633013325, 1764633017218, 3893
pause-pod-4-27, 1764633013354, 1764633017276, 3922
pause-pod-4-28, 1764633013371, 1764633017334, 3963
pause-pod-4-29, 1764633013391, 1764633017391, 4000
pause-pod-4-30, 1764633013395, 1764633017449, 4054
pause-pod-4-31, 1764633013427, 1764633017507, 4080
pause-pod-4-32, 1764633013431, 1764633017564, 4133
pause-pod-4-33, 1764633013441, 1764633017620, 4179
pause-pod-4-34, 1764633013449, 1764633017677, 4228
pause-pod-4-35, 1764633013459, 1764633017733, 4274
pause-pod-4-36, 1764633013469, 1764633017791, 4322
pause-pod-4-37, 1764633013475, 1764633017848, 4373
pause-pod-4-38, 1764633013495, 1764633017906, 4411
pause-pod-4-39, 1764633013504, 1764633017963, 4459
pause-pod-4-40, 1764633013543, 1764633018026, 4483
pause-pod-4-41, 1764633013564, 1764633018084, 4520
pause-pod-4-42, 1764633013569, 1764633018142, 4573
pause-pod-4-43, 1764633013574, 1764633018198, 4624
pause-pod-4-44, 1764633013588, 1764633018256, 4668
pause-pod-4-45, 1764633013612, 1764633018314, 4702
pause-pod-4-46, 1764633013618, 1764633018372, 4754
pause-pod-4-47, 1764633013647, 1764633018431, 4784
pause-pod-4-48, 1764633013681, 1764633018488, 4807
pause-pod-4-49, 1764633013688, 1764633018546, 4858
pause-pod-4-50, 1764633013704, 1764633018604, 4900
pause-pod-4-51, 1764633013728, 1764633018662, 4934
pause-pod-4-52, 1764633013746, 1764633018719, 4973
pause-pod-4-53, 1764633013752, 1764633018777, 5025
pause-pod-4-54, 1764633013766, 1764633018833, 5067
pause-pod-4-55, 1764633013794, 1764633018889, 5095
pause-pod-4-56, 1764633013806, 1764633018945, 5139
pause-pod-4-57, 1764633013814, 1764633019002, 5188
pause-pod-4-58, 1764633013834, 1764633019060, 5226
pause-pod-4-59, 1764633013839, 1764633019117, 5278
pause-pod-4-60, 1764633013853, 1764633019174, 5321
pause-pod-4-61, 1764633013863, 1764633019231, 5368
pause-pod-4-62, 1764633013895, 1764633019289, 5394
pause-pod-4-63, 1764633013913, 1764633019346, 5433
pause-pod-4-64, 1764633013921, 1764633019404, 5483
pause-pod-4-65, 1764633013925, 1764633019461, 5536
pause-pod-4-66, 1764633013948, 1764633019519, 5571
pause-pod-4-67, 1764633013961, 1764633019576, 5615
pause-pod-4-68, 1764633013965, 1764633019634, 5669
pause-pod-4-69, 1764633013985, 1764633019692, 5707
pause-pod-4-70, 1764633014009, 1764633019750, 5741
pause-pod-4-71, 1764633014035, 1764633019806, 5771
pause-pod-4-72, 1764633014057, 1764633019862, 5805
pause-pod-4-73, 1764633014062, 1764633019921, 5859
pause-pod-4-74, 1764633014120, 1764633019980, 5860
pause-pod-4-75, 1764633014126, 1764633020037, 5911
pause-pod-4-76, 1764633014134, 1764633020095, 5961
pause-pod-4-77, 1764633014164, 1764633020155, 5991
pause-pod-4-78, 1764633014168, 1764633020212, 6044
pause-pod-4-79, 1764633014177, 1764633020269, 6092
pause-pod-4-80, 1764633014185, 1764633020326, 6141
pause-pod-4-81, 1764633014196, 1764633020383, 6187
pause-pod-4-82, 1764633014216, 1764633020440, 6224
pause-pod-4-83, 1764633014223, 1764633020497, 6274
pause-pod-4-84, 1764633014237, 1764633020553, 6316
pause-pod-4-85, 1764633014255, 1764633020612, 6357
pause-pod-4-86, 1764633014280, 1764633020671, 6391
pause-pod-4-87, 1764633014299, 1764633020729, 6430
pause-pod-4-88, 1764633014314, 1764633020787, 6473
pause-pod-4-89, 1764633014374, 1764633020844, 6470
pause-pod-4-90, 1764633014422, 1764633020904, 6482
pause-pod-4-91, 1764633014436, 1764633020961, 6525
pause-pod-4-92, 1764633014441, 1764633021019, 6578
pause-pod-4-93, 1764633014451, 1764633021078, 6627
pause-pod-4-94, 1764633014455, 1764633021136, 6681
pause-pod-4-95, 1764633014487, 1764633021194, 6707
pause-pod-4-96, 1764633014498, 1764633021251, 6753
pause-pod-4-97, 1764633014515, 1764633021309, 6794
pause-pod-4-98, 1764633014529, 1764633021366, 6837
pause-pod-4-99, 1764633014538, 1764633021424, 6886
pause-pod-4-100, 1764633014548, 1764633021482, 6934
pause-pod-5-1, 1764633102241, 1764633103788, 1547
pause-pod-5-2, 1764633102243, 1764633103891, 1648
pause-pod-5-3, 1764633102245, 1764633103979, 1734
pause-pod-5-4, 1764633102247, 1764633104068, 1821
pause-pod-5-5, 1764633102249, 1764633104144, 1895
pause-pod-5-6, 1764633102252, 1764633104230, 1978
pause-pod-5-7, 1764633102254, 1764633104301, 2047
pause-pod-5-8, 1764633102257, 1764633104366, 2109
pause-pod-5-9, 1764633102260, 1764633104434, 2174
pause-pod-5-10, 1764633102263, 1764633104877, 2614
pause-pod-5-11, 1764633102266, 1764633104945, 2679
pause-pod-5-12, 1764633102269, 1764633105013, 2744
pause-pod-5-13, 1764633102272, 1764633105075, 2803
pause-pod-5-14, 1764633102275, 1764633105136, 2861
pause-pod-5-15, 1764633102278, 1764633105195, 2917
pause-pod-5-16, 1764633102282, 1764633105253, 2971
pause-pod-5-17, 1764633102286, 1764633105311, 3025
pause-pod-5-18, 1764633102289, 1764633105368, 3079
pause-pod-5-19, 1764633102293, 1764633105425, 3132
pause-pod-5-20, 1764633102303, 1764633105483, 3180
pause-pod-5-21, 1764633102335, 1764633105540, 3205
pause-pod-5-22, 1764633102346, 1764633105597, 3251
pause-pod-5-23, 1764633102354, 1764633105654, 3300
pause-pod-5-24, 1764633102360, 1764633105720, 3360
pause-pod-5-25, 1764633102379, 1764633105780, 3401
pause-pod-5-26, 1764633102392, 1764633105837, 3445
pause-pod-5-27, 1764633102398, 1764633105895, 3497
pause-pod-5-28, 1764633102405, 1764633105952, 3547
pause-pod-5-29, 1764633102410, 1764633106011, 3601
pause-pod-5-30, 1764633102427, 1764633106079, 3652
pause-pod-5-31, 1764633102444, 1764633106138, 3694
pause-pod-5-32, 1764633102449, 1764633106196, 3747
pause-pod-5-33, 1764633102459, 1764633106254, 3795
pause-pod-5-34, 1764633102489, 1764633106312, 3823
pause-pod-5-35, 1764633102508, 1764633106368, 3860
pause-pod-5-36, 1764633102521, 1764633106426, 3905
pause-pod-5-37, 1764633102542, 1764633106484, 3942
pause-pod-5-38, 1764633102548, 1764633106541, 3993
pause-pod-5-39, 1764633102555, 1764633106598, 4043
pause-pod-5-40, 1764633102581, 1764633106656, 4075
pause-pod-5-41, 1764633102587, 1764633106714, 4127
pause-pod-5-42, 1764633102600, 1764633106771, 4171
pause-pod-5-43, 1764633102604, 1764633106828, 4224
pause-pod-5-44, 1764633102624, 1764633106885, 4261
pause-pod-5-45, 1764633102642, 1764633106943, 4301
pause-pod-5-46, 1764633102666, 1764633107000, 4334
pause-pod-5-47, 1764633102682, 1764633107058, 4376
pause-pod-5-48, 1764633102695, 1764633107115, 4420
pause-pod-5-49, 1764633102701, 1764633107175, 4474
pause-pod-5-50, 1764633102706, 1764633107232, 4526
pause-pod-5-51, 1764633102725, 1764633107289, 4564
pause-pod-5-52, 1764633102737, 1764633107346, 4609
pause-pod-5-53, 1764633102746, 1764633107403, 4657
pause-pod-5-54, 1764633102785, 1764633107460, 4675
pause-pod-5-55, 1764633102793, 1764633107516, 4723
pause-pod-5-56, 1764633102815, 1764633107572, 4757
pause-pod-5-57, 1764633102823, 1764633107629, 4806
pause-pod-5-58, 1764633102839, 1764633107686, 4847
pause-pod-5-59, 1764633102850, 1764633107743, 4893
pause-pod-5-60, 1764633102857, 1764633107800, 4943
pause-pod-5-61, 1764633102866, 1764633107858, 4992
pause-pod-5-62, 1764633102872, 1764633107915, 5043
pause-pod-5-63, 1764633102887, 1764633107971, 5084
pause-pod-5-64, 1764633102895, 1764633108029, 5134
pause-pod-5-65, 1764633102899, 1764633108086, 5187
pause-pod-5-66, 1764633102916, 1764633108146, 5230
pause-pod-5-67, 1764633102953, 1764633108206, 5253
pause-pod-5-68, 1764633102960, 1764633108264, 5304
pause-pod-5-69, 1764633102966, 1764633108321, 5355
pause-pod-5-70, 1764633102996, 1764633108379, 5383
pause-pod-5-71, 1764633103002, 1764633108435, 5433
pause-pod-5-72, 1764633103008, 1764633108493, 5485
pause-pod-5-73, 1764633103037, 1764633108549, 5512
pause-pod-5-74, 1764633103044, 1764633108606, 5562
pause-pod-5-75, 1764633103056, 1764633108662, 5606
pause-pod-5-76, 1764633103060, 1764633108719, 5659
pause-pod-5-77, 1764633103086, 1764633108777, 5691
pause-pod-5-78, 1764633103110, 1764633108836, 5726
pause-pod-5-79, 1764633103139, 1764633108894, 5755
pause-pod-5-80, 1764633103172, 1764633108952, 5780
pause-pod-5-81, 1764633103182, 1764633109010, 5828
pause-pod-5-82, 1764633103221, 1764633109067, 5846
pause-pod-5-83, 1764633103246, 1764633109124, 5878
pause-pod-5-84, 1764633103252, 1764633109181, 5929
pause-pod-5-85, 1764633103276, 1764633109239, 5963
pause-pod-5-86, 1764633103285, 1764633109296, 6011
pause-pod-5-87, 1764633103307, 1764633109353, 6046
pause-pod-5-88, 1764633103319, 1764633109409, 6090
pause-pod-5-89, 1764633103337, 1764633109466, 6129
pause-pod-5-90, 1764633103351, 1764633109523, 6172
pause-pod-5-91, 1764633103387, 1764633109579, 6192
pause-pod-5-92, 1764633103393, 1764633109636, 6243
pause-pod-5-93, 1764633103449, 1764633109692, 6243
pause-pod-5-94, 1764633103480, 1764633109750, 6270
pause-pod-5-95, 1764633103494, 1764633109807, 6313
pause-pod-5-96, 1764633103502, 1764633109866, 6364
pause-pod-5-97, 1764633103511, 1764633109924, 6413
pause-pod-5-98, 1764633103518, 1764633109981, 6463
pause-pod-5-99, 1764633103526, 1764633110038, 6512
pause-pod-5-100, 1764633103543, 1764633110095, 6552
pause-pod-6-1, 1764633191177, 1764633192738, 1561
pause-pod-6-2, 1764633191179, 1764633192826, 1647
pause-pod-6-3, 1764633191181, 1764633192902, 1721
pause-pod-6-4, 1764633191184, 1764633193000, 1816
pause-pod-6-5, 1764633191186, 1764633193071, 1885
pause-pod-6-6, 1764633191188, 1764633193693, 2505
pause-pod-6-7, 1764633191191, 1764633193766, 2575
pause-pod-6-8, 1764633191193, 1764633193833, 2640
pause-pod-6-9, 1764633191196, 1764633193899, 2703
pause-pod-6-10, 1764633191199, 1764633193967, 2768
pause-pod-6-11, 1764633191202, 1764633194026, 2824
pause-pod-6-12, 1764633191205, 1764633194085, 2880
pause-pod-6-13, 1764633191209, 1764633194144, 2935
pause-pod-6-14, 1764633191213, 1764633194200, 2987
pause-pod-6-15, 1764633191216, 1764633194260, 3044
pause-pod-6-16, 1764633191232, 1764633194320, 3088
pause-pod-6-17, 1764633191236, 1764633194379, 3143
pause-pod-6-18, 1764633191241, 1764633194438, 3197
pause-pod-6-19, 1764633191253, 1764633194496, 3243
pause-pod-6-20, 1764633191268, 1764633194555, 3287
pause-pod-6-21, 1764633191285, 1764633194619, 3334
pause-pod-6-22, 1764633191299, 1764633194680, 3381
pause-pod-6-23, 1764633191303, 1764633194736, 3433
pause-pod-6-24, 1764633191317, 1764633194793, 3476
pause-pod-6-25, 1764633191325, 1764633194850, 3525
pause-pod-6-26, 1764633191330, 1764633194907, 3577
pause-pod-6-27, 1764633191344, 1764633194965, 3621
pause-pod-6-28, 1764633191361, 1764633195022, 3661
pause-pod-6-29, 1764633191385, 1764633195079, 3694
pause-pod-6-30, 1764633191390, 1764633195134, 3744
pause-pod-6-31, 1764633191394, 1764633195191, 3797
pause-pod-6-32, 1764633191407, 1764633195247, 3840
pause-pod-6-33, 1764633191424, 1764633195304, 3880
pause-pod-6-34, 1764633191428, 1764633195360, 3932
pause-pod-6-35, 1764633191444, 1764633195417, 3973
pause-pod-6-36, 1764633191449, 1764633195473, 4024
pause-pod-6-37, 1764633191453, 1764633195531, 4078
pause-pod-6-38, 1764633191460, 1764633195588, 4128
pause-pod-6-39, 1764633191464, 1764633195644, 4180
pause-pod-6-40, 1764633191486, 1764633195704, 4218
pause-pod-6-41, 1764633191498, 1764633195769, 4271
pause-pod-6-42, 1764633191513, 1764633195827, 4314
pause-pod-6-43, 1764633191542, 1764633195884, 4342
pause-pod-6-44, 1764633191548, 1764633195941, 4393
pause-pod-6-45, 1764633191564, 1764633195999, 4435
pause-pod-6-46, 1764633191579, 1764633196056, 4477
pause-pod-6-47, 1764633191598, 1764633196113, 4515
pause-pod-6-48, 1764633191603, 1764633196170, 4567
pause-pod-6-49, 1764633191608, 1764633196228, 4620
pause-pod-6-50, 1764633191617, 1764633196285, 4668
pause-pod-6-51, 1764633191622, 1764633196343, 4721
pause-pod-6-52, 1764633191625, 1764633196405, 4780
pause-pod-6-53, 1764633191659, 1764633196462, 4803
pause-pod-6-54, 1764633191691, 1764633196520, 4829
pause-pod-6-55, 1764633191699, 1764633196577, 4878
pause-pod-6-56, 1764633191714, 1764633196635, 4921
pause-pod-6-57, 1764633191732, 1764633196691, 4959
pause-pod-6-58, 1764633191767, 1764633196747, 4980
pause-pod-6-59, 1764633191773, 1764633196805, 5032
pause-pod-6-60, 1764633191777, 1764633196863, 5086
pause-pod-6-61, 1764633191782, 1764633196920, 5138
pause-pod-6-62, 1764633191787, 1764633196978, 5191
pause-pod-6-63, 1764633191794, 1764633197034, 5240
pause-pod-6-64, 1764633191798, 1764633197092, 5294
pause-pod-6-65, 1764633191816, 1764633197150, 5334
pause-pod-6-66, 1764633191835, 1764633197207, 5372
pause-pod-6-67, 1764633191851, 1764633197263, 5412
pause-pod-6-68, 1764633191905, 1764633197320, 5415
pause-pod-6-69, 1764633191912, 1764633197376, 5464
pause-pod-6-70, 1764633191922, 1764633197433, 5511
pause-pod-6-71, 1764633191928, 1764633197490, 5562
pause-pod-6-72, 1764633191973, 1764633197548, 5575
pause-pod-6-73, 1764633192008, 1764633197605, 5597
pause-pod-6-74, 1764633192014, 1764633197662, 5648
pause-pod-6-75, 1764633192019, 1764633197719, 5700
pause-pod-6-76, 1764633192022, 1764633197776, 5754
pause-pod-6-77, 1764633192032, 1764633197833, 5801
pause-pod-6-78, 1764633192057, 1764633197890, 5833
pause-pod-6-79, 1764633192113, 1764633197948, 5835
pause-pod-6-80, 1764633192136, 1764633198005, 5869
pause-pod-6-81, 1764633192167, 1764633198063, 5896
pause-pod-6-82, 1764633192174, 1764633198120, 5946
pause-pod-6-83, 1764633192188, 1764633198179, 5991
pause-pod-6-84, 1764633192192, 1764633198235, 6043
pause-pod-6-85, 1764633192200, 1764633198293, 6093
pause-pod-6-86, 1764633192208, 1764633198352, 6144
pause-pod-6-87, 1764633192219, 1764633198409, 6190
pause-pod-6-88, 1764633192228, 1764633198465, 6237
pause-pod-6-89, 1764633192238, 1764633198524, 6286
pause-pod-6-90, 1764633192255, 1764633198583, 6328
pause-pod-6-91, 1764633192265, 1764633198638, 6373
pause-pod-6-92, 1764633192285, 1764633198695, 6410
pause-pod-6-93, 1764633192305, 1764633198753, 6448
pause-pod-6-94, 1764633192320, 1764633198810, 6490
pause-pod-6-95, 1764633192326, 1764633198869, 6543
pause-pod-6-96, 1764633192331, 1764633198927, 6596
pause-pod-6-97, 1764633192337, 1764633198984, 6647
pause-pod-6-98, 1764633192358, 1764633199041, 6683
pause-pod-6-99, 1764633192400, 1764633199100, 6700
pause-pod-6-100, 1764633192415, 1764633199158, 6743
