Pod Name, Creation Timestamp, Ready Timestamp, Latency (milliseconds)
pause-pod-1-1, 1764633259175, 1764633267509, 8334
pause-pod-1-2, 1764633259177, 1764633267730, 8553
pause-pod-1-3, 1764633259180, 1764633267973, 8793
pause-pod-1-4, 1764633259182, 1764633268185, 9003
pause-pod-1-5, 1764633259185, 1764633268395, 9210
pause-pod-1-6, 1764633259188, 1764633268586, 9398
pause-pod-1-7, 1764633259191, 1764633268755, 9564
pause-pod-1-8, 1764633259194, 1764633268915, 9721
pause-pod-1-9, 1764633259197, 1764633269073, 9876
pause-pod-1-10, 1764633259200, 1764633269238, 10038
pause-pod-1-11, 1764633259203, 1764633269404, 10201
pause-pod-1-12, 1764633259207, 1764633269562, 10355
pause-pod-1-13, 1764633259211, 1764633269721, 10510
pause-pod-1-14, 1764633259217, 1764633269879, 10662
pause-pod-1-15, 1764633259220, 1764633270040, 10820
pause-pod-1-16, 1764633259242, 1764633270199, 10957
pause-pod-1-17, 1764633259246, 1764633270357, 11111
pause-pod-1-18, 1764633259249, 1764633270515, 11266
pause-pod-1-19, 1764633259254, 1764633270673, 11419
pause-pod-1-20, 1764633259264, 1764633270832, 11568
pause-pod-1-21, 1764633259277, 1764633270991, 11714
pause-pod-1-22, 1764633259332, 1764633271149, 11817
pause-pod-1-23, 1764633259358, 1764633271308, 11950
pause-pod-1-24, 1764633259362, 1764633271465, 12103
pause-pod-1-25, 1764633259389, 1764633271627, 12238
pause-pod-1-26, 1764633259418, 1764633271784, 12366
pause-pod-1-27, 1764633259451, 1764633271942, 12491
pause-pod-1-28, 1764633259477, 1764633272100, 12623
pause-pod-1-29, 1764633259510, 1764633272264, 12754
pause-pod-1-30, 1764633259543, 1764633272423, 12880
pause-pod-1-31, 1764633259575, 1764633272580, 13005
pause-pod-1-32, 1764633259639, 1764633272738, 13099
pause-pod-1-33, 1764633259654, 1764633272897, 13243
pause-pod-1-34, 1764633259680, 1764633273056, 13376
pause-pod-1-35, 1764633259717, 1764633273214, 13497
pause-pod-1-36, 1764633259861, 1764633273372, 13511
pause-pod-1-37, 1764633259879, 1764633273530, 13651
pause-pod-1-38, 1764633259904, 1764633273688, 13784
pause-pod-1-39, 1764633259954, 1764633273846, 13892
pause-pod-1-40, 1764633259964, 1764633274003, 14039
pause-pod-1-41, 1764633260005, 1764633274161, 14156
pause-pod-1-42, 1764633260064, 1764633274318, 14254
pause-pod-1-43, 1764633260084, 1764633274478, 14394
pause-pod-1-44, 1764633260095, 1764633274636, 14541
pause-pod-1-45, 1764633260125, 1764633274795, 14670
pause-pod-1-46, 1764633260179, 1764633274953, 14774
pause-pod-1-47, 1764633260278, 1764633275112, 14834
pause-pod-1-48, 1764633260287, 1764633275270, 14983
pause-pod-1-49, 1764633260291, 1764633275429, 15138
pause-pod-1-50, 1764633260343, 1764633275587, 15244
pause-pod-1-51, 1764633260357, 1764633275746, 15389
pause-pod-1-52, 1764633260390, 1764633275904, 15514
pause-pod-1-53, 1764633260442, 1764633276062, 15620
pause-pod-1-54, 1764633260549, 1764633276221, 15672
pause-pod-1-55, 1764633260598, 1764633276380, 15782
pause-pod-1-56, 1764633260616, 1764633276540, 15924
pause-pod-1-57, 1764633260662, 1764633276698, 16036
pause-pod-1-58, 1764633260831, 1764633276857, 16026
pause-pod-1-59, 1764633260898, 1764633277016, 16118
pause-pod-1-60, 1764633261028, 1764633277175, 16147
pause-pod-1-61, 1764633261111, 1764633277333, 16222
pause-pod-1-62, 1764633261128, 1764633277492, 16364
pause-pod-1-63, 1764633261239, 1764633277651, 16412
pause-pod-1-64, 1764633261303, 1764633277808, 16505
pause-pod-1-65, 1764633261361, 1764633277966, 16605
pause-pod-1-66, 1764633261399, 1764633278125, 16726
pause-pod-1-67, 1764633261586, 1764633278285, 16699
pause-pod-1-68, 1764633261628, 1764633278443, 16815
pause-pod-1-69, 1764633261668, 1764633278605, 16937
pause-pod-1-70, 1764633261707, 1764633278770, 17063
pause-pod-1-71, 1764633261861, 1764633278928, 17067
pause-pod-1-72, 1764633261890, 1764633279086, 17196
pause-pod-1-73, 1764633261951, 1764633279245, 17294
pause-pod-1-74, 1764633262084, 1764633279405, 17321
pause-pod-1-75, 1764633262155, 1764633279562, 17407
pause-pod-1-76, 1764633262203, 1764633279720, 17517
pause-pod-1-77, 1764633262271, 1764633279879, 17608
pause-pod-1-78, 1764633262278, 1764633280037, 17759
pause-pod-1-79, 1764633262282, 1764633280195, 17913
pause-pod-1-80, 1764633262286, 1764633280353, 18067
pause-pod-1-81, 1764633262368, 1764633280511, 18143
pause-pod-1-82, 1764633262421, 1764633280671, 18250
pause-pod-1-83, 1764633262491, 1764633280831, 18340
pause-pod-1-84, 1764633262504, 1764633280990, 18486
pause-pod-1-85, 1764633262508, 1764633281148, 18640
pause-pod-1-86, 1764633262555, 1764633281307, 18752
pause-pod-1-87, 1764633262597, 1764633281465, 18868
pause-pod-1-88, 1764633262742, 1764633281624, 18882
pause-pod-1-89, 1764633262822, 1764633281782, 18960
pause-pod-1-90, 1764633262847, 1764633281941, 19094
pause-pod-1-91, 1764633262882, 1764633282099, 19217
pause-pod-1-92, 1764633262898, 1764633282257, 19359
pause-pod-1-93, 1764633262924, 1764633282415, 19491
pause-pod-1-94, 1764633262974, 1764633282573, 19599
pause-pod-1-95, 1764633263005, 1764633282730, 19725
pause-pod-1-96, 1764633263025, 1764633282889, 19864
pause-pod-1-97, 1764633263043, 1764633283047, 20004
pause-pod-1-98, 1764633263049, 1764633283206, 20157
pause-pod-1-99, 1764633263163, 1764633283364, 20201
pause-pod-1-100, 1764633263203, 1764633283523, 20320
pause-pod-1-101, 1764633263222, 1764633283680, 20458
pause-pod-1-102, 1764633263254, 1764633283848, 20594
pause-pod-1-103, 1764633263360, 1764633284005, 20645
pause-pod-1-104, 1764633263407, 1764633284165, 20758
pause-pod-1-105, 1764633263482, 1764633284324, 20842
pause-pod-1-106, 1764633263486, 1764633284482, 20996
pause-pod-1-107, 1764633263535, 1764633284640, 21105
pause-pod-1-108, 1764633263630, 1764633284798, 21168
pause-pod-1-109, 1764633263705, 1764633284958, 21253
pause-pod-1-110, 1764633263769, 1764633285118, 21349
pause-pod-1-111, 1764633263802, 1764633285278, 21476
pause-pod-1-112, 1764633263839, 1764633285437, 21598
pause-pod-1-113, 1764633263920, 1764633285594, 21674
pause-pod-1-114, 1764633263988, 1764633285752, 21764
pause-pod-1-115, 1764633264086, 1764633285910, 21824
pause-pod-1-116, 1764633264104, 1764633286068, 21964
pause-pod-1-117, 1764633264151, 1764633286226, 22075
pause-pod-1-118, 1764633264235, 1764633286385, 22150
pause-pod-1-119, 1764633264342, 1764633286543, 22201
pause-pod-1-120, 1764633264366, 1764633286700, 22334
pause-pod-1-121, 1764633264373, 1764633286857, 22484
pause-pod-1-122, 1764633264409, 1764633287015, 22606
pause-pod-1-123, 1764633264425, 1764633287173, 22748
pause-pod-1-124, 1764633264511, 1764633287332, 22821
pause-pod-1-125, 1764633264529, 1764633287490, 22961
pause-pod-1-126, 1764633264611, 1764633287648, 23037
pause-pod-1-127, 1764633264625, 1764633287807, 23182
pause-pod-1-128, 1764633264646, 1764633287965, 23319
pause-pod-1-129, 1764633264675, 1764633288124, 23449
pause-pod-1-130, 1764633264685, 1764633288284, 23599
pause-pod-1-131, 1764633264711, 1764633288443, 23732
pause-pod-1-132, 1764633264890, 1764633288602, 23712
pause-pod-1-133, 1764633264921, 1764633288760, 23839
pause-pod-1-134, 1764633265011, 1764633288920, 23909
pause-pod-1-135, 1764633265112, 1764633289079, 23967
pause-pod-1-136, 1764633265168, 1764633289237, 24069
pause-pod-1-137, 1764633265174, 1764633289398, 24224
pause-pod-1-138, 1764633265192, 1764633289557, 24365
pause-pod-1-139, 1764633265196, 1764633289716, 24520
pause-pod-1-140, 1764633265240, 1764633289875, 24635
pause-pod-1-141, 1764633265246, 1764633290033, 24787
pause-pod-1-142, 1764633265267, 1764633290191, 24924
pause-pod-1-143, 1764633265299, 1764633290349, 25050
pause-pod-1-144, 1764633265305, 1764633290507, 25202
pause-pod-1-145, 1764633265312, 1764633290664, 25352
pause-pod-1-146, 1764633265324, 1764633290824, 25500
pause-pod-1-147, 1764633265329, 1764633290981, 25652
pause-pod-1-148, 1764633265353, 1764633291140, 25787
pause-pod-1-149, 1764633265363, 1764633291299, 25936
pause-pod-1-150, 1764633265368, 1764633291458, 26090
pause-pod-2-1, 1764633364224, 1764633372608, 8384
pause-pod-2-2, 1764633364226, 1764633372811, 8585
pause-pod-2-3, 1764633364228, 1764633373007, 8779
pause-pod-2-4, 1764633364230, 1764633373221, 8991
pause-pod-2-5, 1764633364232, 1764633373448, 9216
pause-pod-2-6, 1764633364234, 1764633373658, 9424
pause-pod-2-7, 1764633364237, 1764633373842, 9605
pause-pod-2-8, 1764633364240, 1764633374008, 9768
pause-pod-2-9, 1764633364242, 1764633374174, 9932
pause-pod-2-10, 1764633364245, 1764633374335, 10090
pause-pod-2-11, 1764633364247, 1764633374494, 10247
pause-pod-2-12, 1764633364249, 1764633374652, 10403
pause-pod-2-13, 1764633364253, 1764633374812, 10559
pause-pod-2-14, 1764633364258, 1764633374971, 10713
pause-pod-2-15, 1764633364262, 1764633375130, 10868
pause-pod-2-16, 1764633364276, 1764633375290, 11014
pause-pod-2-17, 1764633364282, 1764633375449, 11167
pause-pod-2-18, 1764633364310, 1764633375606, 11296
pause-pod-2-19, 1764633364313, 1764633375765, 11452
pause-pod-2-20, 1764633364317, 1764633375927, 11610
pause-pod-2-21, 1764633364343, 1764633376085, 11742
pause-pod-2-22, 1764633364346, 1764633376246, 11900
pause-pod-2-23, 1764633364355, 1764633376405, 12050
pause-pod-2-24, 1764633364382, 1764633376564, 12182
pause-pod-2-25, 1764633364420, 1764633376724, 12304
pause-pod-2-26, 1764633364443, 1764633376883, 12440
pause-pod-2-27, 1764633364478, 1764633377041, 12563
pause-pod-2-28, 1764633364487, 1764633377201, 12714
pause-pod-2-29, 1764633364492, 1764633377359, 12867
pause-pod-2-30, 1764633364494, 1764633377518, 13024
pause-pod-2-31, 1764633364502, 1764633377677, 13175
pause-pod-2-32, 1764633364532, 1764633377835, 13303
pause-pod-2-33, 1764633364548, 1764633377999, 13451
pause-pod-2-34, 1764633364622, 1764633378158, 13536
pause-pod-2-35, 1764633364645, 1764633378317, 13672
pause-pod-2-36, 1764633364687, 1764633378479, 13792
pause-pod-2-37, 1764633364835, 1764633378638, 13803
pause-pod-2-38, 1764633364878, 1764633378797, 13919
pause-pod-2-39, 1764633364885, 1764633378955, 14070
pause-pod-2-40, 1764633364945, 1764633379115, 14170
pause-pod-2-41, 1764633365004, 1764633379275, 14271
pause-pod-2-42, 1764633365089, 1764633379433, 14344
pause-pod-2-43, 1764633365117, 1764633379592, 14475
pause-pod-2-44, 1764633365130, 1764633379751, 14621
pause-pod-2-45, 1764633365193, 1764633379910, 14717
pause-pod-2-46, 1764633365211, 1764633380074, 14863
pause-pod-2-47, 1764633365276, 1764633380234, 14958
pause-pod-2-48, 1764633365285, 1764633380392, 15107
pause-pod-2-49, 1764633365353, 1764633380551, 15198
pause-pod-2-50, 1764633365402, 1764633380709, 15307
pause-pod-2-51, 1764633365528, 1764633380868, 15340
pause-pod-2-52, 1764633365561, 1764633381027, 15466
pause-pod-2-53, 1764633365597, 1764633381188, 15591
pause-pod-2-54, 1764633365614, 1764633381349, 15735
pause-pod-2-55, 1764633365640, 1764633381508, 15868
pause-pod-2-56, 1764633365672, 1764633381666, 15994
pause-pod-2-57, 1764633365758, 1764633381825, 16067
pause-pod-2-58, 1764633365798, 1764633381984, 16186
pause-pod-2-59, 1764633365816, 1764633382142, 16326
pause-pod-2-60, 1764633365889, 1764633382303, 16414
pause-pod-2-61, 1764633365893, 1764633382463, 16570
pause-pod-2-62, 1764633365908, 1764633382621, 16713
pause-pod-2-63, 1764633366009, 1764633382780, 16771
pause-pod-2-64, 1764633366148, 1764633382938, 16790
pause-pod-2-65, 1764633366225, 1764633383097, 16872
pause-pod-2-66, 1764633366333, 1764633383256, 16923
pause-pod-2-67, 1764633366380, 1764633383414, 17034
pause-pod-2-68, 1764633366460, 1764633383573, 17113
pause-pod-2-69, 1764633366794, 1764633383731, 16937
pause-pod-2-70, 1764633366817, 1764633383889, 17072
pause-pod-2-71, 1764633366864, 1764633384048, 17184
pause-pod-2-72, 1764633366871, 1764633384207, 17336
pause-pod-2-73, 1764633366890, 1764633384365, 17475
pause-pod-2-74, 1764633367075, 1764633384533, 17458
pause-pod-2-75, 1764633367177, 1764633384693, 17516
pause-pod-2-76, 1764633367216, 1764633384852, 17636
pause-pod-2-77, 1764633367523, 1764633385011, 17488
pause-pod-2-78, 1764633367669, 1764633385170, 17501
pause-pod-2-79, 1764633367738, 1764633385328, 17590
pause-pod-2-80, 1764633367770, 1764633385487, 17717
pause-pod-2-81, 1764633367881, 1764633385646, 17765
pause-pod-2-82, 1764633367921, 1764633385804, 17883
pause-pod-2-83, 1764633367966, 1764633385963, 17997
pause-pod-2-84, 1764633368017, 1764633386122, 18105
pause-pod-2-85, 1764633368039, 1764633386281, 18242
pause-pod-2-86, 1764633368058, 1764633386440, 18382
pause-pod-2-87, 1764633368113, 1764633386600, 18487
pause-pod-2-88, 1764633368133, 1764633386760, 18627
pause-pod-2-89, 1764633368145, 1764633386918, 18773
pause-pod-2-90, 1764633368148, 1764633387078, 18930
pause-pod-2-91, 1764633368193, 1764633387238, 19045
pause-pod-2-92, 1764633368206, 1764633387397, 19191
pause-pod-2-93, 1764633368230, 1764633387556, 19326
pause-pod-2-94, 1764633368234, 1764633387715, 19481
pause-pod-2-95, 1764633368252, 1764633387873, 19621
pause-pod-2-96, 1764633368260, 1764633388031, 19771
pause-pod-2-97, 1764633368264, 1764633388190, 19926
pause-pod-2-98, 1764633368297, 1764633388348, 20051
pause-pod-2-99, 1764633368350, 1764633388507, 20157
pause-pod-2-100, 1764633368429, 1764633388669, 20240
pause-pod-2-101, 1764633368434, 1764633388829, 20395
pause-pod-2-102, 1764633368483, 1764633388988, 20505
pause-pod-2-103, 1764633368546, 1764633389146, 20600
pause-pod-2-104, 1764633368562, 1764633389307, 20745
pause-pod-2-105, 1764633368592, 1764633389465, 20873
pause-pod-2-106, 1764633368638, 1764633389624, 20986
pause-pod-2-107, 1764633368642, 1764633389783, 21141
pause-pod-2-108, 1764633368660, 1764633389941, 21281
pause-pod-2-109, 1764633368708, 1764633390100, 21392
pause-pod-2-110, 1764633368721, 1764633390258, 21537
pause-pod-2-111, 1764633368760, 1764633390417, 21657
pause-pod-2-112, 1764633368805, 1764633390575, 21770
pause-pod-2-113, 1764633368833, 1764633390733, 21900
pause-pod-2-114, 1764633368858, 1764633390894, 22036
pause-pod-2-115, 1764633368869, 1764633391052, 22183
pause-pod-2-116, 1764633368920, 1764633391211, 22291
pause-pod-2-117, 1764633368938, 1764633391370, 22432
pause-pod-2-118, 1764633368982, 1764633391529, 22547
pause-pod-2-119, 1764633369055, 1764633391687, 22632
pause-pod-2-120, 1764633369060, 1764633391846, 22786
pause-pod-2-121, 1764633369079, 1764633392005, 22926
pause-pod-2-122, 1764633369085, 1764633392163, 23078
pause-pod-2-123, 1764633369110, 1764633392322, 23212
pause-pod-2-124, 1764633369118, 1764633392484, 23366
pause-pod-2-125, 1764633369134, 1764633392642, 23508
pause-pod-2-126, 1764633369167, 1764633392802, 23635
pause-pod-2-127, 1764633369170, 1764633392962, 23792
pause-pod-2-128, 1764633369210, 1764633393122, 23912
pause-pod-2-129, 1764633369225, 1764633393280, 24055
pause-pod-2-130, 1764633369262, 1764633393439, 24177
pause-pod-2-131, 1764633369319, 1764633393599, 24280
pause-pod-2-132, 1764633369343, 1764633393757, 24414
pause-pod-2-133, 1764633369389, 1764633393916, 24527
pause-pod-2-134, 1764633369404, 1764633394074, 24670
pause-pod-2-135, 1764633369412, 1764633394233, 24821
pause-pod-2-136, 1764633369442, 1764633394391, 24949
pause-pod-2-137, 1764633369515, 1764633394550, 25035
pause-pod-2-138, 1764633369561, 1764633394710, 25149
pause-pod-2-139, 1764633369568, 1764633394870, 25302
pause-pod-2-140, 1764633369593, 1764633395028, 25435
pause-pod-2-141, 1764633369629, 1764633395197, 25568
pause-pod-2-142, 1764633369672, 1764633395356, 25684
pause-pod-2-143, 1764633369802, 1764633395516, 25714
pause-pod-2-144, 1764633369838, 1764633395674, 25836
pause-pod-2-145, 1764633369935, 1764633395835, 25900
pause-pod-2-146, 1764633369993, 1764633395993, 26000
pause-pod-2-147, 1764633370010, 1764633396153, 26143
pause-pod-2-148, 1764633370043, 1764633396311, 26268
pause-pod-2-149, 1764633370132, 1764633396470, 26338
pause-pod-2-150, 1764633370157, 1764633396629, 26472
pause-pod-3-1, 1764633468936, 1764633477264, 8328
pause-pod-3-2, 1764633468939, 1764633477480, 8541
pause-pod-3-3, 1764633468941, 1764633477696, 8755
pause-pod-3-4, 1764633468944, 1764633477912, 8968
pause-pod-3-5, 1764633468946, 1764633478130, 9184
pause-pod-3-6, 1764633468949, 1764633478330, 9381
pause-pod-3-7, 1764633468952, 1764633478499, 9547
pause-pod-3-8, 1764633468956, 1764633478658, 9702
pause-pod-3-9, 1764633468958, 1764633478818, 9860
pause-pod-3-10, 1764633468962, 1764633478978, 10016
pause-pod-3-11, 1764633468965, 1764633479138, 10173
pause-pod-3-12, 1764633468970, 1764633479301, 10331
pause-pod-3-13, 1764633468973, 1764633479469, 10496
pause-pod-3-14, 1764633468978, 1764633479629, 10651
pause-pod-3-15, 1764633468981, 1764633479788, 10807
pause-pod-3-16, 1764633468994, 1764633479947, 10953
pause-pod-3-17, 1764633469004, 1764633480106, 11102
pause-pod-3-18, 1764633469012, 1764633480266, 11254
pause-pod-3-19, 1764633469023, 1764633480428, 11405
pause-pod-3-20, 1764633469027, 1764633480586, 11559
pause-pod-3-21, 1764633469036, 1764633480745, 11709
pause-pod-3-22, 1764633469047, 1764633480904, 11857
pause-pod-3-23, 1764633469095, 1764633481063, 11968
pause-pod-3-24, 1764633469148, 1764633481225, 12077
pause-pod-3-25, 1764633469162, 1764633481384, 12222
pause-pod-3-26, 1764633469207, 1764633481543, 12336
pause-pod-3-27, 1764633469238, 1764633481701, 12463
pause-pod-3-28, 1764633469245, 1764633481859, 12614
pause-pod-3-29, 1764633469264, 1764633482018, 12754
pause-pod-3-30, 1764633469297, 1764633482177, 12880
pause-pod-3-31, 1764633469323, 1764633482336, 13013
pause-pod-3-32, 1764633469353, 1764633482497, 13144
pause-pod-3-33, 1764633469406, 1764633482659, 13253
pause-pod-3-34, 1764633469419, 1764633482817, 13398
pause-pod-3-35, 1764633469423, 1764633482975, 13552
pause-pod-3-36, 1764633469450, 1764633483134, 13684
pause-pod-3-37, 1764633469467, 1764633483297, 13830
pause-pod-3-38, 1764633469471, 1764633483456, 13985
pause-pod-3-39, 1764633469485, 1764633483615, 14130
pause-pod-3-40, 1764633469516, 1764633483773, 14257
pause-pod-3-41, 1764633469577, 1764633483932, 14355
pause-pod-3-42, 1764633469613, 1764633484091, 14478
pause-pod-3-43, 1764633469657, 1764633484248, 14591
pause-pod-3-44, 1764633469738, 1764633484406, 14668
pause-pod-3-45, 1764633469762, 1764633484566, 14804
pause-pod-3-46, 1764633469766, 1764633484726, 14960
pause-pod-3-47, 1764633469773, 1764633484885, 15112
pause-pod-3-48, 1764633469809, 1764633485044, 15235
pause-pod-3-49, 1764633469815, 1764633485204, 15389
pause-pod-3-50, 1764633469870, 1764633485362, 15492
pause-pod-3-51, 1764633469957, 1764633485521, 15564
pause-pod-3-52, 1764633469976, 1764633485679, 15703
pause-pod-3-53, 1764633470071, 1764633485838, 15767
pause-pod-3-54, 1764633470115, 1764633485996, 15881
pause-pod-3-55, 1764633470124, 1764633486155, 16031
pause-pod-3-56, 1764633470145, 1764633486312, 16167
pause-pod-3-57, 1764633470148, 1764633486471, 16323
pause-pod-3-58, 1764633470151, 1764633486630, 16479
pause-pod-3-59, 1764633470159, 1764633486790, 16631
pause-pod-3-60, 1764633470164, 1764633486948, 16784
pause-pod-3-61, 1764633470236, 1764633487107, 16871
pause-pod-3-62, 1764633470316, 1764633487264, 16948
pause-pod-3-63, 1764633470439, 1764633487423, 16984
pause-pod-3-64, 1764633470493, 1764633487581, 17088
pause-pod-3-65, 1764633470619, 1764633487739, 17120
pause-pod-3-66, 1764633470634, 1764633487897, 17263
pause-pod-3-67, 1764633470656, 1764633488055, 17399
pause-pod-3-68, 1764633470722, 1764633488214, 17492
pause-pod-3-69, 1764633470774, 1764633488373, 17599
pause-pod-3-70, 1764633470809, 1764633488533, 17724
pause-pod-3-71, 1764633470854, 1764633488693, 17839
pause-pod-3-72, 1764633470933, 1764633488853, 17920
pause-pod-3-73, 1764633471093, 1764633489034, 17941
pause-pod-3-74, 1764633471124, 1764633489193, 18069
pause-pod-3-75, 1764633471197, 1764633489352, 18155
pause-pod-3-76, 1764633471285, 1764633489509, 18224
pause-pod-3-77, 1764633471556, 1764633489668, 18112
pause-pod-3-78, 1764633471722, 1764633489826, 18104
pause-pod-3-79, 1764633471771, 1764633489985, 18214
pause-pod-3-80, 1764633471799, 1764633490144, 18345
pause-pod-3-81, 1764633471964, 1764633490302, 18338
pause-pod-3-82, 1764633472011, 1764633490461, 18450
pause-pod-3-83, 1764633472053, 1764633490621, 18568
pause-pod-3-84, 1764633472086, 1764633490782, 18696
pause-pod-3-85, 1764633472345, 1764633490941, 18596
pause-pod-3-86, 1764633472435, 1764633491100, 18665
pause-pod-3-87, 1764633472518, 1764633491259, 18741
pause-pod-3-88, 1764633472597, 1764633491418, 18821
pause-pod-3-89, 1764633472639, 1764633491577, 18938
pause-pod-3-90, 1764633472725, 1764633491736, 19011
pause-pod-3-91, 1764633472805, 1764633491895, 19090
pause-pod-3-92, 1764633472843, 1764633492054, 19211
pause-pod-3-93, 1764633472894, 1764633492213, 19319
pause-pod-3-94, 1764633472920, 1764633492373, 19453
pause-pod-3-95, 1764633473114, 1764633492533, 19419
pause-pod-3-96, 1764633473193, 1764633492691, 19498
pause-pod-3-97, 1764633473219, 1764633492851, 19632
pause-pod-3-98, 1764633473226, 1764633493010, 19784
pause-pod-3-99, 1764633473237, 1764633493170, 19933
pause-pod-3-100, 1764633473257, 1764633493329, 20072
pause-pod-3-101, 1764633473291, 1764633493487, 20196
pause-pod-3-102, 1764633473305, 1764633493645, 20340
pause-pod-3-103, 1764633473344, 1764633493810, 20466
pause-pod-3-104, 1764633473386, 1764633493968, 20582
pause-pod-3-105, 1764633473391, 1764633494127, 20736
pause-pod-3-106, 1764633473439, 1764633494288, 20849
pause-pod-3-107, 1764633473475, 1764633494447, 20972
pause-pod-3-108, 1764633473540, 1764633494606, 21066
pause-pod-3-109, 1764633473661, 1764633494766, 21105
pause-pod-3-110, 1764633473713, 1764633494924, 21211
pause-pod-3-111, 1764633473732, 1764633495082, 21350
pause-pod-3-112, 1764633473746, 1764633495242, 21496
pause-pod-3-113, 1764633473775, 1764633495400, 21625
pause-pod-3-114, 1764633473845, 1764633495559, 21714
pause-pod-3-115, 1764633473865, 1764633495718, 21853
pause-pod-3-116, 1764633473872, 1764633495878, 22006
pause-pod-3-117, 1764633473945, 1764633496036, 22091
pause-pod-3-118, 1764633473984, 1764633496195, 22211
pause-pod-3-119, 1764633474004, 1764633496353, 22349
pause-pod-3-120, 1764633474010, 1764633496511, 22501
pause-pod-3-121, 1764633474015, 1764633496669, 22654
pause-pod-3-122, 1764633474021, 1764633496828, 22807
pause-pod-3-123, 1764633474034, 1764633496987, 22953
pause-pod-3-124, 1764633474041, 1764633497145, 23104
pause-pod-3-125, 1764633474045, 1764633497303, 23258
pause-pod-3-126, 1764633474050, 1764633497463, 23413
pause-pod-3-127, 1764633474054, 1764633497625, 23571
pause-pod-3-128, 1764633474149, 1764633497786, 23637
pause-pod-3-129, 1764633474173, 1764633497951, 23778
pause-pod-3-130, 1764633474186, 1764633498114, 23928
pause-pod-3-131, 1764633474243, 1764633498277, 24034
pause-pod-3-132, 1764633474261, 1764633498469, 24208
pause-pod-3-133, 1764633474322, 1764633498631, 24309
pause-pod-3-134, 1764633474344, 1764633498791, 24447
pause-pod-3-135, 1764633474366, 1764633498955, 24589
pause-pod-3-136, 1764633474475, 1764633499116, 24641
pause-pod-3-137, 1764633474485, 1764633499282, 24797
pause-pod-3-138, 1764633474599, 1764633499442, 24843
pause-pod-3-139, 1764633474607, 1764633499606, 24999
pause-pod-3-140, 1764633474738, 1764633499775, 25037
pause-pod-3-141, 1764633474782, 1764633499937, 25155
pause-pod-3-142, 1764633474927, 1764633500100, 25173
pause-pod-3-143, 1764633474946, 1764633500265, 25319
pause-pod-3-144, 1764633474966, 1764633500428, 25462
pause-pod-3-145, 1764633474983, 1764633500590, 25607
pause-pod-3-146, 1764633475031, 1764633500753, 25722
pause-pod-3-147, 1764633475041, 1764633500915, 25874
pause-pod-3-148, 1764633475313, 1764633501078, 25765
pause-pod-3-149, 1764633475375, 1764633501240, 25865
pause-pod-3-150, 1764633475493, 1764633501403, 25910
pause-pod-4-1, 1764633574143, 1764633582444, 8301
pause-pod-4-2, 1764633574146, 1764633582653, 8507
pause-pod-4-3, 1764633574148, 1764633582877, 8729
pause-pod-4-4, 1764633574151, 1764633583076, 8925
pause-pod-4-5, 1764633574153, 1764633583274, 9121
pause-pod-4-6, 1764633574156, 1764633583459, 9303
pause-pod-4-7, 1764633574159, 1764633583638, 9479
pause-pod-4-8, 1764633574162, 1764633583808, 9646
pause-pod-4-9, 1764633574165, 1764633583968, 9803
pause-pod-4-10, 1764633574168, 1764633584131, 9963
pause-pod-4-11, 1764633574172, 1764633584294, 10122
pause-pod-4-12, 1764633574176, 1764633584458, 10282
pause-pod-4-13, 1764633574181, 1764633584617, 10436
pause-pod-4-14, 1764633574186, 1764633584777, 10591
pause-pod-4-15, 1764633574192, 1764633584935, 10743
pause-pod-4-16, 1764633574198, 1764633585103, 10905
pause-pod-4-17, 1764633574226, 1764633585262, 11036
pause-pod-4-18, 1764633574230, 1764633585420, 11190
pause-pod-4-19, 1764633574233, 1764633585579, 11346
pause-pod-4-20, 1764633574240, 1764633585739, 11499
pause-pod-4-21, 1764633574258, 1764633585900, 11642
pause-pod-4-22, 1764633574298, 1764633586058, 11760
pause-pod-4-23, 1764633574380, 1764633586218, 11838
pause-pod-4-24, 1764633574416, 1764633586377, 11961
pause-pod-4-25, 1764633574452, 1764633586535, 12083
pause-pod-4-26, 1764633574461, 1764633586693, 12232
pause-pod-4-27, 1764633574497, 1764633586851, 12354
pause-pod-4-28, 1764633574546, 1764633587009, 12463
pause-pod-4-29, 1764633574566, 1764633587168, 12602
pause-pod-4-30, 1764633574582, 1764633587337, 12755
pause-pod-4-31, 1764633574589, 1764633587496, 12907
pause-pod-4-32, 1764633574595, 1764633587655, 13060
pause-pod-4-33, 1764633574624, 1764633587814, 13190
pause-pod-4-34, 1764633574628, 1764633587972, 13344
pause-pod-4-35, 1764633574725, 1764633588131, 13406
pause-pod-4-36, 1764633574753, 1764633588290, 13537
pause-pod-4-37, 1764633574770, 1764633588449, 13679
pause-pod-4-38, 1764633574783, 1764633588608, 13825
pause-pod-4-39, 1764633574816, 1764633588766, 13950
pause-pod-4-40, 1764633574886, 1764633588926, 14040
pause-pod-4-41, 1764633574922, 1764633589084, 14162
pause-pod-4-42, 1764633574995, 1764633589243, 14248
pause-pod-4-43, 1764633575069, 1764633589412, 14343
pause-pod-4-44, 1764633575116, 1764633589571, 14455
pause-pod-4-45, 1764633575168, 1764633589736, 14568
pause-pod-4-46, 1764633575209, 1764633589895, 14686
pause-pod-4-47, 1764633575277, 1764633590053, 14776
pause-pod-4-48, 1764633575343, 1764633590212, 14869
pause-pod-4-49, 1764633575434, 1764633590370, 14936
pause-pod-4-50, 1764633575504, 1764633590529, 15025
pause-pod-4-51, 1764633575575, 1764633590689, 15114
pause-pod-4-52, 1764633575637, 1764633590847, 15210
pause-pod-4-53, 1764633575642, 1764633591005, 15363
pause-pod-4-54, 1764633575675, 1764633591164, 15489
pause-pod-4-55, 1764633575704, 1764633591323, 15619
pause-pod-4-56, 1764633575781, 1764633591481, 15700
pause-pod-4-57, 1764633575840, 1764633591642, 15802
pause-pod-4-58, 1764633575879, 1764633591801, 15922
pause-pod-4-59, 1764633575884, 1764633591961, 16077
pause-pod-4-60, 1764633575890, 1764633592119, 16229
pause-pod-4-61, 1764633575902, 1764633592278, 16376
pause-pod-4-62, 1764633575910, 1764633592436, 16526
pause-pod-4-63, 1764633575997, 1764633592595, 16598
pause-pod-4-64, 1764633576082, 1764633592754, 16672
pause-pod-4-65, 1764633576165, 1764633592913, 16748
pause-pod-4-66, 1764633576275, 1764633593073, 16798
pause-pod-4-67, 1764633576376, 1764633593231, 16855
pause-pod-4-68, 1764633576451, 1764633593390, 16939
pause-pod-4-69, 1764633576518, 1764633593549, 17031
pause-pod-4-70, 1764633576587, 1764633593713, 17126
pause-pod-4-71, 1764633576597, 1764633593872, 17275
pause-pod-4-72, 1764633576655, 1764633594030, 17375
pause-pod-4-73, 1764633576688, 1764633594189, 17501
pause-pod-4-74, 1764633576889, 1764633594348, 17459
pause-pod-4-75, 1764633576955, 1764633594516, 17561
pause-pod-4-76, 1764633576973, 1764633594677, 17704
pause-pod-4-77, 1764633576998, 1764633594836, 17838
pause-pod-4-78, 1764633577069, 1764633594995, 17926
pause-pod-4-79, 1764633577177, 1764633595153, 17976
pause-pod-4-80, 1764633577266, 1764633595311, 18045
pause-pod-4-81, 1764633577295, 1764633595469, 18174
pause-pod-4-82, 1764633577465, 1764633595627, 18162
pause-pod-4-83, 1764633577525, 1764633595785, 18260
pause-pod-4-84, 1764633577539, 1764633595943, 18404
pause-pod-4-85, 1764633577607, 1764633596101, 18494
pause-pod-4-86, 1764633577758, 1764633596260, 18502
pause-pod-4-87, 1764633577791, 1764633596418, 18627
pause-pod-4-88, 1764633577815, 1764633596576, 18761
pause-pod-4-89, 1764633577899, 1764633596736, 18837
pause-pod-4-90, 1764633577936, 1764633596895, 18959
pause-pod-4-91, 1764633577952, 1764633597055, 19103
pause-pod-4-92, 1764633577995, 1764633597215, 19220
pause-pod-4-93, 1764633578004, 1764633597376, 19372
pause-pod-4-94, 1764633578022, 1764633597534, 19512
pause-pod-4-95, 1764633578039, 1764633597692, 19653
pause-pod-4-96, 1764633578046, 1764633597851, 19805
pause-pod-4-97, 1764633578093, 1764633598008, 19915
pause-pod-4-98, 1764633578099, 1764633598166, 20067
pause-pod-4-99, 1764633578184, 1764633598326, 20142
pause-pod-4-100, 1764633578252, 1764633598485, 20233
pause-pod-4-101, 1764633578313, 1764633598645, 20332
pause-pod-4-102, 1764633578318, 1764633598803, 20485
pause-pod-4-103, 1764633578348, 1764633598961, 20613
pause-pod-4-104, 1764633578438, 1764633599121, 20683
pause-pod-4-105, 1764633578508, 1764633599281, 20773
pause-pod-4-106, 1764633578620, 1764633599439, 20819
pause-pod-4-107, 1764633578666, 1764633599597, 20931
pause-pod-4-108, 1764633578701, 1764633599756, 21055
pause-pod-4-109, 1764633578740, 1764633599915, 21175
pause-pod-4-110, 1764633578754, 1764633600074, 21320
pause-pod-4-111, 1764633578757, 1764633600232, 21475
pause-pod-4-112, 1764633578777, 1764633600391, 21614
pause-pod-4-113, 1764633578798, 1764633600550, 21752
pause-pod-4-114, 1764633578814, 1764633600709, 21895
pause-pod-4-115, 1764633578850, 1764633600868, 22018
pause-pod-4-116, 1764633578917, 1764633601027, 22110
pause-pod-4-117, 1764633578955, 1764633601186, 22231
pause-pod-4-118, 1764633578994, 1764633601357, 22363
pause-pod-4-119, 1764633579008, 1764633601516, 22508
pause-pod-4-120, 1764633579018, 1764633601676, 22658
pause-pod-4-121, 1764633579085, 1764633601834, 22749
pause-pod-4-122, 1764633579129, 1764633601993, 22864
pause-pod-4-123, 1764633579141, 1764633602152, 23011
pause-pod-4-124, 1764633579243, 1764633602311, 23068
pause-pod-4-125, 1764633579252, 1764633602470, 23218
pause-pod-4-126, 1764633579255, 1764633602630, 23375
pause-pod-4-127, 1764633579291, 1764633602788, 23497
pause-pod-4-128, 1764633579335, 1764633602947, 23612
pause-pod-4-129, 1764633579362, 1764633603106, 23744
pause-pod-4-130, 1764633579436, 1764633603264, 23828
pause-pod-4-131, 1764633579539, 1764633603422, 23883
pause-pod-4-132, 1764633579554, 1764633603584, 24030
pause-pod-4-133, 1764633579589, 1764633603744, 24155
pause-pod-4-134, 1764633579633, 1764633603903, 24270
pause-pod-4-135, 1764633579665, 1764633604061, 24396
pause-pod-4-136, 1764633579693, 1764633604221, 24528
pause-pod-4-137, 1764633579699, 1764633604379, 24680
pause-pod-4-138, 1764633579785, 1764633604537, 24752
pause-pod-4-139, 1764633579820, 1764633604696, 24876
pause-pod-4-140, 1764633579946, 1764633604855, 24909
pause-pod-4-141, 1764633580057, 1764633605015, 24958
pause-pod-4-142, 1764633580130, 1764633605174, 25044
pause-pod-4-143, 1764633580138, 1764633605333, 25195
pause-pod-4-144, 1764633580289, 1764633605492, 25203
pause-pod-4-145, 1764633580306, 1764633605652, 25346
pause-pod-4-146, 1764633580388, 1764633605811, 25423
pause-pod-4-147, 1764633580392, 1764633605969, 25577
pause-pod-4-148, 1764633580430, 1764633606129, 25699
pause-pod-4-149, 1764633580441, 1764633606289, 25848
pause-pod-4-150, 1764633580460, 1764633606448, 25988
pause-pod-5-1, 1764633678393, 1764633686751, 8358
pause-pod-5-2, 1764633678395, 1764633686980, 8585
pause-pod-5-3, 1764633678398, 1764633687182, 8784
pause-pod-5-4, 1764633678400, 1764633687393, 8993
pause-pod-5-5, 1764633678403, 1764633687610, 9207
pause-pod-5-6, 1764633678405, 1764633687802, 9397
pause-pod-5-7, 1764633678408, 1764633688012, 9604
pause-pod-5-8, 1764633678412, 1764633688171, 9759
pause-pod-5-9, 1764633678414, 1764633688331, 9917
pause-pod-5-10, 1764633678417, 1764633688489, 10072
pause-pod-5-11, 1764633678421, 1764633688649, 10228
pause-pod-5-12, 1764633678424, 1764633688813, 10389
pause-pod-5-13, 1764633678433, 1764633688974, 10541
pause-pod-5-14, 1764633678437, 1764633689133, 10696
pause-pod-5-15, 1764633678443, 1764633689295, 10852
pause-pod-5-16, 1764633678447, 1764633689456, 11009
pause-pod-5-17, 1764633678452, 1764633689615, 11163
pause-pod-5-18, 1764633678455, 1764633689775, 11320
pause-pod-5-19, 1764633678469, 1764633689935, 11466
pause-pod-5-20, 1764633678488, 1764633690094, 11606
pause-pod-5-21, 1764633678492, 1764633690253, 11761
pause-pod-5-22, 1764633678520, 1764633690415, 11895
pause-pod-5-23, 1764633678550, 1764633690574, 12024
pause-pod-5-24, 1764633678557, 1764633690733, 12176
pause-pod-5-25, 1764633678564, 1764633690893, 12329
pause-pod-5-26, 1764633678595, 1764633691052, 12457
pause-pod-5-27, 1764633678633, 1764633691210, 12577
pause-pod-5-28, 1764633678712, 1764633691369, 12657
pause-pod-5-29, 1764633678746, 1764633691529, 12783
pause-pod-5-30, 1764633678779, 1764633691687, 12908
pause-pod-5-31, 1764633678807, 1764633691847, 13040
pause-pod-5-32, 1764633678833, 1764633692006, 13173
pause-pod-5-33, 1764633678838, 1764633692165, 13327
pause-pod-5-34, 1764633678880, 1764633692324, 13444
pause-pod-5-35, 1764633678893, 1764633692482, 13589
pause-pod-5-36, 1764633678914, 1764633692641, 13727
pause-pod-5-37, 1764633678930, 1764633692800, 13870
pause-pod-5-38, 1764633678938, 1764633692958, 14020
pause-pod-5-39, 1764633678996, 1764633693117, 14121
pause-pod-5-40, 1764633679021, 1764633693276, 14255
pause-pod-5-41, 1764633679089, 1764633693435, 14346
pause-pod-5-42, 1764633679236, 1764633693594, 14358
pause-pod-5-43, 1764633679256, 1764633693752, 14496
pause-pod-5-44, 1764633679298, 1764633693911, 14613
pause-pod-5-45, 1764633679334, 1764633694069, 14735
pause-pod-5-46, 1764633679363, 1764633694228, 14865
pause-pod-5-47, 1764633679524, 1764633694387, 14863
pause-pod-5-48, 1764633679763, 1764633694545, 14782
pause-pod-5-49, 1764633679790, 1764633694703, 14913
pause-pod-5-50, 1764633679888, 1764633694861, 14973
pause-pod-5-51, 1764633679906, 1764633695020, 15114
pause-pod-5-52, 1764633679953, 1764633695180, 15227
pause-pod-5-53, 1764633679996, 1764633695340, 15344
pause-pod-5-54, 1764633680056, 1764633695499, 15443
pause-pod-5-55, 1764633680129, 1764633695657, 15528
pause-pod-5-56, 1764633680170, 1764633695815, 15645
pause-pod-5-57, 1764633680248, 1764633695973, 15725
pause-pod-5-58, 1764633680279, 1764633696131, 15852
pause-pod-5-59, 1764633680375, 1764633696290, 15915
pause-pod-5-60, 1764633680431, 1764633696449, 16018
pause-pod-5-61, 1764633680443, 1764633696608, 16165
pause-pod-5-62, 1764633680450, 1764633696766, 16316
pause-pod-5-63, 1764633680459, 1764633696925, 16466
pause-pod-5-64, 1764633680470, 1764633697084, 16614
pause-pod-5-65, 1764633680497, 1764633697242, 16745
pause-pod-5-66, 1764633680517, 1764633697400, 16883
pause-pod-5-67, 1764633680538, 1764633697558, 17020
pause-pod-5-68, 1764633680543, 1764633697718, 17175
pause-pod-5-69, 1764633680632, 1764633697876, 17244
pause-pod-5-70, 1764633680673, 1764633698034, 17361
pause-pod-5-71, 1764633680685, 1764633698192, 17507
pause-pod-5-72, 1764633680692, 1764633698350, 17658
pause-pod-5-73, 1764633680716, 1764633698508, 17792
pause-pod-5-74, 1764633680733, 1764633698668, 17935
pause-pod-5-75, 1764633680793, 1764633698828, 18035
pause-pod-5-76, 1764633680800, 1764633698989, 18189
pause-pod-5-77, 1764633680812, 1764633699147, 18335
pause-pod-5-78, 1764633680881, 1764633699307, 18426
pause-pod-5-79, 1764633680913, 1764633699467, 18554
pause-pod-5-80, 1764633680957, 1764633699626, 18669
pause-pod-5-81, 1764633680987, 1764633699784, 18797
pause-pod-5-82, 1764633681041, 1764633699943, 18902
pause-pod-5-83, 1764633681059, 1764633700101, 19042
pause-pod-5-84, 1764633681084, 1764633700259, 19175
pause-pod-5-85, 1764633681155, 1764633700418, 19263
pause-pod-5-86, 1764633681168, 1764633700577, 19409
pause-pod-5-87, 1764633681173, 1764633700741, 19568
pause-pod-5-88, 1764633681198, 1764633700902, 19704
pause-pod-5-89, 1764633681203, 1764633701062, 19859
pause-pod-5-90, 1764633681427, 1764633701221, 19794
pause-pod-5-91, 1764633681450, 1764633701380, 19930
pause-pod-5-92, 1764633681478, 1764633701539, 20061
pause-pod-5-93, 1764633681505, 1764633701698, 20193
pause-pod-5-94, 1764633681577, 1764633701857, 20280
pause-pod-5-95, 1764633681605, 1764633702015, 20410
pause-pod-5-96, 1764633681634, 1764633702173, 20539
pause-pod-5-97, 1764633681686, 1764633702333, 20647
pause-pod-5-98, 1764633681746, 1764633702491, 20745
pause-pod-5-99, 1764633681804, 1764633702651, 20847
pause-pod-5-100, 1764633681808, 1764633702810, 21002
pause-pod-5-101, 1764633681867, 1764633702968, 21101
pause-pod-5-102, 1764633681885, 1764633703127, 21242
pause-pod-5-103, 1764633682043, 1764633703286, 21243
pause-pod-5-104, 1764633682108, 1764633703445, 21337
pause-pod-5-105, 1764633682137, 1764633703603, 21466
pause-pod-5-106, 1764633682181, 1764633703762, 21581
pause-pod-5-107, 1764633682415, 1764633703921, 21506
pause-pod-5-108, 1764633682710, 1764633704080, 21370
pause-pod-5-109, 1764633682722, 1764633704245, 21523
pause-pod-5-110, 1764633682737, 1764633704404, 21667
pause-pod-5-111, 1764633682763, 1764633704564, 21801
pause-pod-5-112, 1764633682899, 1764633704724, 21825
pause-pod-5-113, 1764633682957, 1764633704883, 21926
pause-pod-5-114, 1764633682966, 1764633705042, 22076
pause-pod-5-115, 1764633683052, 1764633705201, 22149
pause-pod-5-116, 1764633683083, 1764633705362, 22279
pause-pod-5-117, 1764633683145, 1764633705522, 22377
pause-pod-5-118, 1764633683196, 1764633705679, 22483
pause-pod-5-119, 1764633683285, 1764633705840, 22555
pause-pod-5-120, 1764633683328, 1764633705998, 22670
pause-pod-5-121, 1764633683394, 1764633706157, 22763
pause-pod-5-122, 1764633683436, 1764633706316, 22880
pause-pod-5-123, 1764633683528, 1764633706474, 22946
pause-pod-5-124, 1764633683544, 1764633706632, 23088
pause-pod-5-125, 1764633683597, 1764633706790, 23193
pause-pod-5-126, 1764633683713, 1764633706951, 23238
pause-pod-5-127, 1764633683784, 1764633707109, 23325
pause-pod-5-128, 1764633683837, 1764633707268, 23431
pause-pod-5-129, 1764633683854, 1764633707428, 23574
pause-pod-5-130, 1764633683887, 1764633707587, 23700
pause-pod-5-131, 1764633683902, 1764633707745, 23843
pause-pod-5-132, 1764633683926, 1764633707903, 23977
pause-pod-5-133, 1764633683955, 1764633708062, 24107
pause-pod-5-134, 1764633683979, 1764633708222, 24243
pause-pod-5-135, 1764633684005, 1764633708379, 24374
pause-pod-5-136, 1764633684054, 1764633708538, 24484
pause-pod-5-137, 1764633684103, 1764633708697, 24594
pause-pod-5-138, 1764633684120, 1764633708855, 24735
pause-pod-5-139, 1764633684146, 1764633709013, 24867
pause-pod-5-140, 1764633684184, 1764633709172, 24988
pause-pod-5-141, 1764633684273, 1764633709331, 25058
pause-pod-5-142, 1764633684336, 1764633709490, 25154
pause-pod-5-143, 1764633684362, 1764633709649, 25287
pause-pod-5-144, 1764633684396, 1764633709808, 25412
pause-pod-5-145, 1764633684437, 1764633709968, 25531
pause-pod-5-146, 1764633684457, 1764633710127, 25670
pause-pod-5-147, 1764633684475, 1764633710286, 25811
pause-pod-5-148, 1764633684486, 1764633710445, 25959
pause-pod-5-149, 1764633684524, 1764633710603, 26079
pause-pod-5-150, 1764633684555, 1764633710762, 26207
pause-pod-6-1, 1764633782498, 1764633790751, 8253
pause-pod-6-2, 1764633782500, 1764633790968, 8468
pause-pod-6-3, 1764633782502, 1764633791182, 8680
pause-pod-6-4, 1764633782504, 1764633791406, 8902
pause-pod-6-5, 1764633782506, 1764633791609, 9103
pause-pod-6-6, 1764633782508, 1764633791796, 9288
pause-pod-6-7, 1764633782511, 1764633791967, 9456
pause-pod-6-8, 1764633782514, 1764633792126, 9612
pause-pod-6-9, 1764633782517, 1764633792284, 9767
pause-pod-6-10, 1764633782520, 1764633792444, 9924
pause-pod-6-11, 1764633782523, 1764633792603, 10080
pause-pod-6-12, 1764633782525, 1764633792763, 10238
pause-pod-6-13, 1764633782529, 1764633792925, 10396
pause-pod-6-14, 1764633782534, 1764633793085, 10551
pause-pod-6-15, 1764633782539, 1764633793246, 10707
pause-pod-6-16, 1764633782557, 1764633793407, 10850
pause-pod-6-17, 1764633782573, 1764633793565, 10992
pause-pod-6-18, 1764633782586, 1764633793725, 11139
pause-pod-6-19, 1764633782596, 1764633793886, 11290
pause-pod-6-20, 1764633782610, 1764633794045, 11435
pause-pod-6-21, 1764633782653, 1764633794212, 11559
pause-pod-6-22, 1764633782697, 1764633794371, 11674
pause-pod-6-23, 1764633782764, 1764633794530, 11766
pause-pod-6-24, 1764633782805, 1764633794689, 11884
pause-pod-6-25, 1764633782863, 1764633794848, 11985
pause-pod-6-26, 1764633782883, 1764633795008, 12125
pause-pod-6-27, 1764633782926, 1764633795167, 12241
pause-pod-6-28, 1764633782954, 1764633795327, 12373
pause-pod-6-29, 1764633782971, 1764633795487, 12516
pause-pod-6-30, 1764633783009, 1764633795645, 12636
pause-pod-6-31, 1764633783026, 1764633795806, 12780
pause-pod-6-32, 1764633783088, 1764633795966, 12878
pause-pod-6-33, 1764633783100, 1764633796124, 13024
pause-pod-6-34, 1764633783126, 1764633796283, 13157
pause-pod-6-35, 1764633783162, 1764633796441, 13279
pause-pod-6-36, 1764633783181, 1764633796600, 13419
pause-pod-6-37, 1764633783184, 1764633796759, 13575
pause-pod-6-38, 1764633783199, 1764633796918, 13719
pause-pod-6-39, 1764633783221, 1764633797077, 13856
pause-pod-6-40, 1764633783245, 1764633797236, 13991
pause-pod-6-41, 1764633783300, 1764633797395, 14095
pause-pod-6-42, 1764633783308, 1764633797553, 14245
pause-pod-6-43, 1764633783345, 1764633797713, 14368
pause-pod-6-44, 1764633783348, 1764633797872, 14524
pause-pod-6-45, 1764633783374, 1764633798031, 14657
pause-pod-6-46, 1764633783400, 1764633798189, 14789
pause-pod-6-47, 1764633783417, 1764633798347, 14930
pause-pod-6-48, 1764633783422, 1764633798505, 15083
pause-pod-6-49, 1764633783436, 1764633798664, 15228
pause-pod-6-50, 1764633783485, 1764633798823, 15338
pause-pod-6-51, 1764633783533, 1764633798980, 15447
pause-pod-6-52, 1764633783574, 1764633799139, 15565
pause-pod-6-53, 1764633783603, 1764633799299, 15696
pause-pod-6-54, 1764633783682, 1764633799458, 15776
pause-pod-6-55, 1764633783694, 1764633799617, 15923
pause-pod-6-56, 1764633783699, 1764633799775, 16076
pause-pod-6-57, 1764633783709, 1764633799935, 16226
pause-pod-6-58, 1764633783718, 1764633800094, 16376
pause-pod-6-59, 1764633783729, 1764633800252, 16523
pause-pod-6-60, 1764633783779, 1764633800411, 16632
pause-pod-6-61, 1764633783817, 1764633800569, 16752
pause-pod-6-62, 1764633783870, 1764633800728, 16858
pause-pod-6-63, 1764633784012, 1764633800889, 16877
pause-pod-6-64, 1764633784272, 1764633801048, 16776
pause-pod-6-65, 1764633784383, 1764633801205, 16822
pause-pod-6-66, 1764633784421, 1764633801365, 16944
pause-pod-6-67, 1764633784433, 1764633801524, 17091
pause-pod-6-68, 1764633784440, 1764633801682, 17242
pause-pod-6-69, 1764633784500, 1764633801838, 17338
pause-pod-6-70, 1764633784516, 1764633801998, 17482
pause-pod-6-71, 1764633784597, 1764633802156, 17559
pause-pod-6-72, 1764633784621, 1764633802316, 17695
pause-pod-6-73, 1764633784658, 1764633802474, 17816
pause-pod-6-74, 1764633784803, 1764633802633, 17830
pause-pod-6-75, 1764633784921, 1764633802792, 17871
pause-pod-6-76, 1764633784975, 1764633802951, 17976
pause-pod-6-77, 1764633784991, 1764633803109, 18118
pause-pod-6-78, 1764633785199, 1764633803267, 18068
pause-pod-6-79, 1764633785317, 1764633803426, 18109
pause-pod-6-80, 1764633785368, 1764633803585, 18217
pause-pod-6-81, 1764633785599, 1764633803744, 18145
pause-pod-6-82, 1764633785734, 1764633803903, 18169
pause-pod-6-83, 1764633785755, 1764633804062, 18307
pause-pod-6-84, 1764633785788, 1764633804222, 18434
pause-pod-6-85, 1764633785916, 1764633804380, 18464
pause-pod-6-86, 1764633786130, 1764633804539, 18409
pause-pod-6-87, 1764633786322, 1764633804699, 18377
pause-pod-6-88, 1764633786398, 1764633804858, 18460
pause-pod-6-89, 1764633786452, 1764633805018, 18566
pause-pod-6-90, 1764633786469, 1764633805177, 18708
pause-pod-6-91, 1764633786480, 1764633805335, 18855
pause-pod-6-92, 1764633786496, 1764633805494, 18998
pause-pod-6-93, 1764633786513, 1764633805653, 19140
pause-pod-6-94, 1764633786548, 1764633805813, 19265
pause-pod-6-95, 1764633786611, 1764633805975, 19364
pause-pod-6-96, 1764633786617, 1764633806137, 19520
pause-pod-6-97, 1764633786642, 1764633806295, 19653
pause-pod-6-98, 1764633786669, 1764633806453, 19784
pause-pod-6-99, 1764633786686, 1764633806612, 19926
pause-pod-6-100, 1764633786730, 1764633806770, 20040
pause-pod-6-101, 1764633786757, 1764633806928, 20171
pause-pod-6-102, 1764633786824, 1764633807086, 20262
pause-pod-6-103, 1764633786858, 1764633807244, 20386
pause-pod-6-104, 1764633786900, 1764633807403, 20503
pause-pod-6-105, 1764633786907, 1764633807561, 20654
pause-pod-6-106, 1764633786977, 1764633807720, 20743
pause-pod-6-107, 1764633786996, 1764633807879, 20883
pause-pod-6-108, 1764633787032, 1764633808037, 21005
pause-pod-6-109, 1764633787060, 1764633808196, 21136
pause-pod-6-110, 1764633787193, 1764633808354, 21161
pause-pod-6-111, 1764633787223, 1764633808512, 21289
pause-pod-6-112, 1764633787328, 1764633808670, 21342
pause-pod-6-113, 1764633787390, 1764633808828, 21438
pause-pod-6-114, 1764633787404, 1764633808987, 21583
pause-pod-6-115, 1764633787441, 1764633809146, 21705
pause-pod-6-116, 1764633787459, 1764633809305, 21846
pause-pod-6-117, 1764633787492, 1764633809464, 21972
pause-pod-6-118, 1764633787518, 1764633809622, 22104
pause-pod-6-119, 1764633787545, 1764633809782, 22237
pause-pod-6-120, 1764633787604, 1764633809940, 22336
pause-pod-6-121, 1764633787621, 1764633810099, 22478
pause-pod-6-122, 1764633787659, 1764633810257, 22598
pause-pod-6-123, 1764633787707, 1764633810416, 22709
pause-pod-6-124, 1764633787781, 1764633810575, 22794
pause-pod-6-125, 1764633787845, 1764633810734, 22889
pause-pod-6-126, 1764633787911, 1764633810893, 22982
pause-pod-6-127, 1764633787939, 1764633811052, 23113
pause-pod-6-128, 1764633787970, 1764633811210, 23240
pause-pod-6-129, 1764633787981, 1764633811369, 23388
pause-pod-6-130, 1764633788003, 1764633811527, 23524
pause-pod-6-131, 1764633788033, 1764633811686, 23653
pause-pod-6-132, 1764633788088, 1764633811844, 23756
pause-pod-6-133, 1764633788092, 1764633812003, 23911
pause-pod-6-134, 1764633788124, 1764633812162, 24038
pause-pod-6-135, 1764633788167, 1764633812321, 24154
pause-pod-6-136, 1764633788302, 1764633812480, 24178
pause-pod-6-137, 1764633788307, 1764633812639, 24332
pause-pod-6-138, 1764633788358, 1764633812799, 24441
pause-pod-6-139, 1764633788481, 1764633812958, 24477
pause-pod-6-140, 1764633788513, 1764633813117, 24604
pause-pod-6-141, 1764633788587, 1764633813276, 24689
pause-pod-6-142, 1764633788678, 1764633813436, 24758
pause-pod-6-143, 1764633788762, 1764633813594, 24832
pause-pod-6-144, 1764633788849, 1764633813753, 24904
pause-pod-6-145, 1764633788899, 1764633813912, 25013
pause-pod-6-146, 1764633788910, 1764633814071, 25161
pause-pod-6-147, 1764633788933, 1764633814229, 25296
pause-pod-6-148, 1764633788942, 1764633814388, 25446
pause-pod-6-149, 1764633788951, 1764633814546, 25595
pause-pod-6-150, 1764633789022, 1764633814705, 25683
