Pod Name, Delete Start Timestamp, Deleted Confirmed Timestamp, Delete Latency (milliseconds)
pause-pod-1-1, 1763674285234, 1763674287218, 1984
pause-pod-1-2, 1763674285236, 1763674287880, 2644
pause-pod-1-3, 1763674285238, 1763674292908, 7670
pause-pod-1-4, 1763674285240, 1763674296925, 11685
pause-pod-1-5, 1763674285242, 1763674296982, 11740
pause-pod-1-6, 1763674285244, 1763674297038, 11794
pause-pod-1-7, 1763674285247, 1763674297094, 11847
pause-pod-1-8, 1763674285250, 1763674297149, 11899
pause-pod-1-9, 1763674285252, 1763674297355, 12103
pause-pod-1-10, 1763674285255, 1763674299211, 13956
pause-pod-1-11, 1763674285257, 1763674299268, 14011
pause-pod-1-12, 1763674285260, 1763674299324, 14064
pause-pod-1-13, 1763674285263, 1763674299380, 14117
pause-pod-1-14, 1763674285268, 1763674299434, 14166
pause-pod-1-15, 1763674285273, 1763674299489, 14216
pause-pod-1-16, 1763674285277, 1763674299544, 14267
pause-pod-1-17, 1763674285283, 1763674299598, 14315
pause-pod-1-18, 1763674285291, 1763674299653, 14362
pause-pod-1-19, 1763674285294, 1763674299706, 14412
pause-pod-1-20, 1763674285298, 1763674299761, 14463
pause-pod-1-21, 1763674285306, 1763674299918, 14612
pause-pod-1-22, 1763674285330, 1763674299973, 14643
pause-pod-1-23, 1763674285334, 1763674300028, 14694
pause-pod-1-24, 1763674285347, 1763674300083, 14736
pause-pod-1-25, 1763674285353, 1763674300139, 14786
pause-pod-1-26, 1763674285368, 1763674300194, 14826
pause-pod-1-27, 1763674285387, 1763674300249, 14862
pause-pod-1-28, 1763674285396, 1763674300305, 14909
pause-pod-1-29, 1763674285401, 1763674300360, 14959
pause-pod-1-30, 1763674285407, 1763674300415, 15008
pause-pod-1-31, 1763674285411, 1763674300470, 15059
pause-pod-1-32, 1763674285414, 1763674300524, 15110
pause-pod-1-33, 1763674285431, 1763674300579, 15148
pause-pod-1-34, 1763674285441, 1763674300634, 15193
pause-pod-1-35, 1763674285453, 1763674300688, 15235
pause-pod-1-36, 1763674285457, 1763674300743, 15286
pause-pod-1-37, 1763674285460, 1763674300798, 15338
pause-pod-1-38, 1763674285467, 1763674300854, 15387
pause-pod-1-39, 1763674285472, 1763674300909, 15437
pause-pod-1-40, 1763674285476, 1763674300965, 15489
pause-pod-1-41, 1763674285494, 1763674301020, 15526
pause-pod-1-42, 1763674285498, 1763674301075, 15577
pause-pod-1-43, 1763674285507, 1763674301130, 15623
pause-pod-1-44, 1763674285513, 1763674301185, 15672
pause-pod-1-45, 1763674285517, 1763674301241, 15724
pause-pod-1-46, 1763674285545, 1763674301296, 15751
pause-pod-1-47, 1763674285557, 1763674301352, 15795
pause-pod-1-48, 1763674285560, 1763674301408, 15848
pause-pod-1-49, 1763674285565, 1763674301463, 15898
pause-pod-1-50, 1763674285568, 1763674301517, 15949
pause-pod-1-51, 1763674285588, 1763674301572, 15984
pause-pod-1-52, 1763674285593, 1763674301627, 16034
pause-pod-1-53, 1763674285606, 1763674301684, 16078
pause-pod-1-54, 1763674285610, 1763674301739, 16129
pause-pod-1-55, 1763674285616, 1763674301794, 16178
pause-pod-1-56, 1763674285623, 1763674301850, 16227
pause-pod-1-57, 1763674285632, 1763674301905, 16273
pause-pod-1-58, 1763674285637, 1763674301960, 16323
pause-pod-1-59, 1763674285640, 1763674302015, 16375
pause-pod-1-60, 1763674285646, 1763674302072, 16426
pause-pod-1-61, 1763674285649, 1763674302128, 16479
pause-pod-1-62, 1763674285656, 1763674302183, 16527
pause-pod-1-63, 1763674285674, 1763674302239, 16565
pause-pod-1-64, 1763674285688, 1763674302294, 16606
pause-pod-1-65, 1763674285698, 1763674302349, 16651
pause-pod-1-66, 1763674285702, 1763674302405, 16703
pause-pod-1-67, 1763674285707, 1763674302460, 16753
pause-pod-1-68, 1763674285712, 1763674302515, 16803
pause-pod-1-69, 1763674285718, 1763674302570, 16852
pause-pod-1-70, 1763674285722, 1763674302626, 16904
pause-pod-1-71, 1763674285726, 1763674302681, 16955
pause-pod-1-72, 1763674285729, 1763674302736, 17007
pause-pod-1-73, 1763674285744, 1763674302792, 17048
pause-pod-1-74, 1763674285751, 1763674302847, 17096
pause-pod-1-75, 1763674285778, 1763674302904, 17126
pause-pod-1-76, 1763674285804, 1763674302960, 17156
pause-pod-1-77, 1763674285811, 1763674303015, 17204
pause-pod-1-78, 1763674285826, 1763674303072, 17246
pause-pod-1-79, 1763674285833, 1763674303127, 17294
pause-pod-1-80, 1763674285837, 1763674303182, 17345
pause-pod-1-81, 1763674285848, 1763674303237, 17389
pause-pod-1-82, 1763674285854, 1763674303292, 17438
pause-pod-1-83, 1763674285858, 1763674303348, 17490
pause-pod-1-84, 1763674285862, 1763674303403, 17541
pause-pod-1-85, 1763674285865, 1763674303459, 17594
pause-pod-1-86, 1763674285869, 1763674303531, 17662
pause-pod-1-87, 1763674285881, 1763674303587, 17706
pause-pod-1-88, 1763674285884, 1763674303642, 17758
pause-pod-1-89, 1763674285892, 1763674303697, 17805
pause-pod-1-90, 1763674285896, 1763674303751, 17855
pause-pod-1-91, 1763674285907, 1763674303806, 17899
pause-pod-1-92, 1763674285914, 1763674303861, 17947
pause-pod-1-93, 1763674285921, 1763674303916, 17995
pause-pod-1-94, 1763674285924, 1763674303971, 18047
pause-pod-1-95, 1763674285956, 1763674304027, 18071
pause-pod-1-96, 1763674285960, 1763674304082, 18122
pause-pod-1-97, 1763674285971, 1763674304137, 18166
pause-pod-1-98, 1763674285985, 1763674304193, 18208
pause-pod-1-99, 1763674286002, 1763674304248, 18246
pause-pod-1-100, 1763674286006, 1763674304304, 18298
pause-pod-2-1, 1763674396192, 1763674405301, 9109
pause-pod-2-2, 1763674396194, 1763674405359, 9165
pause-pod-2-3, 1763674396196, 1763674407306, 11110
pause-pod-2-4, 1763674396198, 1763674407365, 11167
pause-pod-2-5, 1763674396201, 1763674407420, 11219
pause-pod-2-6, 1763674396203, 1763674408345, 12142
pause-pod-2-7, 1763674396205, 1763674408403, 12198
pause-pod-2-8, 1763674396208, 1763674408461, 12253
pause-pod-2-9, 1763674396211, 1763674408517, 12306
pause-pod-2-10, 1763674396213, 1763674408574, 12361
pause-pod-2-11, 1763674396217, 1763674408632, 12415
pause-pod-2-12, 1763674396220, 1763674408689, 12469
pause-pod-2-13, 1763674396223, 1763674408748, 12525
pause-pod-2-14, 1763674396225, 1763674410338, 14113
pause-pod-2-15, 1763674396228, 1763674410398, 14170
pause-pod-2-16, 1763674396234, 1763674410457, 14223
pause-pod-2-17, 1763674396237, 1763674410513, 14276
pause-pod-2-18, 1763674396251, 1763674410571, 14320
pause-pod-2-19, 1763674396260, 1763674410627, 14367
pause-pod-2-20, 1763674396263, 1763674410683, 14420
pause-pod-2-21, 1763674396272, 1763674410740, 14468
pause-pod-2-22, 1763674396303, 1763674410796, 14493
pause-pod-2-23, 1763674396320, 1763674410852, 14532
pause-pod-2-24, 1763674396327, 1763674410909, 14582
pause-pod-2-25, 1763674396333, 1763674410964, 14631
pause-pod-2-26, 1763674396336, 1763674411020, 14684
pause-pod-2-27, 1763674396343, 1763674411075, 14732
pause-pod-2-28, 1763674396371, 1763674411131, 14760
pause-pod-2-29, 1763674396376, 1763674411187, 14811
pause-pod-2-30, 1763674396385, 1763674411243, 14858
pause-pod-2-31, 1763674396398, 1763674411298, 14900
pause-pod-2-32, 1763674396402, 1763674411357, 14955
pause-pod-2-33, 1763674396405, 1763674411413, 15008
pause-pod-2-34, 1763674396408, 1763674411468, 15060
pause-pod-2-35, 1763674396412, 1763674411523, 15111
pause-pod-2-36, 1763674396425, 1763674411587, 15162
pause-pod-2-37, 1763674396429, 1763674411642, 15213
pause-pod-2-38, 1763674396434, 1763674411697, 15263
pause-pod-2-39, 1763674396453, 1763674411753, 15300
pause-pod-2-40, 1763674396456, 1763674411808, 15352
pause-pod-2-41, 1763674396461, 1763674411864, 15403
pause-pod-2-42, 1763674396465, 1763674411919, 15454
pause-pod-2-43, 1763674396469, 1763674411974, 15505
pause-pod-2-44, 1763674396474, 1763674412029, 15555
pause-pod-2-45, 1763674396487, 1763674412084, 15597
pause-pod-2-46, 1763674396493, 1763674412140, 15647
pause-pod-2-47, 1763674396524, 1763674412194, 15670
pause-pod-2-48, 1763674396534, 1763674412249, 15715
pause-pod-2-49, 1763674396542, 1763674412303, 15761
pause-pod-2-50, 1763674396546, 1763674412358, 15812
pause-pod-2-51, 1763674396557, 1763674412413, 15856
pause-pod-2-52, 1763674396573, 1763674412467, 15894
pause-pod-2-53, 1763674396589, 1763674412521, 15932
pause-pod-2-54, 1763674396594, 1763674412576, 15982
pause-pod-2-55, 1763674396604, 1763674412631, 16027
pause-pod-2-56, 1763674396610, 1763674412686, 16076
pause-pod-2-57, 1763674396617, 1763674412740, 16123
pause-pod-2-58, 1763674396631, 1763674412794, 16163
pause-pod-2-59, 1763674396635, 1763674412849, 16214
pause-pod-2-60, 1763674396641, 1763674412905, 16264
pause-pod-2-61, 1763674396648, 1763674412960, 16312
pause-pod-2-62, 1763674396652, 1763674413014, 16362
pause-pod-2-63, 1763674396662, 1763674413069, 16407
pause-pod-2-64, 1763674396665, 1763674413123, 16458
pause-pod-2-65, 1763674396669, 1763674413177, 16508
pause-pod-2-66, 1763674396673, 1763674413233, 16560
pause-pod-2-67, 1763674396677, 1763674413287, 16610
pause-pod-2-68, 1763674396684, 1763674413342, 16658
pause-pod-2-69, 1763674396687, 1763674413398, 16711
pause-pod-2-70, 1763674396692, 1763674413453, 16761
pause-pod-2-71, 1763674396697, 1763674413508, 16811
pause-pod-2-72, 1763674396714, 1763674413563, 16849
pause-pod-2-73, 1763674396733, 1763674413618, 16885
pause-pod-2-74, 1763674396742, 1763674413672, 16930
pause-pod-2-75, 1763674396748, 1763674413728, 16980
pause-pod-2-76, 1763674396755, 1763674413783, 17028
pause-pod-2-77, 1763674396766, 1763674413838, 17072
pause-pod-2-78, 1763674396773, 1763674413893, 17120
pause-pod-2-79, 1763674396780, 1763674413949, 17169
pause-pod-2-80, 1763674396784, 1763674414005, 17221
pause-pod-2-81, 1763674396787, 1763674414060, 17273
pause-pod-2-82, 1763674396793, 1763674414116, 17323
pause-pod-2-83, 1763674396797, 1763674414171, 17374
pause-pod-2-84, 1763674396837, 1763674414225, 17388
pause-pod-2-85, 1763674396845, 1763674414280, 17435
pause-pod-2-86, 1763674396850, 1763674414335, 17485
pause-pod-2-87, 1763674396854, 1763674414391, 17537
pause-pod-2-88, 1763674396860, 1763674414447, 17587
pause-pod-2-89, 1763674396866, 1763674414519, 17653
pause-pod-2-90, 1763674396879, 1763674414574, 17695
pause-pod-2-91, 1763674396883, 1763674414629, 17746
pause-pod-2-92, 1763674396887, 1763674414684, 17797
pause-pod-2-93, 1763674396908, 1763674414739, 17831
pause-pod-2-94, 1763674396913, 1763674414793, 17880
pause-pod-2-95, 1763674396920, 1763674414848, 17928
pause-pod-2-96, 1763674396926, 1763674414902, 17976
pause-pod-2-97, 1763674396935, 1763674414958, 18023
pause-pod-2-98, 1763674396943, 1763674415012, 18069
pause-pod-2-99, 1763674396949, 1763674415066, 18117
pause-pod-2-100, 1763674396961, 1763674415121, 18160
pause-pod-3-1, 1763674510700, 1763674517757, 7057
pause-pod-3-2, 1763674510703, 1763674517813, 7110
pause-pod-3-3, 1763674510705, 1763674517868, 7163
pause-pod-3-4, 1763674510707, 1763674518766, 8059
pause-pod-3-5, 1763674510709, 1763674522811, 12102
pause-pod-3-6, 1763674510711, 1763674523811, 13100
pause-pod-3-7, 1763674510714, 1763674523869, 13155
pause-pod-3-8, 1763674510716, 1763674523925, 13209
pause-pod-3-9, 1763674510719, 1763674523981, 13262
pause-pod-3-10, 1763674510721, 1763674524036, 13315
pause-pod-3-11, 1763674510724, 1763674525159, 14435
pause-pod-3-12, 1763674510727, 1763674525216, 14489
pause-pod-3-13, 1763674510730, 1763674525273, 14543
pause-pod-3-14, 1763674510734, 1763674525330, 14596
pause-pod-3-15, 1763674510737, 1763674525384, 14647
pause-pod-3-16, 1763674510742, 1763674525440, 14698
pause-pod-3-17, 1763674510748, 1763674525909, 15161
pause-pod-3-18, 1763674510752, 1763674525964, 15212
pause-pod-3-19, 1763674510756, 1763674526019, 15263
pause-pod-3-20, 1763674510781, 1763674526075, 15294
pause-pod-3-21, 1763674510807, 1763674526130, 15323
pause-pod-3-22, 1763674510816, 1763674526186, 15370
pause-pod-3-23, 1763674510820, 1763674526240, 15420
pause-pod-3-24, 1763674510824, 1763674526295, 15471
pause-pod-3-25, 1763674510833, 1763674526350, 15517
pause-pod-3-26, 1763674510841, 1763674526405, 15564
pause-pod-3-27, 1763674510860, 1763674526461, 15601
pause-pod-3-28, 1763674510868, 1763674526516, 15648
pause-pod-3-29, 1763674510875, 1763674526570, 15695
pause-pod-3-30, 1763674510880, 1763674526625, 15745
pause-pod-3-31, 1763674510887, 1763674526679, 15792
pause-pod-3-32, 1763674510895, 1763674526734, 15839
pause-pod-3-33, 1763674510899, 1763674526790, 15891
pause-pod-3-34, 1763674510902, 1763674526845, 15943
pause-pod-3-35, 1763674510909, 1763674526900, 15991
pause-pod-3-36, 1763674510918, 1763674526955, 16037
pause-pod-3-37, 1763674510928, 1763674527009, 16081
pause-pod-3-38, 1763674510945, 1763674527064, 16119
pause-pod-3-39, 1763674510966, 1763674527119, 16153
pause-pod-3-40, 1763674510974, 1763674527173, 16199
pause-pod-3-41, 1763674510978, 1763674527228, 16250
pause-pod-3-42, 1763674510983, 1763674527284, 16301
pause-pod-3-43, 1763674510988, 1763674527339, 16351
pause-pod-3-44, 1763674510992, 1763674527393, 16401
pause-pod-3-45, 1763674510996, 1763674527447, 16451
pause-pod-3-46, 1763674511005, 1763674527502, 16497
pause-pod-3-47, 1763674511015, 1763674527556, 16541
pause-pod-3-48, 1763674511022, 1763674527611, 16589
pause-pod-3-49, 1763674511034, 1763674527665, 16631
pause-pod-3-50, 1763674511045, 1763674527720, 16675
pause-pod-3-51, 1763674511051, 1763674527775, 16724
pause-pod-3-52, 1763674511060, 1763674527829, 16769
pause-pod-3-53, 1763674511075, 1763674527884, 16809
pause-pod-3-54, 1763674511078, 1763674527939, 16861
pause-pod-3-55, 1763674511081, 1763674527994, 16913
pause-pod-3-56, 1763674511085, 1763674528048, 16963
pause-pod-3-57, 1763674511090, 1763674528102, 17012
pause-pod-3-58, 1763674511094, 1763674528158, 17064
pause-pod-3-59, 1763674511104, 1763674528213, 17109
pause-pod-3-60, 1763674511113, 1763674528269, 17156
pause-pod-3-61, 1763674511127, 1763674528324, 17197
pause-pod-3-62, 1763674511132, 1763674528380, 17248
pause-pod-3-63, 1763674511143, 1763674528434, 17291
pause-pod-3-64, 1763674511150, 1763674528489, 17339
pause-pod-3-65, 1763674511156, 1763674528544, 17388
pause-pod-3-66, 1763674511160, 1763674528599, 17439
pause-pod-3-67, 1763674511190, 1763674528653, 17463
pause-pod-3-68, 1763674511203, 1763674528707, 17504
pause-pod-3-69, 1763674511210, 1763674528762, 17552
pause-pod-3-70, 1763674511214, 1763674528817, 17603
pause-pod-3-71, 1763674511221, 1763674528872, 17651
pause-pod-3-72, 1763674511229, 1763674528927, 17698
pause-pod-3-73, 1763674511235, 1763674528983, 17748
pause-pod-3-74, 1763674511250, 1763674529038, 17788
pause-pod-3-75, 1763674511254, 1763674529093, 17839
pause-pod-3-76, 1763674511257, 1763674529149, 17892
pause-pod-3-77, 1763674511264, 1763674529204, 17940
pause-pod-3-78, 1763674511269, 1763674529260, 17991
pause-pod-3-79, 1763674511279, 1763674529314, 18035
pause-pod-3-80, 1763674511285, 1763674529368, 18083
pause-pod-3-81, 1763674511289, 1763674529423, 18134
pause-pod-3-82, 1763674511293, 1763674529477, 18184
pause-pod-3-83, 1763674511310, 1763674529531, 18221
pause-pod-3-84, 1763674511314, 1763674529587, 18273
pause-pod-3-85, 1763674511331, 1763674529642, 18311
pause-pod-3-86, 1763674511337, 1763674529696, 18359
pause-pod-3-87, 1763674511341, 1763674529752, 18411
pause-pod-3-88, 1763674511350, 1763674529807, 18457
pause-pod-3-89, 1763674511356, 1763674529863, 18507
pause-pod-3-90, 1763674511369, 1763674529917, 18548
pause-pod-3-91, 1763674511378, 1763674529972, 18594
pause-pod-3-92, 1763674511382, 1763674530027, 18645
pause-pod-3-93, 1763674511388, 1763674530082, 18694
pause-pod-3-94, 1763674511394, 1763674530137, 18743
pause-pod-3-95, 1763674511398, 1763674530192, 18794
pause-pod-3-96, 1763674511402, 1763674530247, 18845
pause-pod-3-97, 1763674511409, 1763674530302, 18893
pause-pod-3-98, 1763674511446, 1763674530356, 18910
pause-pod-3-99, 1763674511449, 1763674530411, 18962
pause-pod-3-100, 1763674511457, 1763674530466, 19009
pause-pod-4-1, 1763674624312, 1763674628238, 3926
pause-pod-4-2, 1763674624314, 1763674628293, 3979
pause-pod-4-3, 1763674624315, 1763674632538, 8223
pause-pod-4-4, 1763674624317, 1763674635902, 11585
pause-pod-4-5, 1763674624319, 1763674635958, 11639
pause-pod-4-6, 1763674624320, 1763674636015, 11695
pause-pod-4-7, 1763674624322, 1763674636071, 11749
pause-pod-4-8, 1763674624324, 1763674636128, 11804
pause-pod-4-9, 1763674624326, 1763674636183, 11857
pause-pod-4-10, 1763674624328, 1763674636238, 11910
pause-pod-4-11, 1763674624331, 1763674636294, 11963
pause-pod-4-12, 1763674624333, 1763674636350, 12017
pause-pod-4-13, 1763674624335, 1763674636405, 12070
pause-pod-4-14, 1763674624338, 1763674636462, 12124
pause-pod-4-15, 1763674624348, 1763674636517, 12169
pause-pod-4-16, 1763674624354, 1763674636575, 12221
pause-pod-4-17, 1763674624357, 1763674636736, 12379
pause-pod-4-18, 1763674624362, 1763674638564, 14202
pause-pod-4-19, 1763674624365, 1763674638626, 14261
pause-pod-4-20, 1763674624368, 1763674638683, 14315
pause-pod-4-21, 1763674624370, 1763674638739, 14369
pause-pod-4-22, 1763674624376, 1763674638795, 14419
pause-pod-4-23, 1763674624409, 1763674638850, 14441
pause-pod-4-24, 1763674624418, 1763674638905, 14487
pause-pod-4-25, 1763674624422, 1763674638961, 14539
pause-pod-4-26, 1763674624431, 1763674639016, 14585
pause-pod-4-27, 1763674624445, 1763674639071, 14626
pause-pod-4-28, 1763674624450, 1763674639127, 14677
pause-pod-4-29, 1763674624460, 1763674639182, 14722
pause-pod-4-30, 1763674624464, 1763674639237, 14773
pause-pod-4-31, 1763674624471, 1763674639298, 14827
pause-pod-4-32, 1763674624476, 1763674639354, 14878
pause-pod-4-33, 1763674624487, 1763674639411, 14924
pause-pod-4-34, 1763674624504, 1763674639467, 14963
pause-pod-4-35, 1763674624508, 1763674639522, 15014
pause-pod-4-36, 1763674624512, 1763674639578, 15066
pause-pod-4-37, 1763674624525, 1763674639633, 15108
pause-pod-4-38, 1763674624539, 1763674639688, 15149
pause-pod-4-39, 1763674624556, 1763674639742, 15186
pause-pod-4-40, 1763674624568, 1763674639800, 15232
pause-pod-4-41, 1763674624571, 1763674639855, 15284
pause-pod-4-42, 1763674624582, 1763674639909, 15327
pause-pod-4-43, 1763674624588, 1763674639964, 15376
pause-pod-4-44, 1763674624596, 1763674640019, 15423
pause-pod-4-45, 1763674624602, 1763674640074, 15472
pause-pod-4-46, 1763674624607, 1763674640130, 15523
pause-pod-4-47, 1763674624624, 1763674640185, 15561
pause-pod-4-48, 1763674624628, 1763674640241, 15613
pause-pod-4-49, 1763674624634, 1763674640297, 15663
pause-pod-4-50, 1763674624638, 1763674640352, 15714
pause-pod-4-51, 1763674624650, 1763674640408, 15758
pause-pod-4-52, 1763674624668, 1763674640463, 15795
pause-pod-4-53, 1763674624678, 1763674640518, 15840
pause-pod-4-54, 1763674624685, 1763674640572, 15887
pause-pod-4-55, 1763674624721, 1763674640627, 15906
pause-pod-4-56, 1763674624729, 1763674640683, 15954
pause-pod-4-57, 1763674624734, 1763674640738, 16004
pause-pod-4-58, 1763674624753, 1763674640793, 16040
pause-pod-4-59, 1763674624757, 1763674640848, 16091
pause-pod-4-60, 1763674624761, 1763674640903, 16142
pause-pod-4-61, 1763674624765, 1763674640958, 16193
pause-pod-4-62, 1763674624772, 1763674641014, 16242
pause-pod-4-63, 1763674624777, 1763674641068, 16291
pause-pod-4-64, 1763674624781, 1763674641123, 16342
pause-pod-4-65, 1763674624784, 1763674641179, 16395
pause-pod-4-66, 1763674624788, 1763674641235, 16447
pause-pod-4-67, 1763674624795, 1763674641290, 16495
pause-pod-4-68, 1763674624804, 1763674641345, 16541
pause-pod-4-69, 1763674624810, 1763674641399, 16589
pause-pod-4-70, 1763674624824, 1763674641453, 16629
pause-pod-4-71, 1763674624828, 1763674641509, 16681
pause-pod-4-72, 1763674624834, 1763674641565, 16731
pause-pod-4-73, 1763674624841, 1763674641620, 16779
pause-pod-4-74, 1763674624844, 1763674641675, 16831
pause-pod-4-75, 1763674624866, 1763674641730, 16864
pause-pod-4-76, 1763674624873, 1763674641784, 16911
pause-pod-4-77, 1763674624899, 1763674641839, 16940
pause-pod-4-78, 1763674624902, 1763674641894, 16992
pause-pod-4-79, 1763674624923, 1763674641947, 17024
pause-pod-4-80, 1763674624937, 1763674642002, 17065
pause-pod-4-81, 1763674624943, 1763674642056, 17113
pause-pod-4-82, 1763674624949, 1763674642110, 17161
pause-pod-4-83, 1763674624953, 1763674642165, 17212
pause-pod-4-84, 1763674624956, 1763674642219, 17263
pause-pod-4-85, 1763674624963, 1763674642274, 17311
pause-pod-4-86, 1763674624967, 1763674642328, 17361
pause-pod-4-87, 1763674624970, 1763674642383, 17413
pause-pod-4-88, 1763674624975, 1763674642438, 17463
pause-pod-4-89, 1763674624978, 1763674642494, 17516
pause-pod-4-90, 1763674624983, 1763674642549, 17566
pause-pod-4-91, 1763674624990, 1763674642604, 17614
pause-pod-4-92, 1763674625000, 1763674642658, 17658
pause-pod-4-93, 1763674625003, 1763674642713, 17710
pause-pod-4-94, 1763674625010, 1763674642768, 17758
pause-pod-4-95, 1763674625023, 1763674642823, 17800
pause-pod-4-96, 1763674625030, 1763674642878, 17848
pause-pod-4-97, 1763674625034, 1763674642934, 17900
pause-pod-4-98, 1763674625044, 1763674642990, 17946
pause-pod-4-99, 1763674625052, 1763674643045, 17993
pause-pod-4-100, 1763674625081, 1763674643099, 18018
pause-pod-5-1, 1763674737532, 1763674739037, 1505
pause-pod-5-2, 1763674737534, 1763674739092, 1558
pause-pod-5-3, 1763674737536, 1763674743056, 5520
pause-pod-5-4, 1763674737538, 1763674743111, 5573
pause-pod-5-5, 1763674737540, 1763674744679, 7139
pause-pod-5-6, 1763674737543, 1763674744734, 7191
pause-pod-5-7, 1763674737545, 1763674750719, 13174
pause-pod-5-8, 1763674737547, 1763674750776, 13229
pause-pod-5-9, 1763674737550, 1763674750831, 13281
pause-pod-5-10, 1763674737553, 1763674750889, 13336
pause-pod-5-11, 1763674737555, 1763674752734, 15179
pause-pod-5-12, 1763674737559, 1763674752791, 15232
pause-pod-5-13, 1763674737562, 1763674752846, 15284
pause-pod-5-14, 1763674737565, 1763674752902, 15337
pause-pod-5-15, 1763674737569, 1763674752958, 15389
pause-pod-5-16, 1763674737573, 1763674753014, 15441
pause-pod-5-17, 1763674737581, 1763674753069, 15488
pause-pod-5-18, 1763674737584, 1763674753123, 15539
pause-pod-5-19, 1763674737587, 1763674753179, 15592
pause-pod-5-20, 1763674737593, 1763674753233, 15640
pause-pod-5-21, 1763674737596, 1763674753289, 15693
pause-pod-5-22, 1763674737608, 1763674753345, 15737
pause-pod-5-23, 1763674737612, 1763674753400, 15788
pause-pod-5-24, 1763674737615, 1763674753455, 15840
pause-pod-5-25, 1763674737620, 1763674753510, 15890
pause-pod-5-26, 1763674737623, 1763674753566, 15943
pause-pod-5-27, 1763674737626, 1763674753620, 15994
pause-pod-5-28, 1763674737631, 1763674753674, 16043
pause-pod-5-29, 1763674737664, 1763674753729, 16065
pause-pod-5-30, 1763674737669, 1763674753783, 16114
pause-pod-5-31, 1763674737682, 1763674753838, 16156
pause-pod-5-32, 1763674737691, 1763674753893, 16202
pause-pod-5-33, 1763674737719, 1763674753948, 16229
pause-pod-5-34, 1763674737728, 1763674754003, 16275
pause-pod-5-35, 1763674737734, 1763674754057, 16323
pause-pod-5-36, 1763674737737, 1763674754112, 16375
pause-pod-5-37, 1763674737740, 1763674754167, 16427
pause-pod-5-38, 1763674737746, 1763674754221, 16475
pause-pod-5-39, 1763674737779, 1763674754276, 16497
pause-pod-5-40, 1763674737783, 1763674754331, 16548
pause-pod-5-41, 1763674737788, 1763674754386, 16598
pause-pod-5-42, 1763674737793, 1763674754441, 16648
pause-pod-5-43, 1763674737800, 1763674754495, 16695
pause-pod-5-44, 1763674737806, 1763674754550, 16744
pause-pod-5-45, 1763674737810, 1763674754604, 16794
pause-pod-5-46, 1763674737815, 1763674754659, 16844
pause-pod-5-47, 1763674737818, 1763674754713, 16895
pause-pod-5-48, 1763674737825, 1763674754768, 16943
pause-pod-5-49, 1763674737834, 1763674754822, 16988
pause-pod-5-50, 1763674737856, 1763674754877, 17021
pause-pod-5-51, 1763674737882, 1763674754931, 17049
pause-pod-5-52, 1763674737895, 1763674754987, 17092
pause-pod-5-53, 1763674737909, 1763674755042, 17133
pause-pod-5-54, 1763674737920, 1763674755098, 17178
pause-pod-5-55, 1763674737928, 1763674755153, 17225
pause-pod-5-56, 1763674737934, 1763674755207, 17273
pause-pod-5-57, 1763674737939, 1763674755262, 17323
pause-pod-5-58, 1763674737957, 1763674755317, 17360
pause-pod-5-59, 1763674737964, 1763674755372, 17408
pause-pod-5-60, 1763674737969, 1763674755426, 17457
pause-pod-5-61, 1763674737975, 1763674755481, 17506
pause-pod-5-62, 1763674737991, 1763674755536, 17545
pause-pod-5-63, 1763674737998, 1763674755590, 17592
pause-pod-5-64, 1763674738004, 1763674755644, 17640
pause-pod-5-65, 1763674738017, 1763674755699, 17682
pause-pod-5-66, 1763674738021, 1763674755753, 17732
pause-pod-5-67, 1763674738028, 1763674755808, 17780
pause-pod-5-68, 1763674738034, 1763674755863, 17829
pause-pod-5-69, 1763674738037, 1763674755917, 17880
pause-pod-5-70, 1763674738042, 1763674755971, 17929
pause-pod-5-71, 1763674738046, 1763674756025, 17979
pause-pod-5-72, 1763674738053, 1763674756079, 18026
pause-pod-5-73, 1763674738066, 1763674756135, 18069
pause-pod-5-74, 1763674738070, 1763674756189, 18119
pause-pod-5-75, 1763674738074, 1763674756244, 18170
pause-pod-5-76, 1763674738081, 1763674756299, 18218
pause-pod-5-77, 1763674738094, 1763674756353, 18259
pause-pod-5-78, 1763674738122, 1763674756408, 18286
pause-pod-5-79, 1763674738127, 1763674756462, 18335
pause-pod-5-80, 1763674738142, 1763674756516, 18374
pause-pod-5-81, 1763674738149, 1763674756571, 18422
pause-pod-5-82, 1763674738154, 1763674756626, 18472
pause-pod-5-83, 1763674738158, 1763674756681, 18523
pause-pod-5-84, 1763674738165, 1763674756735, 18570
pause-pod-5-85, 1763674738172, 1763674756789, 18617
pause-pod-5-86, 1763674738180, 1763674756843, 18663
pause-pod-5-87, 1763674738192, 1763674756897, 18705
pause-pod-5-88, 1763674738196, 1763674756953, 18757
pause-pod-5-89, 1763674738199, 1763674757008, 18809
pause-pod-5-90, 1763674738207, 1763674757062, 18855
pause-pod-5-91, 1763674738213, 1763674757117, 18904
pause-pod-5-92, 1763674738219, 1763674757171, 18952
pause-pod-5-93, 1763674738222, 1763674757226, 19004
pause-pod-5-94, 1763674738228, 1763674757280, 19052
pause-pod-5-95, 1763674738232, 1763674757335, 19103
pause-pod-5-96, 1763674738236, 1763674757389, 19153
pause-pod-5-97, 1763674738243, 1763674757444, 19201
pause-pod-5-98, 1763674738262, 1763674757499, 19237
pause-pod-5-99, 1763674738265, 1763674757554, 19289
pause-pod-5-100, 1763674738272, 1763674757608, 19336
pause-pod-6-1, 1763674852194, 1763674861329, 9135
pause-pod-6-2, 1763674852197, 1763674861385, 9188
pause-pod-6-3, 1763674852199, 1763674861439, 9240
pause-pod-6-4, 1763674852201, 1763674861494, 9293
pause-pod-6-5, 1763674852203, 1763674861549, 9346
pause-pod-6-6, 1763674852205, 1763674861603, 9398
pause-pod-6-7, 1763674852207, 1763674861659, 9452
pause-pod-6-8, 1763674852210, 1763674861713, 9503
pause-pod-6-9, 1763674852213, 1763674861770, 9557
pause-pod-6-10, 1763674852215, 1763674861824, 9609
pause-pod-6-11, 1763674852218, 1763674861880, 9662
pause-pod-6-12, 1763674852222, 1763674861935, 9713
pause-pod-6-13, 1763674852225, 1763674861989, 9764
pause-pod-6-14, 1763674852228, 1763674866556, 14328
pause-pod-6-15, 1763674852235, 1763674866613, 14378
pause-pod-6-16, 1763674852250, 1763674866670, 14420
pause-pod-6-17, 1763674852256, 1763674866725, 14469
pause-pod-6-18, 1763674852260, 1763674866780, 14520
pause-pod-6-19, 1763674852265, 1763674866835, 14570
pause-pod-6-20, 1763674852267, 1763674866889, 14622
pause-pod-6-21, 1763674852304, 1763674866945, 14641
pause-pod-6-22, 1763674852312, 1763674866999, 14687
pause-pod-6-23, 1763674852319, 1763674867054, 14735
pause-pod-6-24, 1763674852328, 1763674867109, 14781
pause-pod-6-25, 1763674852331, 1763674867165, 14834
pause-pod-6-26, 1763674852340, 1763674867221, 14881
pause-pod-6-27, 1763674852347, 1763674867276, 14929
pause-pod-6-28, 1763674852353, 1763674867331, 14978
pause-pod-6-29, 1763674852358, 1763674867387, 15029
pause-pod-6-30, 1763674852366, 1763674867442, 15076
pause-pod-6-31, 1763674852377, 1763674867497, 15120
pause-pod-6-32, 1763674852382, 1763674867553, 15171
pause-pod-6-33, 1763674852386, 1763674867608, 15222
pause-pod-6-34, 1763674852389, 1763674867664, 15275
pause-pod-6-35, 1763674852395, 1763674867719, 15324
pause-pod-6-36, 1763674852406, 1763674867773, 15367
pause-pod-6-37, 1763674852416, 1763674867828, 15412
pause-pod-6-38, 1763674852435, 1763674867882, 15447
pause-pod-6-39, 1763674852439, 1763674867938, 15499
pause-pod-6-40, 1763674852453, 1763674867994, 15541
pause-pod-6-41, 1763674852456, 1763674868050, 15594
pause-pod-6-42, 1763674852467, 1763674868106, 15639
pause-pod-6-43, 1763674852475, 1763674868161, 15686
pause-pod-6-44, 1763674852482, 1763674868216, 15734
pause-pod-6-45, 1763674852489, 1763674868271, 15782
pause-pod-6-46, 1763674852507, 1763674868325, 15818
pause-pod-6-47, 1763674852511, 1763674868380, 15869
pause-pod-6-48, 1763674852526, 1763674868435, 15909
pause-pod-6-49, 1763674852531, 1763674868489, 15958
pause-pod-6-50, 1763674852540, 1763674868545, 16005
pause-pod-6-51, 1763674852544, 1763674868601, 16057
pause-pod-6-52, 1763674852561, 1763674868655, 16094
pause-pod-6-53, 1763674852569, 1763674868711, 16142
pause-pod-6-54, 1763674852573, 1763674868766, 16193
pause-pod-6-55, 1763674852576, 1763674868821, 16245
pause-pod-6-56, 1763674852580, 1763674868876, 16296
pause-pod-6-57, 1763674852584, 1763674868931, 16347
pause-pod-6-58, 1763674852591, 1763674868987, 16396
pause-pod-6-59, 1763674852595, 1763674869042, 16447
pause-pod-6-60, 1763674852600, 1763674869097, 16497
pause-pod-6-61, 1763674852605, 1763674869152, 16547
pause-pod-6-62, 1763674852618, 1763674869207, 16589
pause-pod-6-63, 1763674852621, 1763674869263, 16642
pause-pod-6-64, 1763674852631, 1763674869317, 16686
pause-pod-6-65, 1763674852643, 1763674869373, 16730
pause-pod-6-66, 1763674852664, 1763674869427, 16763
pause-pod-6-67, 1763674852668, 1763674869481, 16813
pause-pod-6-68, 1763674852674, 1763674869537, 16863
pause-pod-6-69, 1763674852678, 1763674869592, 16914
pause-pod-6-70, 1763674852683, 1763674869648, 16965
pause-pod-6-71, 1763674852689, 1763674869703, 17014
pause-pod-6-72, 1763674852699, 1763674869758, 17059
pause-pod-6-73, 1763674852706, 1763674869813, 17107
pause-pod-6-74, 1763674852717, 1763674869868, 17151
pause-pod-6-75, 1763674852746, 1763674869923, 17177
pause-pod-6-76, 1763674852750, 1763674869978, 17228
pause-pod-6-77, 1763674852753, 1763674870032, 17279
pause-pod-6-78, 1763674852759, 1763674870087, 17328
pause-pod-6-79, 1763674852763, 1763674870142, 17379
pause-pod-6-80, 1763674852770, 1763674870197, 17427
pause-pod-6-81, 1763674852775, 1763674870252, 17477
pause-pod-6-82, 1763674852810, 1763674870307, 17497
pause-pod-6-83, 1763674852817, 1763674870362, 17545
pause-pod-6-84, 1763674852824, 1763674870416, 17592
pause-pod-6-85, 1763674852838, 1763674870471, 17633
pause-pod-6-86, 1763674852847, 1763674870527, 17680
pause-pod-6-87, 1763674852865, 1763674870581, 17716
pause-pod-6-88, 1763674852875, 1763674870636, 17761
pause-pod-6-89, 1763674852879, 1763674870691, 17812
pause-pod-6-90, 1763674852890, 1763674870745, 17855
pause-pod-6-91, 1763674852896, 1763674870800, 17904
pause-pod-6-92, 1763674852910, 1763674870855, 17945
pause-pod-6-93, 1763674852915, 1763674870910, 17995
pause-pod-6-94, 1763674852921, 1763674870964, 18043
pause-pod-6-95, 1763674852926, 1763674871019, 18093
pause-pod-6-96, 1763674852939, 1763674871075, 18136
pause-pod-6-97, 1763674852944, 1763674871129, 18185
pause-pod-6-98, 1763674852947, 1763674871184, 18237
pause-pod-6-99, 1763674852956, 1763674871237, 18281
pause-pod-6-100, 1763674852980, 1763674871293, 18313
