Pod Name, Creation Timestamp, Ready Timestamp, Latency (milliseconds)
pause-pod-1-1, 1763674931309, 1763674940384, 9075
pause-pod-1-2, 1763674931311, 1763674940541, 9230
pause-pod-1-3, 1763674931313, 1763674941394, 10081
pause-pod-1-4, 1763674931315, 1763674941550, 10235
pause-pod-1-5, 1763674931316, 1763674941705, 10389
pause-pod-1-6, 1763674931319, 1763674941861, 10542
pause-pod-1-7, 1763674931321, 1763674943748, 12427
pause-pod-1-8, 1763674931323, 1763674943904, 12581
pause-pod-1-9, 1763674931326, 1763674944059, 12733
pause-pod-1-10, 1763674931328, 1763674945417, 14089
pause-pod-1-11, 1763674931331, 1763674945573, 14242
pause-pod-1-12, 1763674931334, 1763674945728, 14394
pause-pod-1-13, 1763674931337, 1763674945884, 14547
pause-pod-1-14, 1763674931342, 1763674948419, 17077
pause-pod-1-15, 1763674931348, 1763674948576, 17228
pause-pod-1-16, 1763674931352, 1763674948733, 17381
pause-pod-1-17, 1763674931354, 1763674948890, 17536
pause-pod-1-18, 1763674931357, 1763674949047, 17690
pause-pod-1-19, 1763674931377, 1763674955446, 24069
pause-pod-1-20, 1763674931380, 1763674955603, 24223
pause-pod-1-21, 1763674931384, 1763674959948, 28564
pause-pod-1-22, 1763674931430, 1763674960104, 28674
pause-pod-1-23, 1763674931441, 1763674960262, 28821
pause-pod-1-24, 1763674931468, 1763674960422, 28954
pause-pod-1-25, 1763674931483, 1763674960578, 29095
pause-pod-1-26, 1763674931508, 1763674960735, 29227
pause-pod-1-27, 1763674931574, 1763674960892, 29318
pause-pod-1-28, 1763674931581, 1763674961050, 29469
pause-pod-1-29, 1763674931606, 1763674961206, 29600
pause-pod-1-30, 1763674931610, 1763674961362, 29752
pause-pod-1-31, 1763674931618, 1763674961516, 29898
pause-pod-1-32, 1763674931623, 1763674961683, 30060
pause-pod-1-33, 1763674931636, 1763674961841, 30205
pause-pod-1-34, 1763674931642, 1763674961995, 30353
pause-pod-1-35, 1763674931652, 1763674962150, 30498
pause-pod-1-36, 1763674931660, 1763674962305, 30645
pause-pod-1-37, 1763674931665, 1763674962460, 30795
pause-pod-1-38, 1763674931713, 1763674962615, 30902
pause-pod-1-39, 1763674931729, 1763674962770, 31041
pause-pod-1-40, 1763674931750, 1763674962924, 31174
pause-pod-1-41, 1763674931761, 1763674963080, 31319
pause-pod-1-42, 1763674931779, 1763674963235, 31456
pause-pod-1-43, 1763674931796, 1763674963390, 31594
pause-pod-1-44, 1763674931805, 1763674963545, 31740
pause-pod-1-45, 1763674931813, 1763674963701, 31888
pause-pod-1-46, 1763674931862, 1763674963857, 31995
pause-pod-1-47, 1763674931884, 1763674964013, 32129
pause-pod-1-48, 1763674931937, 1763674964168, 32231
pause-pod-1-49, 1763674931982, 1763674964323, 32341
pause-pod-1-50, 1763674932022, 1763674964479, 32457
pause-pod-1-51, 1763674932048, 1763674964633, 32585
pause-pod-1-52, 1763674932054, 1763674964788, 32734
pause-pod-1-53, 1763674932084, 1763674964944, 32860
pause-pod-1-54, 1763674932089, 1763674965100, 33011
pause-pod-1-55, 1763674932095, 1763674965255, 33160
pause-pod-1-56, 1763674932117, 1763674965410, 33293
pause-pod-1-57, 1763674932126, 1763674965565, 33439
pause-pod-1-58, 1763674932151, 1763674965720, 33569
pause-pod-1-59, 1763674932157, 1763674965876, 33719
pause-pod-1-60, 1763674932167, 1763674966031, 33864
pause-pod-1-61, 1763674932179, 1763674966188, 34009
pause-pod-1-62, 1763674932185, 1763674966343, 34158
pause-pod-1-63, 1763674932207, 1763674966497, 34290
pause-pod-1-64, 1763674932228, 1763674966652, 34424
pause-pod-1-65, 1763674932233, 1763674966807, 34574
pause-pod-1-66, 1763674932246, 1763674966962, 34716
pause-pod-1-67, 1763674932286, 1763674967118, 34832
pause-pod-1-68, 1763674932317, 1763674967273, 34956
pause-pod-1-69, 1763674932322, 1763674967428, 35106
pause-pod-1-70, 1763674932333, 1763674967583, 35250
pause-pod-1-71, 1763674932377, 1763674967738, 35361
pause-pod-1-72, 1763674932393, 1763674967893, 35500
pause-pod-1-73, 1763674932409, 1763674968047, 35638
pause-pod-1-74, 1763674932414, 1763674968202, 35788
pause-pod-1-75, 1763674932422, 1763674968357, 35935
pause-pod-1-76, 1763674932437, 1763674968512, 36075
pause-pod-1-77, 1763674932473, 1763674968667, 36194
pause-pod-1-78, 1763674932493, 1763674968822, 36329
pause-pod-1-79, 1763674932508, 1763674968978, 36470
pause-pod-1-80, 1763674932522, 1763674969133, 36611
pause-pod-1-81, 1763674932549, 1763674969288, 36739
pause-pod-1-82, 1763674932556, 1763674969443, 36887
pause-pod-1-83, 1763674932561, 1763674969599, 37038
pause-pod-1-84, 1763674932570, 1763674969755, 37185
pause-pod-1-85, 1763674932592, 1763674969911, 37319
pause-pod-1-86, 1763674932605, 1763674970066, 37461
pause-pod-1-87, 1763674932611, 1763674970222, 37611
pause-pod-1-88, 1763674932616, 1763674970376, 37760
pause-pod-1-89, 1763674932625, 1763674970531, 37906
pause-pod-1-90, 1763674932645, 1763674970686, 38041
pause-pod-1-91, 1763674932649, 1763674970842, 38193
pause-pod-1-92, 1763674932688, 1763674970998, 38310
pause-pod-1-93, 1763674932700, 1763674971154, 38454
pause-pod-1-94, 1763674932711, 1763674971310, 38599
pause-pod-1-95, 1763674932717, 1763674971464, 38747
pause-pod-1-96, 1763674932724, 1763674971619, 38895
pause-pod-1-97, 1763674932733, 1763674971774, 39041
pause-pod-1-98, 1763674932742, 1763674971930, 39188
pause-pod-1-99, 1763674932778, 1763674972086, 39308
pause-pod-1-100, 1763674932788, 1763674972241, 39453
pause-pod-1-101, 1763674932802, 1763674972397, 39595
pause-pod-1-102, 1763674932844, 1763674972553, 39709
pause-pod-1-103, 1763674932870, 1763674972708, 39838
pause-pod-1-104, 1763674932886, 1763674972863, 39977
pause-pod-1-105, 1763674932899, 1763674973019, 40120
pause-pod-1-106, 1763674932903, 1763674973174, 40271
pause-pod-1-107, 1763674932906, 1763674973330, 40424
pause-pod-1-108, 1763674932968, 1763674973486, 40518
pause-pod-1-109, 1763674932976, 1763674973641, 40665
pause-pod-1-110, 1763674933007, 1763674973797, 40790
pause-pod-1-111, 1763674933012, 1763674973952, 40940
pause-pod-1-112, 1763674933027, 1763674974107, 41080
pause-pod-1-113, 1763674933066, 1763674974262, 41196
pause-pod-1-114, 1763674933081, 1763674974418, 41337
pause-pod-1-115, 1763674933086, 1763674974571, 41485
pause-pod-1-116, 1763674933138, 1763674974727, 41589
pause-pod-1-117, 1763674933147, 1763674974883, 41736
pause-pod-1-118, 1763674933155, 1763674975039, 41884
pause-pod-1-119, 1763674933164, 1763674975194, 42030
pause-pod-1-120, 1763674933171, 1763674975350, 42179
pause-pod-1-121, 1763674933183, 1763674975506, 42323
pause-pod-1-122, 1763674933236, 1763674975661, 42425
pause-pod-1-123, 1763674933250, 1763674975817, 42567
pause-pod-1-124, 1763674933263, 1763674975972, 42709
pause-pod-1-125, 1763674933270, 1763674976128, 42858
pause-pod-1-126, 1763674933340, 1763674976283, 42943
pause-pod-1-127, 1763674933351, 1763674976438, 43087
pause-pod-1-128, 1763674933368, 1763674976593, 43225
pause-pod-1-129, 1763674933382, 1763674976749, 43367
pause-pod-1-130, 1763674933388, 1763674976905, 43517
pause-pod-1-131, 1763674933412, 1763674977060, 43648
pause-pod-1-132, 1763674933425, 1763674977217, 43792
pause-pod-1-133, 1763674933450, 1763674977371, 43921
pause-pod-1-134, 1763674933464, 1763674977526, 44062
pause-pod-1-135, 1763674933470, 1763674977681, 44211
pause-pod-1-136, 1763674933483, 1763674977836, 44353
pause-pod-1-137, 1763674933494, 1763674977991, 44497
pause-pod-1-138, 1763674933497, 1763674978145, 44648
pause-pod-1-139, 1763674933505, 1763674978301, 44796
pause-pod-1-140, 1763674933518, 1763674978456, 44938
pause-pod-1-141, 1763674933523, 1763674978611, 45088
pause-pod-1-142, 1763674933538, 1763674978766, 45228
pause-pod-1-143, 1763674933575, 1763674978921, 45346
pause-pod-1-144, 1763674933610, 1763674979077, 45467
pause-pod-1-145, 1763674933641, 1763674979233, 45592
pause-pod-1-146, 1763674933650, 1763674979388, 45738
pause-pod-1-147, 1763674933680, 1763674979543, 45863
pause-pod-1-148, 1763674933692, 1763674979700, 46008
pause-pod-1-149, 1763674933701, 1763674979857, 46156
pause-pod-1-150, 1763674933729, 1763674980013, 46284
pause-pod-2-1, 1763675088121, 1763675091002, 2881
pause-pod-2-2, 1763675088123, 1763675093082, 4959
pause-pod-2-3, 1763675088125, 1763675097511, 9386
pause-pod-2-4, 1763675088127, 1763675097667, 9540
pause-pod-2-5, 1763675088129, 1763675097823, 9694
pause-pod-2-6, 1763675088131, 1763675102101, 13970
pause-pod-2-7, 1763675088133, 1763675109133, 21000
pause-pod-2-8, 1763675088135, 1763675109288, 21153
pause-pod-2-9, 1763675088138, 1763675115164, 27026
pause-pod-2-10, 1763675088140, 1763675115323, 27183
pause-pod-2-11, 1763675088143, 1763675115479, 27336
pause-pod-2-12, 1763675088146, 1763675116631, 28485
pause-pod-2-13, 1763675088149, 1763675117208, 29059
pause-pod-2-14, 1763675088156, 1763675117365, 29209
pause-pod-2-15, 1763675088171, 1763675117523, 29352
pause-pod-2-16, 1763675088183, 1763675117679, 29496
pause-pod-2-17, 1763675088192, 1763675117834, 29642
pause-pod-2-18, 1763675088202, 1763675117989, 29787
pause-pod-2-19, 1763675088209, 1763675118144, 29935
pause-pod-2-20, 1763675088216, 1763675118301, 30085
pause-pod-2-21, 1763675088249, 1763675120297, 32048
pause-pod-2-22, 1763675088268, 1763675120452, 32184
pause-pod-2-23, 1763675088273, 1763675120608, 32335
pause-pod-2-24, 1763675088340, 1763675120762, 32422
pause-pod-2-25, 1763675088364, 1763675120919, 32555
pause-pod-2-26, 1763675088379, 1763675121075, 32696
pause-pod-2-27, 1763675088398, 1763675121231, 32833
pause-pod-2-28, 1763675088404, 1763675121386, 32982
pause-pod-2-29, 1763675088428, 1763675121543, 33115
pause-pod-2-30, 1763675088434, 1763675121698, 33264
pause-pod-2-31, 1763675088453, 1763675121853, 33400
pause-pod-2-32, 1763675088457, 1763675122009, 33552
pause-pod-2-33, 1763675088463, 1763675122165, 33702
pause-pod-2-34, 1763675088483, 1763675122321, 33838
pause-pod-2-35, 1763675088490, 1763675122475, 33985
pause-pod-2-36, 1763675088493, 1763675122630, 34137
pause-pod-2-37, 1763675088498, 1763675122786, 34288
pause-pod-2-38, 1763675088511, 1763675122941, 34430
pause-pod-2-39, 1763675088522, 1763675123097, 34575
pause-pod-2-40, 1763675088535, 1763675123252, 34717
pause-pod-2-41, 1763675088586, 1763675123408, 34822
pause-pod-2-42, 1763675088608, 1763675123565, 34957
pause-pod-2-43, 1763675088623, 1763675123720, 35097
pause-pod-2-44, 1763675088627, 1763675123876, 35249
pause-pod-2-45, 1763675088642, 1763675124031, 35389
pause-pod-2-46, 1763675088648, 1763675124186, 35538
pause-pod-2-47, 1763675088672, 1763675124341, 35669
pause-pod-2-48, 1763675088691, 1763675124497, 35806
pause-pod-2-49, 1763675088704, 1763675124652, 35948
pause-pod-2-50, 1763675088713, 1763675124807, 36094
pause-pod-2-51, 1763675088727, 1763675124962, 36235
pause-pod-2-52, 1763675088744, 1763675125117, 36373
pause-pod-2-53, 1763675088768, 1763675125272, 36504
pause-pod-2-54, 1763675088779, 1763675125428, 36649
pause-pod-2-55, 1763675088791, 1763675125583, 36792
pause-pod-2-56, 1763675088863, 1763675125737, 36874
pause-pod-2-57, 1763675088869, 1763675125893, 37024
pause-pod-2-58, 1763675088931, 1763675126048, 37117
pause-pod-2-59, 1763675088962, 1763675126202, 37240
pause-pod-2-60, 1763675088997, 1763675126358, 37361
pause-pod-2-61, 1763675089012, 1763675126516, 37504
pause-pod-2-62, 1763675089024, 1763675126671, 37647
pause-pod-2-63, 1763675089038, 1763675126826, 37788
pause-pod-2-64, 1763675089068, 1763675126981, 37913
pause-pod-2-65, 1763675089083, 1763675127135, 38052
pause-pod-2-66, 1763675089094, 1763675127291, 38197
pause-pod-2-67, 1763675089120, 1763675127446, 38326
pause-pod-2-68, 1763675089138, 1763675127602, 38464
pause-pod-2-69, 1763675089145, 1763675127756, 38611
pause-pod-2-70, 1763675089156, 1763675127911, 38755
pause-pod-2-71, 1763675089166, 1763675128067, 38901
pause-pod-2-72, 1763675089187, 1763675128223, 39036
pause-pod-2-73, 1763675089219, 1763675128378, 39159
pause-pod-2-74, 1763675089230, 1763675128533, 39303
pause-pod-2-75, 1763675089266, 1763675128688, 39422
pause-pod-2-76, 1763675089270, 1763675128844, 39574
pause-pod-2-77, 1763675089283, 1763675129000, 39717
pause-pod-2-78, 1763675089287, 1763675129154, 39867
pause-pod-2-79, 1763675089291, 1763675129310, 40019
pause-pod-2-80, 1763675089324, 1763675129465, 40141
pause-pod-2-81, 1763675089341, 1763675129620, 40279
pause-pod-2-82, 1763675089353, 1763675129775, 40422
pause-pod-2-83, 1763675089357, 1763675129931, 40574
pause-pod-2-84, 1763675089395, 1763675130086, 40691
pause-pod-2-85, 1763675089400, 1763675130242, 40842
pause-pod-2-86, 1763675089406, 1763675130397, 40991
pause-pod-2-87, 1763675089471, 1763675130552, 41081
pause-pod-2-88, 1763675089486, 1763675130708, 41222
pause-pod-2-89, 1763675089495, 1763675130863, 41368
pause-pod-2-90, 1763675089502, 1763675131018, 41516
pause-pod-2-91, 1763675089521, 1763675131174, 41653
pause-pod-2-92, 1763675089536, 1763675131329, 41793
pause-pod-2-93, 1763675089547, 1763675131485, 41938
pause-pod-2-94, 1763675089559, 1763675131640, 42081
pause-pod-2-95, 1763675089574, 1763675131795, 42221
pause-pod-2-96, 1763675089594, 1763675131952, 42358
pause-pod-2-97, 1763675089645, 1763675132109, 42464
pause-pod-2-98, 1763675089658, 1763675132265, 42607
pause-pod-2-99, 1763675089674, 1763675132420, 42746
pause-pod-2-100, 1763675089686, 1763675132576, 42890
pause-pod-2-101, 1763675089708, 1763675132731, 43023
pause-pod-2-102, 1763675089719, 1763675132887, 43168
pause-pod-2-103, 1763675089740, 1763675133043, 43303
pause-pod-2-104, 1763675089748, 1763675133199, 43451
pause-pod-2-105, 1763675089758, 1763675133355, 43597
pause-pod-2-106, 1763675089762, 1763675133510, 43748
pause-pod-2-107, 1763675089787, 1763675133666, 43879
pause-pod-2-108, 1763675089795, 1763675133822, 44027
pause-pod-2-109, 1763675089816, 1763675133978, 44162
pause-pod-2-110, 1763675089827, 1763675134134, 44307
pause-pod-2-111, 1763675089835, 1763675134289, 44454
pause-pod-2-112, 1763675089845, 1763675135308, 45463
pause-pod-2-113, 1763675089904, 1763675135464, 45560
pause-pod-2-114, 1763675089911, 1763675135620, 45709
pause-pod-2-115, 1763675089917, 1763675135776, 45859
pause-pod-2-116, 1763675089960, 1763675135932, 45972
pause-pod-2-117, 1763675089965, 1763675136088, 46123
pause-pod-2-118, 1763675090046, 1763675136244, 46198
pause-pod-2-119, 1763675090054, 1763675136399, 46345
pause-pod-2-120, 1763675090069, 1763675136555, 46486
pause-pod-2-121, 1763675090109, 1763675136710, 46601
pause-pod-2-122, 1763675090114, 1763675136866, 46752
pause-pod-2-123, 1763675090129, 1763675137021, 46892
pause-pod-2-124, 1763675090147, 1763675137176, 47029
pause-pod-2-125, 1763675090177, 1763675137331, 47154
pause-pod-2-126, 1763675090181, 1763675137485, 47304
pause-pod-2-127, 1763675090187, 1763675137640, 47453
pause-pod-2-128, 1763675090195, 1763675137796, 47601
pause-pod-2-129, 1763675090200, 1763675137951, 47751
pause-pod-2-130, 1763675090204, 1763675138107, 47903
pause-pod-2-131, 1763675090222, 1763675138263, 48041
pause-pod-2-132, 1763675090237, 1763675138418, 48181
pause-pod-2-133, 1763675090243, 1763675138573, 48330
pause-pod-2-134, 1763675090249, 1763675138729, 48480
pause-pod-2-135, 1763675090258, 1763675138885, 48627
pause-pod-2-136, 1763675090272, 1763675139042, 48770
pause-pod-2-137, 1763675090281, 1763675139198, 48917
pause-pod-2-138, 1763675090289, 1763675139353, 49064
pause-pod-2-139, 1763675090292, 1763675139509, 49217
pause-pod-2-140, 1763675090339, 1763675139664, 49325
pause-pod-2-141, 1763675090345, 1763675139819, 49474
pause-pod-2-142, 1763675090392, 1763675139974, 49582
pause-pod-2-143, 1763675090415, 1763675140129, 49714
pause-pod-2-144, 1763675090458, 1763675140284, 49826
pause-pod-2-145, 1763675090470, 1763675140440, 49970
pause-pod-2-146, 1763675090477, 1763675140596, 50119
pause-pod-2-147, 1763675090553, 1763675140751, 50198
pause-pod-2-148, 1763675090565, 1763675140906, 50341
pause-pod-2-149, 1763675090606, 1763675141062, 50456
pause-pod-2-150, 1763675090610, 1763675141217, 50607
pause-pod-3-1, 1763675231640, 1763675245802, 14162
pause-pod-3-2, 1763675231642, 1763675258871, 27229
pause-pod-3-3, 1763675231644, 1763675259029, 27385
pause-pod-3-4, 1763675231647, 1763675259184, 27537
pause-pod-3-5, 1763675231649, 1763675259340, 27691
pause-pod-3-6, 1763675231652, 1763675259496, 27844
pause-pod-3-7, 1763675231655, 1763675259654, 27999
pause-pod-3-8, 1763675231659, 1763675259810, 28151
pause-pod-3-9, 1763675231662, 1763675259966, 28304
pause-pod-3-10, 1763675231665, 1763675260122, 28457
pause-pod-3-11, 1763675231668, 1763675262921, 31253
pause-pod-3-12, 1763675231674, 1763675263081, 31407
pause-pod-3-13, 1763675231678, 1763675263238, 31560
pause-pod-3-14, 1763675231684, 1763675263393, 31709
pause-pod-3-15, 1763675231689, 1763675263549, 31860
pause-pod-3-16, 1763675231695, 1763675263705, 32010
pause-pod-3-17, 1763675231698, 1763675263861, 32163
pause-pod-3-18, 1763675231723, 1763675264016, 32293
pause-pod-3-19, 1763675231727, 1763675264170, 32443
pause-pod-3-20, 1763675231750, 1763675264327, 32577
pause-pod-3-21, 1763675231757, 1763675264482, 32725
pause-pod-3-22, 1763675231763, 1763675264638, 32875
pause-pod-3-23, 1763675231806, 1763675264793, 32987
pause-pod-3-24, 1763675231846, 1763675264948, 33102
pause-pod-3-25, 1763675231861, 1763675265104, 33243
pause-pod-3-26, 1763675231872, 1763675265259, 33387
pause-pod-3-27, 1763675231908, 1763675265414, 33506
pause-pod-3-28, 1763675231943, 1763675265569, 33626
pause-pod-3-29, 1763675231947, 1763675265722, 33775
pause-pod-3-30, 1763675231963, 1763675265878, 33915
pause-pod-3-31, 1763675231998, 1763675266033, 34035
pause-pod-3-32, 1763675232001, 1763675266188, 34187
pause-pod-3-33, 1763675232032, 1763675266343, 34311
pause-pod-3-34, 1763675232047, 1763675266498, 34451
pause-pod-3-35, 1763675232052, 1763675266652, 34600
pause-pod-3-36, 1763675232077, 1763675266807, 34730
pause-pod-3-37, 1763675232081, 1763675266962, 34881
pause-pod-3-38, 1763675232090, 1763675267117, 35027
pause-pod-3-39, 1763675232106, 1763675267271, 35165
pause-pod-3-40, 1763675232112, 1763675267426, 35314
pause-pod-3-41, 1763675232118, 1763675267581, 35463
pause-pod-3-42, 1763675232123, 1763675267736, 35613
pause-pod-3-43, 1763675232148, 1763675267890, 35742
pause-pod-3-44, 1763675232154, 1763675268045, 35891
pause-pod-3-45, 1763675232167, 1763675268200, 36033
pause-pod-3-46, 1763675232188, 1763675268355, 36167
pause-pod-3-47, 1763675232204, 1763675268510, 36306
pause-pod-3-48, 1763675232264, 1763675268665, 36401
pause-pod-3-49, 1763675232278, 1763675268818, 36540
pause-pod-3-50, 1763675232284, 1763675268974, 36690
pause-pod-3-51, 1763675232287, 1763675269128, 36841
pause-pod-3-52, 1763675232307, 1763675269283, 36976
pause-pod-3-53, 1763675232322, 1763675269438, 37116
pause-pod-3-54, 1763675232333, 1763675269593, 37260
pause-pod-3-55, 1763675232365, 1763675269748, 37383
pause-pod-3-56, 1763675232387, 1763675269903, 37516
pause-pod-3-57, 1763675232393, 1763675270057, 37664
pause-pod-3-58, 1763675232426, 1763675270212, 37786
pause-pod-3-59, 1763675232445, 1763675270366, 37921
pause-pod-3-60, 1763675232469, 1763675270522, 38053
pause-pod-3-61, 1763675232486, 1763675270677, 38191
pause-pod-3-62, 1763675232506, 1763675270831, 38325
pause-pod-3-63, 1763675232515, 1763675270986, 38471
pause-pod-3-64, 1763675232532, 1763675271141, 38609
pause-pod-3-65, 1763675232547, 1763675271296, 38749
pause-pod-3-66, 1763675232577, 1763675271452, 38875
pause-pod-3-67, 1763675232623, 1763675271606, 38983
pause-pod-3-68, 1763675232633, 1763675271761, 39128
pause-pod-3-69, 1763675232646, 1763675271915, 39269
pause-pod-3-70, 1763675232674, 1763675272071, 39397
pause-pod-3-71, 1763675232688, 1763675272227, 39539
pause-pod-3-72, 1763675232692, 1763675272382, 39690
pause-pod-3-73, 1763675232696, 1763675272537, 39841
pause-pod-3-74, 1763675232765, 1763675272692, 39927
pause-pod-3-75, 1763675232769, 1763675272847, 40078
pause-pod-3-76, 1763675232779, 1763675273002, 40223
pause-pod-3-77, 1763675232815, 1763675273157, 40342
pause-pod-3-78, 1763675232818, 1763675273313, 40495
pause-pod-3-79, 1763675232826, 1763675273468, 40642
pause-pod-3-80, 1763675232847, 1763675273623, 40776
pause-pod-3-81, 1763675232858, 1763675273778, 40920
pause-pod-3-82, 1763675232866, 1763675273934, 41068
pause-pod-3-83, 1763675232899, 1763675274089, 41190
pause-pod-3-84, 1763675232903, 1763675274245, 41342
pause-pod-3-85, 1763675232926, 1763675274401, 41475
pause-pod-3-86, 1763675232955, 1763675274556, 41601
pause-pod-3-87, 1763675232982, 1763675274712, 41730
pause-pod-3-88, 1763675233001, 1763675274867, 41866
pause-pod-3-89, 1763675233024, 1763675275022, 41998
pause-pod-3-90, 1763675233034, 1763675275177, 42143
pause-pod-3-91, 1763675233051, 1763675275333, 42282
pause-pod-3-92, 1763675233064, 1763675275488, 42424
pause-pod-3-93, 1763675233074, 1763675275643, 42569
pause-pod-3-94, 1763675233082, 1763675275798, 42716
pause-pod-3-95, 1763675233088, 1763675275953, 42865
pause-pod-3-96, 1763675233095, 1763675276109, 43014
pause-pod-3-97, 1763675233155, 1763675276264, 43109
pause-pod-3-98, 1763675233179, 1763675276419, 43240
pause-pod-3-99, 1763675233196, 1763675276573, 43377
pause-pod-3-100, 1763675233210, 1763675276728, 43518
pause-pod-3-101, 1763675233221, 1763675276883, 43662
pause-pod-3-102, 1763675233269, 1763675277038, 43769
pause-pod-3-103, 1763675233275, 1763675277193, 43918
pause-pod-3-104, 1763675233288, 1763675277348, 44060
pause-pod-3-105, 1763675233293, 1763675277504, 44211
pause-pod-3-106, 1763675233310, 1763675277659, 44349
pause-pod-3-107, 1763675233332, 1763675277814, 44482
pause-pod-3-108, 1763675233337, 1763675277967, 44630
pause-pod-3-109, 1763675233347, 1763675278123, 44776
pause-pod-3-110, 1763675233354, 1763675278278, 44924
pause-pod-3-111, 1763675233357, 1763675278434, 45077
pause-pod-3-112, 1763675233361, 1763675278589, 45228
pause-pod-3-113, 1763675233401, 1763675278744, 45343
pause-pod-3-114, 1763675233414, 1763675278899, 45485
pause-pod-3-115, 1763675233445, 1763675279056, 45611
pause-pod-3-116, 1763675233449, 1763675279211, 45762
pause-pod-3-117, 1763675233456, 1763675279367, 45911
pause-pod-3-118, 1763675233460, 1763675279523, 46063
pause-pod-3-119, 1763675233481, 1763675279679, 46198
pause-pod-3-120, 1763675233497, 1763675279835, 46338
pause-pod-3-121, 1763675233516, 1763675279989, 46473
pause-pod-3-122, 1763675233531, 1763675280144, 46613
pause-pod-3-123, 1763675233541, 1763675280299, 46758
pause-pod-3-124, 1763675233546, 1763675280454, 46908
pause-pod-3-125, 1763675233575, 1763675280609, 47034
pause-pod-3-126, 1763675233603, 1763675280763, 47160
pause-pod-3-127, 1763675233629, 1763675280917, 47288
pause-pod-3-128, 1763675233657, 1763675281072, 47415
pause-pod-3-129, 1763675233702, 1763675281228, 47526
pause-pod-3-130, 1763675233742, 1763675281382, 47640
pause-pod-3-131, 1763675233750, 1763675281538, 47788
pause-pod-3-132, 1763675233755, 1763675281692, 47937
pause-pod-3-133, 1763675233766, 1763675281848, 48082
pause-pod-3-134, 1763675233785, 1763675282003, 48218
pause-pod-3-135, 1763675233800, 1763675282157, 48357
pause-pod-3-136, 1763675233807, 1763675282314, 48507
pause-pod-3-137, 1763675233813, 1763675282469, 48656
pause-pod-3-138, 1763675233837, 1763675282624, 48787
pause-pod-3-139, 1763675233841, 1763675282780, 48939
pause-pod-3-140, 1763675233844, 1763675282935, 49091
pause-pod-3-141, 1763675233853, 1763675283091, 49238
pause-pod-3-142, 1763675233862, 1763675283246, 49384
pause-pod-3-143, 1763675233878, 1763675283401, 49523
pause-pod-3-144, 1763675233885, 1763675283558, 49673
pause-pod-3-145, 1763675233933, 1763675283713, 49780
pause-pod-3-146, 1763675233940, 1763675283868, 49928
pause-pod-3-147, 1763675233953, 1763675284023, 50070
pause-pod-3-148, 1763675233982, 1763675284178, 50196
pause-pod-3-149, 1763675234010, 1763675284334, 50324
pause-pod-3-150, 1763675234018, 1763675284491, 50473
pause-pod-4-1, 1763675373766, 1763675388565, 14799
pause-pod-4-2, 1763675373768, 1763675388719, 14951
pause-pod-4-3, 1763675373769, 1763675388873, 15104
pause-pod-4-4, 1763675373771, 1763675389026, 15255
pause-pod-4-5, 1763675373773, 1763675389181, 15408
pause-pod-4-6, 1763675373776, 1763675395604, 21828
pause-pod-4-7, 1763675373778, 1763675395761, 21983
pause-pod-4-8, 1763675373780, 1763675395918, 22138
pause-pod-4-9, 1763675373783, 1763675404687, 30904
pause-pod-4-10, 1763675373785, 1763675404843, 31058
pause-pod-4-11, 1763675373788, 1763675404997, 31209
pause-pod-4-12, 1763675373791, 1763675405151, 31360
pause-pod-4-13, 1763675373794, 1763675405305, 31511
pause-pod-4-14, 1763675373796, 1763675405458, 31662
pause-pod-4-15, 1763675373799, 1763675405614, 31815
pause-pod-4-16, 1763675373802, 1763675405767, 31965
pause-pod-4-17, 1763675373808, 1763675405921, 32113
pause-pod-4-18, 1763675373812, 1763675406075, 32263
pause-pod-4-19, 1763675373815, 1763675406229, 32414
pause-pod-4-20, 1763675373818, 1763675406382, 32564
pause-pod-4-21, 1763675373823, 1763675406537, 32714
pause-pod-4-22, 1763675373832, 1763675406692, 32860
pause-pod-4-23, 1763675373844, 1763675406846, 33002
pause-pod-4-24, 1763675373922, 1763675407001, 33079
pause-pod-4-25, 1763675373939, 1763675407154, 33215
pause-pod-4-26, 1763675374005, 1763675407309, 33304
pause-pod-4-27, 1763675374027, 1763675407464, 33437
pause-pod-4-28, 1763675374053, 1763675407619, 33566
pause-pod-4-29, 1763675374064, 1763675407773, 33709
pause-pod-4-30, 1763675374075, 1763675407927, 33852
pause-pod-4-31, 1763675374095, 1763675408082, 33987
pause-pod-4-32, 1763675374109, 1763675408236, 34127
pause-pod-4-33, 1763675374117, 1763675408390, 34273
pause-pod-4-34, 1763675374123, 1763675408546, 34423
pause-pod-4-35, 1763675374132, 1763675408701, 34569
pause-pod-4-36, 1763675374161, 1763675408855, 34694
pause-pod-4-37, 1763675374165, 1763675409009, 34844
pause-pod-4-38, 1763675374170, 1763675409162, 34992
pause-pod-4-39, 1763675374173, 1763675409316, 35143
pause-pod-4-40, 1763675374199, 1763675409471, 35272
pause-pod-4-41, 1763675374207, 1763675409626, 35419
pause-pod-4-42, 1763675374249, 1763675409780, 35531
pause-pod-4-43, 1763675374259, 1763675409935, 35676
pause-pod-4-44, 1763675374269, 1763675410090, 35821
pause-pod-4-45, 1763675374291, 1763675410244, 35953
pause-pod-4-46, 1763675374296, 1763675410399, 36103
pause-pod-4-47, 1763675374301, 1763675410555, 36254
pause-pod-4-48, 1763675374305, 1763675410709, 36404
pause-pod-4-49, 1763675374331, 1763675410862, 36531
pause-pod-4-50, 1763675374336, 1763675411017, 36681
pause-pod-4-51, 1763675374342, 1763675411170, 36828
pause-pod-4-52, 1763675374352, 1763675411324, 36972
pause-pod-4-53, 1763675374378, 1763675411479, 37101
pause-pod-4-54, 1763675374387, 1763675411633, 37246
pause-pod-4-55, 1763675374397, 1763675411787, 37390
pause-pod-4-56, 1763675374448, 1763675411941, 37493
pause-pod-4-57, 1763675374477, 1763675412096, 37619
pause-pod-4-58, 1763675374495, 1763675412250, 37755
pause-pod-4-59, 1763675374570, 1763675412404, 37834
pause-pod-4-60, 1763675374585, 1763675412560, 37975
pause-pod-4-61, 1763675374604, 1763675412715, 38111
pause-pod-4-62, 1763675374626, 1763675412869, 38243
pause-pod-4-63, 1763675374630, 1763675413024, 38394
pause-pod-4-64, 1763675374638, 1763675413179, 38541
pause-pod-4-65, 1763675374644, 1763675413333, 38689
pause-pod-4-66, 1763675374678, 1763675413489, 38811
pause-pod-4-67, 1763675374719, 1763675413643, 38924
pause-pod-4-68, 1763675374725, 1763675413797, 39072
pause-pod-4-69, 1763675374751, 1763675413952, 39201
pause-pod-4-70, 1763675374774, 1763675414106, 39332
pause-pod-4-71, 1763675374787, 1763675414261, 39474
pause-pod-4-72, 1763675374793, 1763675414414, 39621
pause-pod-4-73, 1763675374813, 1763675414570, 39757
pause-pod-4-74, 1763675374818, 1763675414725, 39907
pause-pod-4-75, 1763675374840, 1763675414880, 40040
pause-pod-4-76, 1763675374871, 1763675415035, 40164
pause-pod-4-77, 1763675374910, 1763675415191, 40281
pause-pod-4-78, 1763675374926, 1763675415346, 40420
pause-pod-4-79, 1763675374931, 1763675415502, 40571
pause-pod-4-80, 1763675374946, 1763675415657, 40711
pause-pod-4-81, 1763675374951, 1763675415812, 40861
pause-pod-4-82, 1763675374973, 1763675415965, 40992
pause-pod-4-83, 1763675374979, 1763675416119, 41140
pause-pod-4-84, 1763675374985, 1763675416273, 41288
pause-pod-4-85, 1763675375003, 1763675416428, 41425
pause-pod-4-86, 1763675375010, 1763675416583, 41573
pause-pod-4-87, 1763675375014, 1763675416737, 41723
pause-pod-4-88, 1763675375033, 1763675416892, 41859
pause-pod-4-89, 1763675375067, 1763675417046, 41979
pause-pod-4-90, 1763675375130, 1763675417201, 42071
pause-pod-4-91, 1763675375152, 1763675417356, 42204
pause-pod-4-92, 1763675375178, 1763675417511, 42333
pause-pod-4-93, 1763675375204, 1763675417666, 42462
pause-pod-4-94, 1763675375253, 1763675417820, 42567
pause-pod-4-95, 1763675375261, 1763675417975, 42714
pause-pod-4-96, 1763675375272, 1763675418129, 42857
pause-pod-4-97, 1763675375277, 1763675418283, 43006
pause-pod-4-98, 1763675375286, 1763675418438, 43152
pause-pod-4-99, 1763675375290, 1763675418593, 43303
pause-pod-4-100, 1763675375297, 1763675418748, 43451
pause-pod-4-101, 1763675375313, 1763675418902, 43589
pause-pod-4-102, 1763675375343, 1763675419057, 43714
pause-pod-4-103, 1763675375356, 1763675419212, 43856
pause-pod-4-104, 1763675375362, 1763675419367, 44005
pause-pod-4-105, 1763675375374, 1763675419523, 44149
pause-pod-4-106, 1763675375379, 1763675419677, 44298
pause-pod-4-107, 1763675375394, 1763675419831, 44437
pause-pod-4-108, 1763675375410, 1763675419986, 44576
pause-pod-4-109, 1763675375431, 1763675420140, 44709
pause-pod-4-110, 1763675375443, 1763675420294, 44851
pause-pod-4-111, 1763675375449, 1763675420449, 45000
pause-pod-4-112, 1763675375477, 1763675420603, 45126
pause-pod-4-113, 1763675375481, 1763675420758, 45277
pause-pod-4-114, 1763675375485, 1763675420913, 45428
pause-pod-4-115, 1763675375490, 1763675421068, 45578
pause-pod-4-116, 1763675375523, 1763675421222, 45699
pause-pod-4-117, 1763675375543, 1763675421377, 45834
pause-pod-4-118, 1763675375547, 1763675421534, 45987
pause-pod-4-119, 1763675375552, 1763675421688, 46136
pause-pod-4-120, 1763675375594, 1763675421843, 46249
pause-pod-4-121, 1763675375601, 1763675421998, 46397
pause-pod-4-122, 1763675375606, 1763675422152, 46546
pause-pod-4-123, 1763675375653, 1763675422306, 46653
pause-pod-4-124, 1763675375659, 1763675422460, 46801
pause-pod-4-125, 1763675375689, 1763675422615, 46926
pause-pod-4-126, 1763675375768, 1763675422768, 47000
pause-pod-4-127, 1763675375779, 1763675422923, 47144
pause-pod-4-128, 1763675375821, 1763675423079, 47258
pause-pod-4-129, 1763675375843, 1763675423232, 47389
pause-pod-4-130, 1763675375865, 1763675423387, 47522
pause-pod-4-131, 1763675375908, 1763675423543, 47635
pause-pod-4-132, 1763675375920, 1763675423696, 47776
pause-pod-4-133, 1763675375925, 1763675423850, 47925
pause-pod-4-134, 1763675375964, 1763675424005, 48041
pause-pod-4-135, 1763675376002, 1763675424159, 48157
pause-pod-4-136, 1763675376017, 1763675424313, 48296
pause-pod-4-137, 1763675376025, 1763675424467, 48442
pause-pod-4-138, 1763675376065, 1763675424621, 48556
pause-pod-4-139, 1763675376075, 1763675424775, 48700
pause-pod-4-140, 1763675376079, 1763675424930, 48851
pause-pod-4-141, 1763675376090, 1763675425084, 48994
pause-pod-4-142, 1763675376095, 1763675425238, 49143
pause-pod-4-143, 1763675376099, 1763675425393, 49294
pause-pod-4-144, 1763675376117, 1763675425548, 49431
pause-pod-4-145, 1763675376122, 1763675425702, 49580
pause-pod-4-146, 1763675376129, 1763675425856, 49727
pause-pod-4-147, 1763675376152, 1763675426011, 49859
pause-pod-4-148, 1763675376162, 1763675426165, 50003
pause-pod-4-149, 1763675376172, 1763675426319, 50147
pause-pod-4-150, 1763675376196, 1763675426474, 50278
pause-pod-5-1, 1763675514322, 1763675517310, 2988
pause-pod-5-2, 1763675514323, 1763675528567, 14244
pause-pod-5-3, 1763675514325, 1763675528721, 14396
pause-pod-5-4, 1763675514327, 1763675530355, 16028
pause-pod-5-5, 1763675514329, 1763675530511, 16182
pause-pod-5-6, 1763675514331, 1763675530665, 16334
pause-pod-5-7, 1763675514334, 1763675530819, 16485
pause-pod-5-8, 1763675514336, 1763675530973, 16637
pause-pod-5-9, 1763675514338, 1763675544463, 30125
pause-pod-5-10, 1763675514341, 1763675544621, 30280
pause-pod-5-11, 1763675514343, 1763675544774, 30431
pause-pod-5-12, 1763675514346, 1763675544927, 30581
pause-pod-5-13, 1763675514352, 1763675545456, 31104
pause-pod-5-14, 1763675514366, 1763675545611, 31245
pause-pod-5-15, 1763675514370, 1763675545764, 31394
pause-pod-5-16, 1763675514375, 1763675545916, 31541
pause-pod-5-17, 1763675514378, 1763675546070, 31692
pause-pod-5-18, 1763675514381, 1763675546222, 31841
pause-pod-5-19, 1763675514388, 1763675546375, 31987
pause-pod-5-20, 1763675514403, 1763675546529, 32126
pause-pod-5-21, 1763675514425, 1763675546683, 32258
pause-pod-5-22, 1763675514429, 1763675546836, 32407
pause-pod-5-23, 1763675514448, 1763675546989, 32541
pause-pod-5-24, 1763675514474, 1763675547142, 32668
pause-pod-5-25, 1763675514499, 1763675547294, 32795
pause-pod-5-26, 1763675514511, 1763675547448, 32937
pause-pod-5-27, 1763675514572, 1763675547601, 33029
pause-pod-5-28, 1763675514597, 1763675547754, 33157
pause-pod-5-29, 1763675514618, 1763675547906, 33288
pause-pod-5-30, 1763675514628, 1763675548058, 33430
pause-pod-5-31, 1763675514672, 1763675548211, 33539
pause-pod-5-32, 1763675514682, 1763675548363, 33681
pause-pod-5-33, 1763675514688, 1763675548517, 33829
pause-pod-5-34, 1763675514691, 1763675548670, 33979
pause-pod-5-35, 1763675514696, 1763675548824, 34128
pause-pod-5-36, 1763675514709, 1763675548976, 34267
pause-pod-5-37, 1763675514716, 1763675549129, 34413
pause-pod-5-38, 1763675514739, 1763675549281, 34542
pause-pod-5-39, 1763675514767, 1763675549433, 34666
pause-pod-5-40, 1763675514771, 1763675549586, 34815
pause-pod-5-41, 1763675514776, 1763675549740, 34964
pause-pod-5-42, 1763675514779, 1763675549894, 35115
pause-pod-5-43, 1763675514817, 1763675550047, 35230
pause-pod-5-44, 1763675514823, 1763675550200, 35377
pause-pod-5-45, 1763675514830, 1763675550354, 35524
pause-pod-5-46, 1763675514900, 1763675550509, 35609
pause-pod-5-47, 1763675514904, 1763675550662, 35758
pause-pod-5-48, 1763675514926, 1763675550815, 35889
pause-pod-5-49, 1763675514938, 1763675550968, 36030
pause-pod-5-50, 1763675514961, 1763675551123, 36162
pause-pod-5-51, 1763675514971, 1763675551276, 36305
pause-pod-5-52, 1763675515012, 1763675558528, 43516
pause-pod-5-53, 1763675515024, 1763675558682, 43658
pause-pod-5-54, 1763675515044, 1763675558835, 43791
pause-pod-5-55, 1763675515066, 1763675558988, 43922
pause-pod-5-56, 1763675515075, 1763675559141, 44066
pause-pod-5-57, 1763675515088, 1763675559294, 44206
pause-pod-5-58, 1763675515114, 1763675559448, 44334
pause-pod-5-59, 1763675515193, 1763675559602, 44409
pause-pod-5-60, 1763675515206, 1763675559755, 44549
pause-pod-5-61, 1763675515236, 1763675559908, 44672
pause-pod-5-62, 1763675515246, 1763675560061, 44815
pause-pod-5-63, 1763675515254, 1763675560215, 44961
pause-pod-5-64, 1763675515259, 1763675560367, 45108
pause-pod-5-65, 1763675515274, 1763675560521, 45247
pause-pod-5-66, 1763675515294, 1763675560675, 45381
pause-pod-5-67, 1763675515311, 1763675560828, 45517
pause-pod-5-68, 1763675515323, 1763675560981, 45658
pause-pod-5-69, 1763675515326, 1763675561133, 45807
pause-pod-5-70, 1763675515333, 1763675561285, 45952
pause-pod-5-71, 1763675515354, 1763675561438, 46084
pause-pod-5-72, 1763675515370, 1763675561592, 46222
pause-pod-5-73, 1763675515375, 1763675561745, 46370
pause-pod-5-74, 1763675515379, 1763675561896, 46517
pause-pod-5-75, 1763675515388, 1763675562049, 46661
pause-pod-5-76, 1763675515424, 1763675562201, 46777
pause-pod-5-77, 1763675515494, 1763675562354, 46860
pause-pod-5-78, 1763675515505, 1763675562509, 47004
pause-pod-5-79, 1763675515514, 1763675562662, 47148
pause-pod-5-80, 1763675515532, 1763675562815, 47283
pause-pod-5-81, 1763675515538, 1763675562970, 47432
pause-pod-5-82, 1763675515545, 1763675563125, 47580
pause-pod-5-83, 1763675515554, 1763675563277, 47723
pause-pod-5-84, 1763675515585, 1763675563431, 47846
pause-pod-5-85, 1763675515595, 1763675563584, 47989
pause-pod-5-86, 1763675515609, 1763675563737, 48128
pause-pod-5-87, 1763675515614, 1763675563890, 48276
pause-pod-5-88, 1763675515638, 1763675564042, 48404
pause-pod-5-89, 1763675515673, 1763675564194, 48521
pause-pod-5-90, 1763675515680, 1763675564346, 48666
pause-pod-5-91, 1763675515688, 1763675564499, 48811
pause-pod-5-92, 1763675515698, 1763675564652, 48954
pause-pod-5-93, 1763675515717, 1763675564805, 49088
pause-pod-5-94, 1763675515736, 1763675564957, 49221
pause-pod-5-95, 1763675515766, 1763675565111, 49345
pause-pod-5-96, 1763675515773, 1763675565264, 49491
pause-pod-5-97, 1763675515789, 1763675565417, 49628
pause-pod-5-98, 1763675515817, 1763675565570, 49753
pause-pod-5-99, 1763675515834, 1763675565723, 49889
pause-pod-5-100, 1763675515854, 1763675565875, 50021
pause-pod-5-101, 1763675515867, 1763675566027, 50160
pause-pod-5-102, 1763675515887, 1763675566179, 50292
pause-pod-5-103, 1763675515894, 1763675566331, 50437
pause-pod-5-104, 1763675515905, 1763675566485, 50580
pause-pod-5-105, 1763675515923, 1763675566639, 50716
pause-pod-5-106, 1763675515940, 1763675566791, 50851
pause-pod-5-107, 1763675515950, 1763675566945, 50995
pause-pod-5-108, 1763675515987, 1763675567097, 51110
pause-pod-5-109, 1763675516014, 1763675567250, 51236
pause-pod-5-110, 1763675516032, 1763675567403, 51371
pause-pod-5-111, 1763675516037, 1763675567556, 51519
pause-pod-5-112, 1763675516041, 1763675567708, 51667
pause-pod-5-113, 1763675516049, 1763675567860, 51811
pause-pod-5-114, 1763675516100, 1763675568012, 51912
pause-pod-5-115, 1763675516117, 1763675568165, 52048
pause-pod-5-116, 1763675516122, 1763675568319, 52197
pause-pod-5-117, 1763675516127, 1763675568474, 52347
pause-pod-5-118, 1763675516141, 1763675568627, 52486
pause-pod-5-119, 1763675516148, 1763675568779, 52631
pause-pod-5-120, 1763675516159, 1763675568932, 52773
pause-pod-5-121, 1763675516180, 1763675569085, 52905
pause-pod-5-122, 1763675516191, 1763675569236, 53045
pause-pod-5-123, 1763675516227, 1763675569389, 53162
pause-pod-5-124, 1763675516252, 1763675569542, 53290
pause-pod-5-125, 1763675516291, 1763675569695, 53404
pause-pod-5-126, 1763675516334, 1763675569847, 53513
pause-pod-5-127, 1763675516337, 1763675569999, 53662
pause-pod-5-128, 1763675516353, 1763675570151, 53798
pause-pod-5-129, 1763675516369, 1763675570303, 53934
pause-pod-5-130, 1763675516389, 1763675570456, 54067
pause-pod-5-131, 1763675516394, 1763675570609, 54215
pause-pod-5-132, 1763675516415, 1763675570762, 54347
pause-pod-5-133, 1763675516444, 1763675570915, 54471
pause-pod-5-134, 1763675516465, 1763675571068, 54603
pause-pod-5-135, 1763675516488, 1763675571220, 54732
pause-pod-5-136, 1763675516507, 1763675571372, 54865
pause-pod-5-137, 1763675516527, 1763675571526, 54999
pause-pod-5-138, 1763675516537, 1763675571678, 55141
pause-pod-5-139, 1763675516540, 1763675571830, 55290
pause-pod-5-140, 1763675516545, 1763675571982, 55437
pause-pod-5-141, 1763675516570, 1763675572134, 55564
pause-pod-5-142, 1763675516588, 1763675572287, 55699
pause-pod-5-143, 1763675516616, 1763675572441, 55825
pause-pod-5-144, 1763675516649, 1763675572595, 55946
pause-pod-5-145, 1763675516657, 1763675572749, 56092
pause-pod-5-146, 1763675516664, 1763675572904, 56240
pause-pod-5-147, 1763675516670, 1763675573057, 56387
pause-pod-5-148, 1763675516680, 1763675573211, 56531
pause-pod-5-149, 1763675516695, 1763675573365, 56670
pause-pod-5-150, 1763675516702, 1763675573522, 56820
pause-pod-6-1, 1763675661774, 1763675676206, 14432
pause-pod-6-2, 1763675661776, 1763675682241, 20465
pause-pod-6-3, 1763675661779, 1763675682395, 20616
pause-pod-6-4, 1763675661781, 1763675682550, 20769
pause-pod-6-5, 1763675661783, 1763675682702, 20919
pause-pod-6-6, 1763675661786, 1763675682857, 21071
pause-pod-6-7, 1763675661788, 1763675683012, 21224
pause-pod-6-8, 1763675661791, 1763675685278, 23487
pause-pod-6-9, 1763675661794, 1763675685433, 23639
pause-pod-6-10, 1763675661797, 1763675685587, 23790
pause-pod-6-11, 1763675661800, 1763675685740, 23940
pause-pod-6-12, 1763675661803, 1763675685892, 24089
pause-pod-6-13, 1763675661806, 1763675686044, 24238
pause-pod-6-14, 1763675661810, 1763675686196, 24386
pause-pod-6-15, 1763675661815, 1763675686350, 24535
pause-pod-6-16, 1763675661822, 1763675686504, 24682
pause-pod-6-17, 1763675661826, 1763675686658, 24832
pause-pod-6-18, 1763675661832, 1763675686815, 24983
pause-pod-6-19, 1763675661839, 1763675686968, 25129
pause-pod-6-20, 1763675661850, 1763675687122, 25272
pause-pod-6-21, 1763675661870, 1763675687276, 25406
pause-pod-6-22, 1763675661891, 1763675687435, 25544
pause-pod-6-23, 1763675661903, 1763675687589, 25686
pause-pod-6-24, 1763675661907, 1763675687742, 25835
pause-pod-6-25, 1763675661953, 1763675687896, 25943
pause-pod-6-26, 1763675661973, 1763675688052, 26079
pause-pod-6-27, 1763675661984, 1763675688205, 26221
pause-pod-6-28, 1763675662029, 1763675688360, 26331
pause-pod-6-29, 1763675662052, 1763675691202, 29150
pause-pod-6-30, 1763675662117, 1763675691361, 29244
pause-pod-6-31, 1763675662125, 1763675691515, 29390
pause-pod-6-32, 1763675662133, 1763675691668, 29535
pause-pod-6-33, 1763675662155, 1763675691820, 29665
pause-pod-6-34, 1763675662175, 1763675692207, 30032
pause-pod-6-35, 1763675662187, 1763675692361, 30174
pause-pod-6-36, 1763675662193, 1763675692518, 30325
pause-pod-6-37, 1763675662199, 1763675692672, 30473
pause-pod-6-38, 1763675662213, 1763675692826, 30613
pause-pod-6-39, 1763675662224, 1763675692980, 30756
pause-pod-6-40, 1763675662230, 1763675693134, 30904
pause-pod-6-41, 1763675662244, 1763675693287, 31043
pause-pod-6-42, 1763675662267, 1763675693441, 31174
pause-pod-6-43, 1763675662272, 1763675693595, 31323
pause-pod-6-44, 1763675662286, 1763675693749, 31463
pause-pod-6-45, 1763675662297, 1763675693903, 31606
pause-pod-6-46, 1763675662309, 1763675694057, 31748
pause-pod-6-47, 1763675662334, 1763675694210, 31876
pause-pod-6-48, 1763675662350, 1763675694361, 32011
pause-pod-6-49, 1763675662381, 1763675694517, 32136
pause-pod-6-50, 1763675662392, 1763675694669, 32277
pause-pod-6-51, 1763675662413, 1763675694823, 32410
pause-pod-6-52, 1763675662428, 1763675694975, 32547
pause-pod-6-53, 1763675662434, 1763675695129, 32695
pause-pod-6-54, 1763675662449, 1763675695281, 32832
pause-pod-6-55, 1763675662460, 1763675695434, 32974
pause-pod-6-56, 1763675662465, 1763675695587, 33122
pause-pod-6-57, 1763675662472, 1763675695740, 33268
pause-pod-6-58, 1763675662513, 1763675695893, 33380
pause-pod-6-59, 1763675662568, 1763675696046, 33478
pause-pod-6-60, 1763675662586, 1763675696198, 33612
pause-pod-6-61, 1763675662618, 1763675696351, 33733
pause-pod-6-62, 1763675662641, 1763675696505, 33864
pause-pod-6-63, 1763675662657, 1763675696658, 34001
pause-pod-6-64, 1763675662675, 1763675696811, 34136
pause-pod-6-65, 1763675662683, 1763675696963, 34280
pause-pod-6-66, 1763675662688, 1763675697116, 34428
pause-pod-6-67, 1763675662700, 1763675697269, 34569
pause-pod-6-68, 1763675662715, 1763675697422, 34707
pause-pod-6-69, 1763675662723, 1763675697576, 34853
pause-pod-6-70, 1763675662730, 1763675697728, 34998
pause-pod-6-71, 1763675662735, 1763675697881, 35146
pause-pod-6-72, 1763675662741, 1763675698035, 35294
pause-pod-6-73, 1763675662761, 1763675698188, 35427
pause-pod-6-74, 1763675662770, 1763675698341, 35571
pause-pod-6-75, 1763675662812, 1763675698496, 35684
pause-pod-6-76, 1763675662826, 1763675698650, 35824
pause-pod-6-77, 1763675662838, 1763675698803, 35965
pause-pod-6-78, 1763675662847, 1763675698956, 36109
pause-pod-6-79, 1763675662854, 1763675699110, 36256
pause-pod-6-80, 1763675662892, 1763675699263, 36371
pause-pod-6-81, 1763675662926, 1763675699416, 36490
pause-pod-6-82, 1763675662984, 1763675699570, 36586
pause-pod-6-83, 1763675662994, 1763675699725, 36731
pause-pod-6-84, 1763675663023, 1763675699878, 36855
pause-pod-6-85, 1763675663058, 1763675700032, 36974
pause-pod-6-86, 1763675663080, 1763675700186, 37106
pause-pod-6-87, 1763675663092, 1763675700339, 37247
pause-pod-6-88, 1763675663097, 1763675700494, 37397
pause-pod-6-89, 1763675663123, 1763675700647, 37524
pause-pod-6-90, 1763675663130, 1763675700799, 37669
pause-pod-6-91, 1763675663136, 1763675700952, 37816
pause-pod-6-92, 1763675663152, 1763675701105, 37953
pause-pod-6-93, 1763675663180, 1763675701258, 38078
pause-pod-6-94, 1763675663197, 1763675701410, 38213
pause-pod-6-95, 1763675663213, 1763675701562, 38349
pause-pod-6-96, 1763675663219, 1763675701716, 38497
pause-pod-6-97, 1763675663222, 1763675701868, 38646
pause-pod-6-98, 1763675663229, 1763675702020, 38791
pause-pod-6-99, 1763675663242, 1763675702173, 38931
pause-pod-6-100, 1763675663264, 1763675702325, 39061
pause-pod-6-101, 1763675663343, 1763675702478, 39135
pause-pod-6-102, 1763675663351, 1763675702631, 39280
pause-pod-6-103, 1763675663355, 1763675702783, 39428
pause-pod-6-104, 1763675663382, 1763675702936, 39554
pause-pod-6-105, 1763675663388, 1763675703089, 39701
pause-pod-6-106, 1763675663393, 1763675703242, 39849
pause-pod-6-107, 1763675663428, 1763675703395, 39967
pause-pod-6-108, 1763675663434, 1763675703548, 40114
pause-pod-6-109, 1763675663457, 1763675703701, 40244
pause-pod-6-110, 1763675663464, 1763675703853, 40389
pause-pod-6-111, 1763675663467, 1763675704005, 40538
pause-pod-6-112, 1763675663480, 1763675704157, 40677
pause-pod-6-113, 1763675663520, 1763675704308, 40788
pause-pod-6-114, 1763675663543, 1763675704462, 40919
pause-pod-6-115, 1763675663548, 1763675704614, 41066
pause-pod-6-116, 1763675663562, 1763675704767, 41205
pause-pod-6-117, 1763675663578, 1763675704919, 41341
pause-pod-6-118, 1763675663597, 1763675705073, 41476
pause-pod-6-119, 1763675663602, 1763675705225, 41623
pause-pod-6-120, 1763675663632, 1763675705377, 41745
pause-pod-6-121, 1763675663645, 1763675705531, 41886
pause-pod-6-122, 1763675663660, 1763675705683, 42023
pause-pod-6-123, 1763675663701, 1763675705837, 42136
pause-pod-6-124, 1763675663708, 1763675705990, 42282
pause-pod-6-125, 1763675663722, 1763675706142, 42420
pause-pod-6-126, 1763675663754, 1763675706294, 42540
pause-pod-6-127, 1763675663776, 1763675706446, 42670
pause-pod-6-128, 1763675663814, 1763675706599, 42785
pause-pod-6-129, 1763675663854, 1763675706752, 42898
pause-pod-6-130, 1763675663859, 1763675706904, 43045
pause-pod-6-131, 1763675663864, 1763675707056, 43192
pause-pod-6-132, 1763675663898, 1763675707209, 43311
pause-pod-6-133, 1763675663911, 1763675707361, 43450
pause-pod-6-134, 1763675663919, 1763675707516, 43597
pause-pod-6-135, 1763675663931, 1763675707669, 43738
pause-pod-6-136, 1763675663937, 1763675707822, 43885
pause-pod-6-137, 1763675663952, 1763675707974, 44022
pause-pod-6-138, 1763675663959, 1763675708127, 44168
pause-pod-6-139, 1763675664000, 1763675708279, 44279
pause-pod-6-140, 1763675664043, 1763675708431, 44388
pause-pod-6-141, 1763675664050, 1763675708585, 44535
pause-pod-6-142, 1763675664072, 1763675708739, 44667
pause-pod-6-143, 1763675664086, 1763675708891, 44805
pause-pod-6-144, 1763675664091, 1763675709044, 44953
pause-pod-6-145, 1763675664095, 1763675709196, 45101
pause-pod-6-146, 1763675664121, 1763675709348, 45227
pause-pod-6-147, 1763675664147, 1763675709502, 45355
pause-pod-6-148, 1763675664173, 1763675709655, 45482
pause-pod-6-149, 1763675664177, 1763675709808, 45631
pause-pod-6-150, 1763675664192, 1763675709961, 45769
