Pod Name, Delete Start Timestamp, Deleted Confirmed Timestamp, Delete Latency (milliseconds)
pause-pod-1-1, 1763673742581, 1763673747204, 4623
pause-pod-1-2, 1763673742582, 1763673749247, 6665
pause-pod-1-3, 1763673742584, 1763673749300, 6716
pause-pod-1-4, 1763673742585, 1763673749354, 6769
pause-pod-1-5, 1763673742587, 1763673749408, 6821
pause-pod-1-6, 1763673742589, 1763673749480, 6891
pause-pod-1-7, 1763673742590, 1763673749535, 6945
pause-pod-1-8, 1763673742592, 1763673749590, 6998
pause-pod-1-9, 1763673742594, 1763673749645, 7051
pause-pod-1-10, 1763673742596, 1763673749699, 7103
pause-pod-1-11, 1763673742598, 1763673749855, 7257
pause-pod-1-12, 1763673742601, 1763673749909, 7308
pause-pod-1-13, 1763673742604, 1763673749962, 7358
pause-pod-1-14, 1763673742610, 1763673750016, 7406
pause-pod-1-15, 1763673742612, 1763673750256, 7644
pause-pod-1-16, 1763673742626, 1763673750311, 7685
pause-pod-1-17, 1763673742629, 1763673750365, 7736
pause-pod-1-18, 1763673742640, 1763673750419, 7779
pause-pod-1-19, 1763673742644, 1763673750473, 7829
pause-pod-1-20, 1763673742678, 1763673750526, 7848
pause-pod-1-21, 1763673742683, 1763673750580, 7897
pause-pod-1-22, 1763673742687, 1763673750634, 7947
pause-pod-1-23, 1763673742693, 1763673750688, 7995
pause-pod-1-24, 1763673742704, 1763673750742, 8038
pause-pod-1-25, 1763673742709, 1763673750796, 8087
pause-pod-1-26, 1763673742713, 1763673750850, 8137
pause-pod-1-27, 1763673742716, 1763673750904, 8188
pause-pod-1-28, 1763673742720, 1763673750959, 8239
pause-pod-1-29, 1763673742727, 1763673751013, 8286
pause-pod-1-30, 1763673742734, 1763673751067, 8333
pause-pod-1-31, 1763673742741, 1763673751121, 8380
pause-pod-1-32, 1763673742747, 1763673751174, 8427
pause-pod-1-33, 1763673742759, 1763673751229, 8470
pause-pod-1-34, 1763673742766, 1763673751282, 8516
pause-pod-1-35, 1763673742773, 1763673751336, 8563
pause-pod-1-36, 1763673742789, 1763673751390, 8601
pause-pod-1-37, 1763673742810, 1763673751444, 8634
pause-pod-1-38, 1763673742825, 1763673751498, 8673
pause-pod-1-39, 1763673742829, 1763673751552, 8723
pause-pod-1-40, 1763673742833, 1763673751606, 8773
pause-pod-1-41, 1763673742839, 1763673751660, 8821
pause-pod-1-42, 1763673742847, 1763673751715, 8868
pause-pod-1-43, 1763673742853, 1763673751769, 8916
pause-pod-1-44, 1763673742856, 1763673751822, 8966
pause-pod-1-45, 1763673742861, 1763673751875, 9014
pause-pod-1-46, 1763673742865, 1763673751929, 9064
pause-pod-1-47, 1763673742872, 1763673751983, 9111
pause-pod-1-48, 1763673742876, 1763673752036, 9160
pause-pod-1-49, 1763673742888, 1763673752090, 9202
pause-pod-1-50, 1763673742898, 1763673752143, 9245
pause-pod-2-1, 1763673830446, 1763673836473, 6027
pause-pod-2-2, 1763673830448, 1763673836528, 6080
pause-pod-2-3, 1763673830449, 1763673836584, 6135
pause-pod-2-4, 1763673830451, 1763673836638, 6187
pause-pod-2-5, 1763673830453, 1763673837510, 7057
pause-pod-2-6, 1763673830454, 1763673837565, 7111
pause-pod-2-7, 1763673830456, 1763673837619, 7163
pause-pod-2-8, 1763673830458, 1763673837675, 7217
pause-pod-2-9, 1763673830460, 1763673837728, 7268
pause-pod-2-10, 1763673830462, 1763673837783, 7321
pause-pod-2-11, 1763673830464, 1763673837837, 7373
pause-pod-2-12, 1763673830466, 1763673838434, 7968
pause-pod-2-13, 1763673830468, 1763673838491, 8023
pause-pod-2-14, 1763673830471, 1763673838546, 8075
pause-pod-2-15, 1763673830473, 1763673838600, 8127
pause-pod-2-16, 1763673830475, 1763673838653, 8178
pause-pod-2-17, 1763673830487, 1763673838707, 8220
pause-pod-2-18, 1763673830491, 1763673838761, 8270
pause-pod-2-19, 1763673830506, 1763673838815, 8309
pause-pod-2-20, 1763673830509, 1763673838868, 8359
pause-pod-2-21, 1763673830511, 1763673838922, 8411
pause-pod-2-22, 1763673830540, 1763673838976, 8436
pause-pod-2-23, 1763673830543, 1763673839029, 8486
pause-pod-2-24, 1763673830549, 1763673839083, 8534
pause-pod-2-25, 1763673830553, 1763673839136, 8583
pause-pod-2-26, 1763673830557, 1763673839191, 8634
pause-pod-2-27, 1763673830581, 1763673839245, 8664
pause-pod-2-28, 1763673830585, 1763673839299, 8714
pause-pod-2-29, 1763673830592, 1763673839353, 8761
pause-pod-2-30, 1763673830604, 1763673839407, 8803
pause-pod-2-31, 1763673830616, 1763673839461, 8845
pause-pod-2-32, 1763673830623, 1763673839515, 8892
pause-pod-2-33, 1763673830632, 1763673839568, 8936
pause-pod-2-34, 1763673830647, 1763673839632, 8985
pause-pod-2-35, 1763673830651, 1763673839686, 9035
pause-pod-2-36, 1763673830656, 1763673839740, 9084
pause-pod-2-37, 1763673830660, 1763673839794, 9134
pause-pod-2-38, 1763673830682, 1763673839848, 9166
pause-pod-2-39, 1763673830687, 1763673839903, 9216
pause-pod-2-40, 1763673830691, 1763673839957, 9266
pause-pod-2-41, 1763673830696, 1763673840011, 9315
pause-pod-2-42, 1763673830700, 1763673840066, 9366
pause-pod-2-43, 1763673830714, 1763673840119, 9405
pause-pod-2-44, 1763673830729, 1763673840173, 9444
pause-pod-2-45, 1763673830745, 1763673840227, 9482
pause-pod-2-46, 1763673830757, 1763673840280, 9523
pause-pod-2-47, 1763673830761, 1763673840333, 9572
pause-pod-2-48, 1763673830778, 1763673840387, 9609
pause-pod-2-49, 1763673830782, 1763673840440, 9658
pause-pod-2-50, 1763673830790, 1763673840493, 9703
pause-pod-3-1, 1763673919253, 1763673923672, 4419
pause-pod-3-2, 1763673919255, 1763673923727, 4472
pause-pod-3-3, 1763673919257, 1763673926191, 6934
pause-pod-3-4, 1763673919259, 1763673926254, 6995
pause-pod-3-5, 1763673919261, 1763673926311, 7050
pause-pod-3-6, 1763673919263, 1763673926715, 7452
pause-pod-3-7, 1763673919266, 1763673926772, 7506
pause-pod-3-8, 1763673919268, 1763673926829, 7561
pause-pod-3-9, 1763673919270, 1763673927713, 8443
pause-pod-3-10, 1763673919273, 1763673927769, 8496
pause-pod-3-11, 1763673919276, 1763673927823, 8547
pause-pod-3-12, 1763673919278, 1763673927878, 8600
pause-pod-3-13, 1763673919282, 1763673927932, 8650
pause-pod-3-14, 1763673919285, 1763673927986, 8701
pause-pod-3-15, 1763673919288, 1763673928041, 8753
pause-pod-3-16, 1763673919292, 1763673928095, 8803
pause-pod-3-17, 1763673919295, 1763673928150, 8855
pause-pod-3-18, 1763673919299, 1763673928204, 8905
pause-pod-3-19, 1763673919301, 1763673928259, 8958
pause-pod-3-20, 1763673919306, 1763673928314, 9008
pause-pod-3-21, 1763673919327, 1763673928369, 9042
pause-pod-3-22, 1763673919332, 1763673928423, 9091
pause-pod-3-23, 1763673919339, 1763673928478, 9139
pause-pod-3-24, 1763673919343, 1763673928532, 9189
pause-pod-3-25, 1763673919346, 1763673928586, 9240
pause-pod-3-26, 1763673919350, 1763673928640, 9290
pause-pod-3-27, 1763673919354, 1763673928696, 9342
pause-pod-3-28, 1763673919372, 1763673928752, 9380
pause-pod-3-29, 1763673919382, 1763673928808, 9426
pause-pod-3-30, 1763673919387, 1763673928862, 9475
pause-pod-3-31, 1763673919399, 1763673928916, 9517
pause-pod-3-32, 1763673919416, 1763673928971, 9555
pause-pod-3-33, 1763673919426, 1763673929024, 9598
pause-pod-3-34, 1763673919448, 1763673929080, 9632
pause-pod-3-35, 1763673919457, 1763673929133, 9676
pause-pod-3-36, 1763673919471, 1763673929188, 9717
pause-pod-3-37, 1763673919474, 1763673929242, 9768
pause-pod-3-38, 1763673919484, 1763673929296, 9812
pause-pod-3-39, 1763673919487, 1763673929349, 9862
pause-pod-3-40, 1763673919490, 1763673929403, 9913
pause-pod-3-41, 1763673919500, 1763673929456, 9956
pause-pod-3-42, 1763673919506, 1763673929511, 10005
pause-pod-3-43, 1763673919514, 1763673929565, 10051
pause-pod-3-44, 1763673919528, 1763673929624, 10096
pause-pod-3-45, 1763673919533, 1763673929679, 10146
pause-pod-3-46, 1763673919538, 1763673929733, 10195
pause-pod-3-47, 1763673919542, 1763673929789, 10247
pause-pod-3-48, 1763673919550, 1763673929845, 10295
pause-pod-3-49, 1763673919555, 1763673929902, 10347
pause-pod-3-50, 1763673919561, 1763673929957, 10396
pause-pod-4-1, 1763674007063, 1763674011373, 4310
pause-pod-4-2, 1763674007065, 1763674014270, 7205
pause-pod-4-3, 1763674007067, 1763674014963, 7896
pause-pod-4-4, 1763674007069, 1763674015021, 7952
pause-pod-4-5, 1763674007071, 1763674015075, 8004
pause-pod-4-6, 1763674007074, 1763674015130, 8056
pause-pod-4-7, 1763674007076, 1763674015185, 8109
pause-pod-4-8, 1763674007078, 1763674015239, 8161
pause-pod-4-9, 1763674007080, 1763674015294, 8214
pause-pod-4-10, 1763674007083, 1763674015349, 8266
pause-pod-4-11, 1763674007086, 1763674015404, 8318
pause-pod-4-12, 1763674007089, 1763674015457, 8368
pause-pod-4-13, 1763674007091, 1763674015511, 8420
pause-pod-4-14, 1763674007094, 1763674015565, 8471
pause-pod-4-15, 1763674007099, 1763674015619, 8520
pause-pod-4-16, 1763674007102, 1763674015674, 8572
pause-pod-4-17, 1763674007105, 1763674015728, 8623
pause-pod-4-18, 1763674007108, 1763674015783, 8675
pause-pod-4-19, 1763674007115, 1763674015837, 8722
pause-pod-4-20, 1763674007118, 1763674015892, 8774
pause-pod-4-21, 1763674007144, 1763674015947, 8803
pause-pod-4-22, 1763674007152, 1763674016001, 8849
pause-pod-4-23, 1763674007176, 1763674016056, 8880
pause-pod-4-24, 1763674007211, 1763674016109, 8898
pause-pod-4-25, 1763674007218, 1763674016163, 8945
pause-pod-4-26, 1763674007224, 1763674016218, 8994
pause-pod-4-27, 1763674007233, 1763674016272, 9039
pause-pod-4-28, 1763674007236, 1763674016327, 9091
pause-pod-4-29, 1763674007242, 1763674016382, 9140
pause-pod-4-30, 1763674007246, 1763674016436, 9190
pause-pod-4-31, 1763674007255, 1763674016490, 9235
pause-pod-4-32, 1763674007261, 1763674016545, 9284
pause-pod-4-33, 1763674007264, 1763674016599, 9335
pause-pod-4-34, 1763674007270, 1763674016653, 9383
pause-pod-4-35, 1763674007275, 1763674016708, 9433
pause-pod-4-36, 1763674007278, 1763674016762, 9484
pause-pod-4-37, 1763674007286, 1763674016816, 9530
pause-pod-4-38, 1763674007297, 1763674016871, 9574
pause-pod-4-39, 1763674007300, 1763674016926, 9626
pause-pod-4-40, 1763674007303, 1763674016981, 9678
pause-pod-4-41, 1763674007312, 1763674017036, 9724
pause-pod-4-42, 1763674007315, 1763674017089, 9774
pause-pod-4-43, 1763674007327, 1763674017144, 9817
pause-pod-4-44, 1763674007333, 1763674017198, 9865
pause-pod-4-45, 1763674007349, 1763674017252, 9903
pause-pod-4-46, 1763674007354, 1763674017306, 9952
pause-pod-4-47, 1763674007358, 1763674017361, 10003
pause-pod-4-48, 1763674007365, 1763674017416, 10051
pause-pod-4-49, 1763674007369, 1763674017471, 10102
pause-pod-4-50, 1763674007374, 1763674017526, 10152
pause-pod-5-1, 1763674095484, 1763674098486, 3002
pause-pod-5-2, 1763674095486, 1763674101196, 5710
pause-pod-5-3, 1763674095488, 1763674101251, 5763
pause-pod-5-4, 1763674095490, 1763674101305, 5815
pause-pod-5-5, 1763674095492, 1763674101518, 6026
pause-pod-5-6, 1763674095494, 1763674101572, 6078
pause-pod-5-7, 1763674095496, 1763674101628, 6132
pause-pod-5-8, 1763674095499, 1763674101686, 6187
pause-pod-5-9, 1763674095501, 1763674102209, 6708
pause-pod-5-10, 1763674095504, 1763674102282, 6778
pause-pod-5-11, 1763674095506, 1763674102638, 7132
pause-pod-5-12, 1763674095509, 1763674102694, 7185
pause-pod-5-13, 1763674095512, 1763674102750, 7238
pause-pod-5-14, 1763674095519, 1763674102804, 7285
pause-pod-5-15, 1763674095524, 1763674102859, 7335
pause-pod-5-16, 1763674095527, 1763674102914, 7387
pause-pod-5-17, 1763674095531, 1763674102969, 7438
pause-pod-5-18, 1763674095541, 1763674103023, 7482
pause-pod-5-19, 1763674095546, 1763674103077, 7531
pause-pod-5-20, 1763674095549, 1763674103130, 7581
pause-pod-5-21, 1763674095565, 1763674103186, 7621
pause-pod-5-22, 1763674095575, 1763674103240, 7665
pause-pod-5-23, 1763674095581, 1763674103294, 7713
pause-pod-5-24, 1763674095584, 1763674103348, 7764
pause-pod-5-25, 1763674095598, 1763674103402, 7804
pause-pod-5-26, 1763674095606, 1763674103456, 7850
pause-pod-5-27, 1763674095626, 1763674103509, 7883
pause-pod-5-28, 1763674095632, 1763674103562, 7930
pause-pod-5-29, 1763674095639, 1763674103615, 7976
pause-pod-5-30, 1763674095653, 1763674103669, 8016
pause-pod-5-31, 1763674095658, 1763674103722, 8064
pause-pod-5-32, 1763674095667, 1763674103776, 8109
pause-pod-5-33, 1763674095673, 1763674103829, 8156
pause-pod-5-34, 1763674095695, 1763674103883, 8188
pause-pod-5-35, 1763674095707, 1763674103936, 8229
pause-pod-5-36, 1763674095712, 1763674103989, 8277
pause-pod-5-37, 1763674095717, 1763674104042, 8325
pause-pod-5-38, 1763674095721, 1763674104095, 8374
pause-pod-5-39, 1763674095726, 1763674104148, 8422
pause-pod-5-40, 1763674095730, 1763674104200, 8470
pause-pod-5-41, 1763674095737, 1763674104254, 8517
pause-pod-5-42, 1763674095741, 1763674104307, 8566
pause-pod-5-43, 1763674095756, 1763674104361, 8605
pause-pod-5-44, 1763674095759, 1763674104415, 8656
pause-pod-5-45, 1763674095765, 1763674104469, 8704
pause-pod-5-46, 1763674095772, 1763674104522, 8750
pause-pod-5-47, 1763674095779, 1763674104575, 8796
pause-pod-5-48, 1763674095783, 1763674104628, 8845
pause-pod-5-49, 1763674095787, 1763674104681, 8894
pause-pod-5-50, 1763674095801, 1763674104736, 8935
pause-pod-6-1, 1763674182807, 1763674186452, 3645
pause-pod-6-2, 1763674182809, 1763674190624, 7815
pause-pod-6-3, 1763674182811, 1763674190680, 7869
pause-pod-6-4, 1763674182813, 1763674190732, 7919
pause-pod-6-5, 1763674182815, 1763674190785, 7970
pause-pod-6-6, 1763674182817, 1763674190837, 8020
pause-pod-6-7, 1763674182820, 1763674190891, 8071
pause-pod-6-8, 1763674182822, 1763674190945, 8123
pause-pod-6-9, 1763674182824, 1763674190997, 8173
pause-pod-6-10, 1763674182827, 1763674191049, 8222
pause-pod-6-11, 1763674182829, 1763674191101, 8272
pause-pod-6-12, 1763674182832, 1763674191153, 8321
pause-pod-6-13, 1763674182835, 1763674191206, 8371
pause-pod-6-14, 1763674182838, 1763674191259, 8421
pause-pod-6-15, 1763674182842, 1763674191313, 8471
pause-pod-6-16, 1763674182845, 1763674191366, 8521
pause-pod-6-17, 1763674182848, 1763674191418, 8570
pause-pod-6-18, 1763674182861, 1763674191470, 8609
pause-pod-6-19, 1763674182866, 1763674191522, 8656
pause-pod-6-20, 1763674182884, 1763674191575, 8691
pause-pod-6-21, 1763674182923, 1763674191628, 8705
pause-pod-6-22, 1763674182931, 1763674191680, 8749
pause-pod-6-23, 1763674182935, 1763674191732, 8797
pause-pod-6-24, 1763674182939, 1763674191785, 8846
pause-pod-6-25, 1763674182945, 1763674191838, 8893
pause-pod-6-26, 1763674182951, 1763674191893, 8942
pause-pod-6-27, 1763674182959, 1763674191947, 8988
pause-pod-6-28, 1763674182966, 1763674192000, 9034
pause-pod-6-29, 1763674182970, 1763674192052, 9082
pause-pod-6-30, 1763674182974, 1763674192105, 9131
pause-pod-6-31, 1763674182980, 1763674192157, 9177
pause-pod-6-32, 1763674182983, 1763674192210, 9227
pause-pod-6-33, 1763674182989, 1763674192262, 9273
pause-pod-6-34, 1763674182996, 1763674192315, 9319
pause-pod-6-35, 1763674182999, 1763674192367, 9368
pause-pod-6-36, 1763674183009, 1763674192419, 9410
pause-pod-6-37, 1763674183016, 1763674192472, 9456
pause-pod-6-38, 1763674183048, 1763674192524, 9476
pause-pod-6-39, 1763674183052, 1763674192576, 9524
pause-pod-6-40, 1763674183056, 1763674192628, 9572
pause-pod-6-41, 1763674183062, 1763674192681, 9619
pause-pod-6-42, 1763674183071, 1763674192733, 9662
pause-pod-6-43, 1763674183093, 1763674192785, 9692
pause-pod-6-44, 1763674183100, 1763674192837, 9737
pause-pod-6-45, 1763674183104, 1763674192892, 9788
pause-pod-6-46, 1763674183127, 1763674192945, 9818
pause-pod-6-47, 1763674183131, 1763674192998, 9867
pause-pod-6-48, 1763674183133, 1763674193051, 9918
pause-pod-6-49, 1763674183138, 1763674193103, 9965
pause-pod-6-50, 1763674183142, 1763674193155, 10013
