Pod Name, Delete Start Timestamp, Deleted Confirmed Timestamp, Delete Latency (milliseconds)
pause-pod-1-1, 1763674980204, 1763675002146, 21942
pause-pod-1-2, 1763674980206, 1763675002202, 21996
pause-pod-1-3, 1763674980208, 1763675002257, 22049
pause-pod-1-4, 1763674980209, 1763675002313, 22104
pause-pod-1-5, 1763674980211, 1763675002367, 22156
pause-pod-1-6, 1763674980213, 1763675002423, 22210
pause-pod-1-7, 1763674980215, 1763675002478, 22263
pause-pod-1-8, 1763674980217, 1763675002532, 22315
pause-pod-1-9, 1763674980219, 1763675002859, 22640
pause-pod-1-10, 1763674980221, 1763675002917, 22696
pause-pod-1-11, 1763674980224, 1763675002972, 22748
pause-pod-1-12, 1763674980226, 1763675003026, 22800
pause-pod-1-13, 1763674980229, 1763675003081, 22852
pause-pod-1-14, 1763674980232, 1763675003136, 22904
pause-pod-1-15, 1763674980236, 1763675003190, 22954
pause-pod-1-16, 1763674980239, 1763675003246, 23007
pause-pod-1-17, 1763674980243, 1763675003301, 23058
pause-pod-1-18, 1763674980246, 1763675003357, 23111
pause-pod-1-19, 1763674980249, 1763675003413, 23164
pause-pod-1-20, 1763674980252, 1763675003468, 23216
pause-pod-1-21, 1763674980265, 1763675003523, 23258
pause-pod-1-22, 1763674980270, 1763675003578, 23308
pause-pod-1-23, 1763674980285, 1763675003632, 23347
pause-pod-1-24, 1763674980305, 1763675003687, 23382
pause-pod-1-25, 1763674980328, 1763675003741, 23413
pause-pod-1-26, 1763674980365, 1763675003796, 23431
pause-pod-1-27, 1763674980376, 1763675003850, 23474
pause-pod-1-28, 1763674980381, 1763675003905, 23524
pause-pod-1-29, 1763674980391, 1763675003960, 23569
pause-pod-1-30, 1763674980398, 1763675004014, 23616
pause-pod-1-31, 1763674980402, 1763675004068, 23666
pause-pod-1-32, 1763674980412, 1763675004123, 23711
pause-pod-1-33, 1763674980417, 1763675004178, 23761
pause-pod-1-34, 1763674980421, 1763675004233, 23812
pause-pod-1-35, 1763674980426, 1763675004288, 23862
pause-pod-1-36, 1763674980431, 1763675004344, 23913
pause-pod-1-37, 1763674980435, 1763675004399, 23964
pause-pod-1-38, 1763674980439, 1763675004454, 24015
pause-pod-1-39, 1763674980445, 1763675004508, 24063
pause-pod-1-40, 1763674980448, 1763675004563, 24115
pause-pod-1-41, 1763674980452, 1763675004618, 24166
pause-pod-1-42, 1763674980458, 1763675004673, 24215
pause-pod-1-43, 1763674980466, 1763675004727, 24261
pause-pod-1-44, 1763674980475, 1763675004783, 24308
pause-pod-1-45, 1763674980479, 1763675004839, 24360
pause-pod-1-46, 1763674980488, 1763675004894, 24406
pause-pod-1-47, 1763674980493, 1763675004950, 24457
pause-pod-1-48, 1763674980499, 1763675005005, 24506
pause-pod-1-49, 1763674980533, 1763675005060, 24527
pause-pod-1-50, 1763674980542, 1763675005115, 24573
pause-pod-1-51, 1763674980545, 1763675005170, 24625
pause-pod-1-52, 1763674980553, 1763675005225, 24672
pause-pod-1-53, 1763674980558, 1763675005280, 24722
pause-pod-1-54, 1763674980580, 1763675005336, 24756
pause-pod-1-55, 1763674980584, 1763675005391, 24807
pause-pod-1-56, 1763674980590, 1763675005447, 24857
pause-pod-1-57, 1763674980599, 1763675005503, 24904
pause-pod-1-58, 1763674980605, 1763675005557, 24952
pause-pod-1-59, 1763674980609, 1763675005612, 25003
pause-pod-1-60, 1763674980632, 1763675005667, 25035
pause-pod-1-61, 1763674980637, 1763675005723, 25086
pause-pod-1-62, 1763674980641, 1763675005778, 25137
pause-pod-1-63, 1763674980649, 1763675005832, 25183
pause-pod-1-64, 1763674980654, 1763675005886, 25232
pause-pod-1-65, 1763674980657, 1763675005942, 25285
pause-pod-1-66, 1763674980687, 1763675005996, 25309
pause-pod-1-67, 1763674980699, 1763675006051, 25352
pause-pod-1-68, 1763674980706, 1763675006105, 25399
pause-pod-1-69, 1763674980712, 1763675006160, 25448
pause-pod-1-70, 1763674980718, 1763675006215, 25497
pause-pod-1-71, 1763674980722, 1763675006270, 25548
pause-pod-1-72, 1763674980729, 1763675006324, 25595
pause-pod-1-73, 1763674980740, 1763675023906, 43166
pause-pod-1-74, 1763674980744, 1763675023960, 43216
pause-pod-1-75, 1763674980751, 1763675024015, 43264
pause-pod-1-76, 1763674980757, 1763675024069, 43312
pause-pod-1-77, 1763674980763, 1763675024124, 43361
pause-pod-1-78, 1763674980779, 1763675024178, 43399
pause-pod-1-79, 1763674980784, 1763675024232, 43448
pause-pod-1-80, 1763674980788, 1763675024286, 43498
pause-pod-1-81, 1763674980794, 1763675024340, 43546
pause-pod-1-82, 1763674980828, 1763675024395, 43567
pause-pod-1-83, 1763674980840, 1763675024449, 43609
pause-pod-1-84, 1763674980847, 1763675024502, 43655
pause-pod-1-85, 1763674980854, 1763675024556, 43702
pause-pod-1-86, 1763674980859, 1763675024610, 43751
pause-pod-1-87, 1763674980864, 1763675024665, 43801
pause-pod-1-88, 1763674980871, 1763675024719, 43848
pause-pod-1-89, 1763674980880, 1763675024773, 43893
pause-pod-1-90, 1763674980891, 1763675024828, 43937
pause-pod-1-91, 1763674980895, 1763675024883, 43988
pause-pod-1-92, 1763674980914, 1763675024938, 44024
pause-pod-1-93, 1763674980919, 1763675024995, 44076
pause-pod-1-94, 1763674980923, 1763675025050, 44127
pause-pod-1-95, 1763674980926, 1763675025104, 44178
pause-pod-1-96, 1763674980958, 1763675025159, 44201
pause-pod-1-97, 1763674980963, 1763675025213, 44250
pause-pod-1-98, 1763674980968, 1763675025267, 44299
pause-pod-1-99, 1763674980980, 1763675025321, 44341
pause-pod-1-100, 1763674980986, 1763675025375, 44389
pause-pod-1-101, 1763674980991, 1763675025429, 44438
pause-pod-1-102, 1763674980999, 1763675025482, 44483
pause-pod-1-103, 1763674981003, 1763675025537, 44534
pause-pod-1-104, 1763674981008, 1763675025595, 44587
pause-pod-1-105, 1763674981015, 1763675025649, 44634
pause-pod-1-106, 1763674981019, 1763675025704, 44685
pause-pod-1-107, 1763674981026, 1763675025758, 44732
pause-pod-1-108, 1763674981035, 1763675025813, 44778
pause-pod-1-109, 1763674981041, 1763675025869, 44828
pause-pod-1-110, 1763674981059, 1763675025923, 44864
pause-pod-1-111, 1763674981064, 1763675025978, 44914
pause-pod-1-112, 1763674981074, 1763675026032, 44958
pause-pod-1-113, 1763674981097, 1763675026088, 44991
pause-pod-1-114, 1763674981103, 1763675026143, 45040
pause-pod-1-115, 1763674981111, 1763675026198, 45087
pause-pod-1-116, 1763674981117, 1763675026252, 45135
pause-pod-1-117, 1763674981121, 1763675026307, 45186
pause-pod-1-118, 1763674981131, 1763675026361, 45230
pause-pod-1-119, 1763674981145, 1763675026415, 45270
pause-pod-1-120, 1763674981149, 1763675026469, 45320
pause-pod-1-121, 1763674981155, 1763675026524, 45369
pause-pod-1-122, 1763674981159, 1763675026579, 45420
pause-pod-1-123, 1763674981168, 1763675026633, 45465
pause-pod-1-124, 1763674981180, 1763675026687, 45507
pause-pod-1-125, 1763674981188, 1763675026742, 45554
pause-pod-1-126, 1763674981196, 1763675026797, 45601
pause-pod-1-127, 1763674981200, 1763675026852, 45652
pause-pod-1-128, 1763674981204, 1763675026907, 45703
pause-pod-1-129, 1763674981210, 1763675026962, 45752
pause-pod-1-130, 1763674981216, 1763675027017, 45801
pause-pod-1-131, 1763674981223, 1763675027071, 45848
pause-pod-1-132, 1763674981235, 1763675027125, 45890
pause-pod-1-133, 1763674981265, 1763675027180, 45915
pause-pod-1-134, 1763674981285, 1763675027234, 45949
pause-pod-1-135, 1763674981300, 1763675027290, 45990
pause-pod-1-136, 1763674981306, 1763675027343, 46037
pause-pod-1-137, 1763674981309, 1763675027397, 46088
pause-pod-1-138, 1763674981313, 1763675027452, 46139
pause-pod-1-139, 1763674981318, 1763675027506, 46188
pause-pod-1-140, 1763674981323, 1763675027561, 46238
pause-pod-1-141, 1763674981327, 1763675027615, 46288
pause-pod-1-142, 1763674981333, 1763675027669, 46336
pause-pod-1-143, 1763674981343, 1763675027723, 46380
pause-pod-1-144, 1763674981347, 1763675027778, 46431
pause-pod-1-145, 1763674981350, 1763675027832, 46482
pause-pod-1-146, 1763674981354, 1763675027887, 46533
pause-pod-1-147, 1763674981359, 1763675027942, 46583
pause-pod-1-148, 1763674981371, 1763675027996, 46625
pause-pod-1-149, 1763674981384, 1763675028051, 46667
pause-pod-1-150, 1763674981404, 1763675028105, 46701
pause-pod-2-1, 1763675141408, 1763675143912, 2504
pause-pod-2-2, 1763675141410, 1763675147523, 6113
pause-pod-2-3, 1763675141412, 1763675161115, 19703
pause-pod-2-4, 1763675141414, 1763675161172, 19758
pause-pod-2-5, 1763675141416, 1763675161227, 19811
pause-pod-2-6, 1763675141419, 1763675163663, 22244
pause-pod-2-7, 1763675141421, 1763675163722, 22301
pause-pod-2-8, 1763675141424, 1763675163779, 22355
pause-pod-2-9, 1763675141427, 1763675163834, 22407
pause-pod-2-10, 1763675141429, 1763675163892, 22463
pause-pod-2-11, 1763675141432, 1763675163947, 22515
pause-pod-2-12, 1763675141435, 1763675164002, 22567
pause-pod-2-13, 1763675141439, 1763675164057, 22618
pause-pod-2-14, 1763675141442, 1763675164112, 22670
pause-pod-2-15, 1763675141445, 1763675164168, 22723
pause-pod-2-16, 1763675141460, 1763675164223, 22763
pause-pod-2-17, 1763675141463, 1763675164278, 22815
pause-pod-2-18, 1763675141472, 1763675164331, 22859
pause-pod-2-19, 1763675141477, 1763675164387, 22910
pause-pod-2-20, 1763675141482, 1763675164442, 22960
pause-pod-2-21, 1763675141486, 1763675164497, 23011
pause-pod-2-22, 1763675141491, 1763675164552, 23061
pause-pod-2-23, 1763675141498, 1763675164606, 23108
pause-pod-2-24, 1763675141511, 1763675164665, 23154
pause-pod-2-25, 1763675141517, 1763675164720, 23203
pause-pod-2-26, 1763675141521, 1763675164776, 23255
pause-pod-2-27, 1763675141525, 1763675164832, 23307
pause-pod-2-28, 1763675141528, 1763675164887, 23359
pause-pod-2-29, 1763675141551, 1763675164942, 23391
pause-pod-2-30, 1763675141574, 1763675164998, 23424
pause-pod-2-31, 1763675141581, 1763675165054, 23473
pause-pod-2-32, 1763675141593, 1763675165109, 23516
pause-pod-2-33, 1763675141603, 1763675165163, 23560
pause-pod-2-34, 1763675141606, 1763675165217, 23611
pause-pod-2-35, 1763675141610, 1763675165272, 23662
pause-pod-2-36, 1763675141615, 1763675165328, 23713
pause-pod-2-37, 1763675141626, 1763675165385, 23759
pause-pod-2-38, 1763675141630, 1763675165440, 23810
pause-pod-2-39, 1763675141635, 1763675165496, 23861
pause-pod-2-40, 1763675141647, 1763675165551, 23904
pause-pod-2-41, 1763675141669, 1763675165606, 23937
pause-pod-2-42, 1763675141676, 1763675165662, 23986
pause-pod-2-43, 1763675141687, 1763675165719, 24032
pause-pod-2-44, 1763675141697, 1763675165775, 24078
pause-pod-2-45, 1763675141708, 1763675165831, 24123
pause-pod-2-46, 1763675141713, 1763675165887, 24174
pause-pod-2-47, 1763675141718, 1763675165942, 24224
pause-pod-2-48, 1763675141723, 1763675165997, 24274
pause-pod-2-49, 1763675141727, 1763675166052, 24325
pause-pod-2-50, 1763675141732, 1763675166108, 24376
pause-pod-2-51, 1763675141738, 1763675166163, 24425
pause-pod-2-52, 1763675141742, 1763675166218, 24476
pause-pod-2-53, 1763675141746, 1763675166273, 24527
pause-pod-2-54, 1763675141749, 1763675166328, 24579
pause-pod-2-55, 1763675141766, 1763675166383, 24617
pause-pod-2-56, 1763675141779, 1763675166438, 24659
pause-pod-2-57, 1763675141790, 1763675166494, 24704
pause-pod-2-58, 1763675141797, 1763675166549, 24752
pause-pod-2-59, 1763675141804, 1763675166604, 24800
pause-pod-2-60, 1763675141807, 1763675166658, 24851
pause-pod-2-61, 1763675141823, 1763675166712, 24889
pause-pod-2-62, 1763675141832, 1763675166767, 24935
pause-pod-2-63, 1763675141838, 1763675166822, 24984
pause-pod-2-64, 1763675141845, 1763675166877, 25032
pause-pod-2-65, 1763675141849, 1763675166932, 25083
pause-pod-2-66, 1763675141854, 1763675166987, 25133
pause-pod-2-67, 1763675141863, 1763675167043, 25180
pause-pod-2-68, 1763675141889, 1763675167099, 25210
pause-pod-2-69, 1763675141896, 1763675167154, 25258
pause-pod-2-70, 1763675141902, 1763675167209, 25307
pause-pod-2-71, 1763675141905, 1763675167264, 25359
pause-pod-2-72, 1763675141913, 1763675167319, 25406
pause-pod-2-73, 1763675141917, 1763675167375, 25458
pause-pod-2-74, 1763675141926, 1763675167430, 25504
pause-pod-2-75, 1763675141940, 1763675167485, 25545
pause-pod-2-76, 1763675141960, 1763675167540, 25580
pause-pod-2-77, 1763675141970, 1763675167595, 25625
pause-pod-2-78, 1763675141976, 1763675167649, 25673
pause-pod-2-79, 1763675141983, 1763675167704, 25721
pause-pod-2-80, 1763675141991, 1763675167759, 25768
pause-pod-2-81, 1763675142004, 1763675167814, 25810
pause-pod-2-82, 1763675142017, 1763675167869, 25852
pause-pod-2-83, 1763675142021, 1763675167925, 25904
pause-pod-2-84, 1763675142026, 1763675167981, 25955
pause-pod-2-85, 1763675142029, 1763675168036, 26007
pause-pod-2-86, 1763675142044, 1763675168092, 26048
pause-pod-2-87, 1763675142048, 1763675168147, 26099
pause-pod-2-88, 1763675142056, 1763675168202, 26146
pause-pod-2-89, 1763675142061, 1763675168257, 26196
pause-pod-2-90, 1763675142064, 1763675168313, 26249
pause-pod-2-91, 1763675142073, 1763675168368, 26295
pause-pod-2-92, 1763675142078, 1763675168423, 26345
pause-pod-2-93, 1763675142086, 1763675168479, 26393
pause-pod-2-94, 1763675142090, 1763675168533, 26443
pause-pod-2-95, 1763675142096, 1763675168588, 26492
pause-pod-2-96, 1763675142103, 1763675168643, 26540
pause-pod-2-97, 1763675142113, 1763675168697, 26584
pause-pod-2-98, 1763675142121, 1763675168752, 26631
pause-pod-2-99, 1763675142130, 1763675168807, 26677
pause-pod-2-100, 1763675142142, 1763675168862, 26720
pause-pod-2-101, 1763675142148, 1763675168917, 26769
pause-pod-2-102, 1763675142152, 1763675168979, 26827
pause-pod-2-103, 1763675142163, 1763675169034, 26871
pause-pod-2-104, 1763675142182, 1763675169089, 26907
pause-pod-2-105, 1763675142185, 1763675169144, 26959
pause-pod-2-106, 1763675142190, 1763675169199, 27009
pause-pod-2-107, 1763675142221, 1763675169255, 27034
pause-pod-2-108, 1763675142227, 1763675169310, 27083
pause-pod-2-109, 1763675142233, 1763675169365, 27132
pause-pod-2-110, 1763675142244, 1763675169420, 27176
pause-pod-2-111, 1763675142249, 1763675169475, 27226
pause-pod-2-112, 1763675142253, 1763675169529, 27276
pause-pod-2-113, 1763675142256, 1763675169585, 27329
pause-pod-2-114, 1763675142278, 1763675169640, 27362
pause-pod-2-115, 1763675142282, 1763675169695, 27413
pause-pod-2-116, 1763675142287, 1763675169751, 27464
pause-pod-2-117, 1763675142291, 1763675169806, 27515
pause-pod-2-118, 1763675142294, 1763675169861, 27567
pause-pod-2-119, 1763675142298, 1763675169915, 27617
pause-pod-2-120, 1763675142303, 1763675169971, 27668
pause-pod-2-121, 1763675142309, 1763675170026, 27717
pause-pod-2-122, 1763675142320, 1763675170081, 27761
pause-pod-2-123, 1763675142325, 1763675170135, 27810
pause-pod-2-124, 1763675142334, 1763675170190, 27856
pause-pod-2-125, 1763675142343, 1763675170244, 27901
pause-pod-2-126, 1763675142347, 1763675170299, 27952
pause-pod-2-127, 1763675142350, 1763675170354, 28004
pause-pod-2-128, 1763675142381, 1763675170410, 28029
pause-pod-2-129, 1763675142386, 1763675170464, 28078
pause-pod-2-130, 1763675142389, 1763675170519, 28130
pause-pod-2-131, 1763675142414, 1763675170574, 28160
pause-pod-2-132, 1763675142420, 1763675170629, 28209
pause-pod-2-133, 1763675142431, 1763675170685, 28254
pause-pod-2-134, 1763675142437, 1763675170740, 28303
pause-pod-2-135, 1763675142447, 1763675170795, 28348
pause-pod-2-136, 1763675142452, 1763675170850, 28398
pause-pod-2-137, 1763675142460, 1763675170904, 28444
pause-pod-2-138, 1763675142468, 1763675170959, 28491
pause-pod-2-139, 1763675142472, 1763675171014, 28542
pause-pod-2-140, 1763675142482, 1763675171070, 28588
pause-pod-2-141, 1763675142487, 1763675171126, 28639
pause-pod-2-142, 1763675142492, 1763675171180, 28688
pause-pod-2-143, 1763675142499, 1763675171236, 28737
pause-pod-2-144, 1763675142506, 1763675171291, 28785
pause-pod-2-145, 1763675142510, 1763675171346, 28836
pause-pod-2-146, 1763675142529, 1763675171402, 28873
pause-pod-2-147, 1763675142533, 1763675171457, 28924
pause-pod-2-148, 1763675142536, 1763675171512, 28976
pause-pod-2-149, 1763675142566, 1763675171568, 29002
pause-pod-2-150, 1763675142572, 1763675171623, 29051
pause-pod-3-1, 1763675284682, 1763675294609, 9927
pause-pod-3-2, 1763675284683, 1763675303581, 18898
pause-pod-3-3, 1763675284685, 1763675303637, 18952
pause-pod-3-4, 1763675284687, 1763675303694, 19007
pause-pod-3-5, 1763675284689, 1763675303751, 19062
pause-pod-3-6, 1763675284690, 1763675303805, 19115
pause-pod-3-7, 1763675284692, 1763675303858, 19166
pause-pod-3-8, 1763675284695, 1763675303914, 19219
pause-pod-3-9, 1763675284697, 1763675303970, 19273
pause-pod-3-10, 1763675284699, 1763675304024, 19325
pause-pod-3-11, 1763675284702, 1763675304078, 19376
pause-pod-3-12, 1763675284704, 1763675304132, 19428
pause-pod-3-13, 1763675284708, 1763675304187, 19479
pause-pod-3-14, 1763675284713, 1763675304243, 19530
pause-pod-3-15, 1763675284715, 1763675304298, 19583
pause-pod-3-16, 1763675284725, 1763675304356, 19631
pause-pod-3-17, 1763675284731, 1763675304414, 19683
pause-pod-3-18, 1763675284739, 1763675304470, 19731
pause-pod-3-19, 1763675284746, 1763675304524, 19778
pause-pod-3-20, 1763675284757, 1763675304578, 19821
pause-pod-3-21, 1763675284760, 1763675304633, 19873
pause-pod-3-22, 1763675284768, 1763675304689, 19921
pause-pod-3-23, 1763675284793, 1763675304745, 19952
pause-pod-3-24, 1763675284808, 1763675304799, 19991
pause-pod-3-25, 1763675284813, 1763675304853, 20040
pause-pod-3-26, 1763675284825, 1763675304909, 20084
pause-pod-3-27, 1763675284829, 1763675304963, 20134
pause-pod-3-28, 1763675284833, 1763675305017, 20184
pause-pod-3-29, 1763675284847, 1763675305071, 20224
pause-pod-3-30, 1763675284874, 1763675305125, 20251
pause-pod-3-31, 1763675284878, 1763675305179, 20301
pause-pod-3-32, 1763675284887, 1763675307359, 22472
pause-pod-3-33, 1763675284892, 1763675307415, 22523
pause-pod-3-34, 1763675284895, 1763675307469, 22574
pause-pod-3-35, 1763675284899, 1763675307523, 22624
pause-pod-3-36, 1763675284903, 1763675307577, 22674
pause-pod-3-37, 1763675284910, 1763675307631, 22721
pause-pod-3-38, 1763675284914, 1763675307685, 22771
pause-pod-3-39, 1763675284924, 1763675307739, 22815
pause-pod-3-40, 1763675284927, 1763675307793, 22866
pause-pod-3-41, 1763675284931, 1763675307848, 22917
pause-pod-3-42, 1763675284944, 1763675307903, 22959
pause-pod-3-43, 1763675284950, 1763675307957, 23007
pause-pod-3-44, 1763675284954, 1763675308011, 23057
pause-pod-3-45, 1763675284961, 1763675308065, 23104
pause-pod-3-46, 1763675284965, 1763675308119, 23154
pause-pod-3-47, 1763675284969, 1763675308173, 23204
pause-pod-3-48, 1763675284979, 1763675308227, 23248
pause-pod-3-49, 1763675284982, 1763675308282, 23300
pause-pod-3-50, 1763675284988, 1763675308337, 23349
pause-pod-3-51, 1763675285001, 1763675308391, 23390
pause-pod-3-52, 1763675285005, 1763675308446, 23441
pause-pod-3-53, 1763675285023, 1763675308499, 23476
pause-pod-3-54, 1763675285034, 1763675308553, 23519
pause-pod-3-55, 1763675285056, 1763675308608, 23552
pause-pod-3-56, 1763675285076, 1763675308661, 23585
pause-pod-3-57, 1763675285081, 1763675308715, 23634
pause-pod-3-58, 1763675285088, 1763675308769, 23681
pause-pod-3-59, 1763675285096, 1763675308824, 23728
pause-pod-3-60, 1763675285100, 1763675308878, 23778
pause-pod-3-61, 1763675285103, 1763675308933, 23830
pause-pod-3-62, 1763675285111, 1763675308988, 23877
pause-pod-3-63, 1763675285116, 1763675309043, 23927
pause-pod-3-64, 1763675285131, 1763675309096, 23965
pause-pod-3-65, 1763675285136, 1763675309151, 24015
pause-pod-3-66, 1763675285147, 1763675309204, 24057
pause-pod-3-67, 1763675285154, 1763675309259, 24105
pause-pod-3-68, 1763675285158, 1763675309314, 24156
pause-pod-3-69, 1763675285168, 1763675309368, 24200
pause-pod-3-70, 1763675285173, 1763675309422, 24249
pause-pod-3-71, 1763675285177, 1763675309476, 24299
pause-pod-3-72, 1763675285187, 1763675309530, 24343
pause-pod-3-73, 1763675285197, 1763675309586, 24389
pause-pod-3-74, 1763675285201, 1763675309641, 24440
pause-pod-3-75, 1763675285203, 1763675309695, 24492
pause-pod-3-76, 1763675285206, 1763675309750, 24544
pause-pod-3-77, 1763675285220, 1763675309804, 24584
pause-pod-3-78, 1763675285227, 1763675309857, 24630
pause-pod-3-79, 1763675285247, 1763675309912, 24665
pause-pod-3-80, 1763675285255, 1763675309967, 24712
pause-pod-3-81, 1763675285260, 1763675310021, 24761
pause-pod-3-82, 1763675285274, 1763675310074, 24800
pause-pod-3-83, 1763675285281, 1763675310129, 24848
pause-pod-3-84, 1763675285288, 1763675310183, 24895
pause-pod-3-85, 1763675285294, 1763675310238, 24944
pause-pod-3-86, 1763675285302, 1763675310292, 24990
pause-pod-3-87, 1763675285306, 1763675310346, 25040
pause-pod-3-88, 1763675285325, 1763675310401, 25076
pause-pod-3-89, 1763675285329, 1763675310456, 25127
pause-pod-3-90, 1763675285332, 1763675310509, 25177
pause-pod-3-91, 1763675285336, 1763675310563, 25227
pause-pod-3-92, 1763675285345, 1763675310616, 25271
pause-pod-3-93, 1763675285357, 1763675310671, 25314
pause-pod-3-94, 1763675285363, 1763675310725, 25362
pause-pod-3-95, 1763675285406, 1763675310779, 25373
pause-pod-3-96, 1763675285412, 1763675310833, 25421
pause-pod-3-97, 1763675285417, 1763675310886, 25469
pause-pod-3-98, 1763675285425, 1763675310940, 25515
pause-pod-3-99, 1763675285430, 1763675310995, 25565
pause-pod-3-100, 1763675285440, 1763675311049, 25609
pause-pod-3-101, 1763675285454, 1763675311103, 25649
pause-pod-3-102, 1763675285461, 1763675311157, 25696
pause-pod-3-103, 1763675285465, 1763675311210, 25745
pause-pod-3-104, 1763675285469, 1763675311265, 25796
pause-pod-3-105, 1763675285475, 1763675311320, 25845
pause-pod-3-106, 1763675285480, 1763675311374, 25894
pause-pod-3-107, 1763675285492, 1763675311427, 25935
pause-pod-3-108, 1763675285500, 1763675311480, 25980
pause-pod-3-109, 1763675285505, 1763675311534, 26029
pause-pod-3-110, 1763675285519, 1763675311589, 26070
pause-pod-3-111, 1763675285525, 1763675311643, 26118
pause-pod-3-112, 1763675285545, 1763675311697, 26152
pause-pod-3-113, 1763675285554, 1763675311751, 26197
pause-pod-3-114, 1763675285559, 1763675311805, 26246
pause-pod-3-115, 1763675285569, 1763675311859, 26290
pause-pod-3-116, 1763675285576, 1763675311913, 26337
pause-pod-3-117, 1763675285584, 1763675311966, 26382
pause-pod-3-118, 1763675285589, 1763675312020, 26431
pause-pod-3-119, 1763675285594, 1763675312073, 26479
pause-pod-3-120, 1763675285606, 1763675312126, 26520
pause-pod-3-121, 1763675285612, 1763675312180, 26568
pause-pod-3-122, 1763675285618, 1763675312235, 26617
pause-pod-3-123, 1763675285630, 1763675312289, 26659
pause-pod-3-124, 1763675285635, 1763675312344, 26709
pause-pod-3-125, 1763675285640, 1763675312399, 26759
pause-pod-3-126, 1763675285643, 1763675312453, 26810
pause-pod-3-127, 1763675285653, 1763675312506, 26853
pause-pod-3-128, 1763675285658, 1763675312560, 26902
pause-pod-3-129, 1763675285668, 1763675312614, 26946
pause-pod-3-130, 1763675285682, 1763675312666, 26984
pause-pod-3-131, 1763675285693, 1763675312720, 27027
pause-pod-3-132, 1763675285700, 1763675312774, 27074
pause-pod-3-133, 1763675285721, 1763675312828, 27107
pause-pod-3-134, 1763675285742, 1763675312882, 27140
pause-pod-3-135, 1763675285746, 1763675312937, 27191
pause-pod-3-136, 1763675285753, 1763675312991, 27238
pause-pod-3-137, 1763675285762, 1763675313046, 27284
pause-pod-3-138, 1763675285769, 1763675313100, 27331
pause-pod-3-139, 1763675285774, 1763675313154, 27380
pause-pod-3-140, 1763675285783, 1763675313208, 27425
pause-pod-3-141, 1763675285788, 1763675313262, 27474
pause-pod-3-142, 1763675285791, 1763675313317, 27526
pause-pod-3-143, 1763675285797, 1763675313371, 27574
pause-pod-3-144, 1763675285801, 1763675313426, 27625
pause-pod-3-145, 1763675285805, 1763675313480, 27675
pause-pod-3-146, 1763675285808, 1763675313534, 27726
pause-pod-3-147, 1763675285813, 1763675313588, 27775
pause-pod-3-148, 1763675285824, 1763675313642, 27818
pause-pod-3-149, 1763675285835, 1763675313695, 27860
pause-pod-3-150, 1763675285862, 1763675313750, 27888
pause-pod-4-1, 1763675426661, 1763675437231, 10570
pause-pod-4-2, 1763675426663, 1763675437286, 10623
pause-pod-4-3, 1763675426665, 1763675437339, 10674
pause-pod-4-4, 1763675426667, 1763675437391, 10724
pause-pod-4-5, 1763675426669, 1763675444349, 17680
pause-pod-4-6, 1763675426672, 1763675445541, 18869
pause-pod-4-7, 1763675426674, 1763675445595, 18921
pause-pod-4-8, 1763675426676, 1763675445647, 18971
pause-pod-4-9, 1763675426679, 1763675445699, 19020
pause-pod-4-10, 1763675426682, 1763675445755, 19073
pause-pod-4-11, 1763675426684, 1763675445807, 19123
pause-pod-4-12, 1763675426687, 1763675445861, 19174
pause-pod-4-13, 1763675426690, 1763675445913, 19223
pause-pod-4-14, 1763675426693, 1763675447179, 20486
pause-pod-4-15, 1763675426701, 1763675447233, 20532
pause-pod-4-16, 1763675426711, 1763675447288, 20577
pause-pod-4-17, 1763675426721, 1763675447341, 20620
pause-pod-4-18, 1763675426729, 1763675447396, 20667
pause-pod-4-19, 1763675426742, 1763675447452, 20710
pause-pod-4-20, 1763675426751, 1763675447506, 20755
pause-pod-4-21, 1763675426756, 1763675447558, 20802
pause-pod-4-22, 1763675426770, 1763675447611, 20841
pause-pod-4-23, 1763675426782, 1763675447663, 20881
pause-pod-4-24, 1763675426790, 1763675447715, 20925
pause-pod-4-25, 1763675426793, 1763675447767, 20974
pause-pod-4-26, 1763675426799, 1763675447819, 21020
pause-pod-4-27, 1763675426809, 1763675447870, 21061
pause-pod-4-28, 1763675426813, 1763675447922, 21109
pause-pod-4-29, 1763675426832, 1763675447974, 21142
pause-pod-4-30, 1763675426839, 1763675448026, 21187
pause-pod-4-31, 1763675426842, 1763675448077, 21235
pause-pod-4-32, 1763675426848, 1763675448129, 21281
pause-pod-4-33, 1763675426856, 1763675448185, 21329
pause-pod-4-34, 1763675426860, 1763675448239, 21379
pause-pod-4-35, 1763675426864, 1763675448290, 21426
pause-pod-4-36, 1763675426881, 1763675448343, 21462
pause-pod-4-37, 1763675426890, 1763675448396, 21506
pause-pod-4-38, 1763675426894, 1763675448451, 21557
pause-pod-4-39, 1763675426898, 1763675448505, 21607
pause-pod-4-40, 1763675426904, 1763675448557, 21653
pause-pod-4-41, 1763675426908, 1763675448609, 21701
pause-pod-4-42, 1763675426911, 1763675448661, 21750
pause-pod-4-43, 1763675426921, 1763675448712, 21791
pause-pod-4-44, 1763675426932, 1763675448764, 21832
pause-pod-4-45, 1763675426937, 1763675448816, 21879
pause-pod-4-46, 1763675426944, 1763675448867, 21923
pause-pod-4-47, 1763675426951, 1763675448918, 21967
pause-pod-4-48, 1763675426955, 1763675448986, 22031
pause-pod-4-49, 1763675426959, 1763675449039, 22080
pause-pod-4-50, 1763675426986, 1763675449090, 22104
pause-pod-4-51, 1763675426992, 1763675449145, 22153
pause-pod-4-52, 1763675426996, 1763675449199, 22203
pause-pod-4-53, 1763675427001, 1763675449250, 22249
pause-pod-4-54, 1763675427036, 1763675449302, 22266
pause-pod-4-55, 1763675427042, 1763675449353, 22311
pause-pod-4-56, 1763675427050, 1763675449407, 22357
pause-pod-4-57, 1763675427054, 1763675449461, 22407
pause-pod-4-58, 1763675427057, 1763675449514, 22457
pause-pod-4-59, 1763675427062, 1763675449566, 22504
pause-pod-4-60, 1763675427067, 1763675449617, 22550
pause-pod-4-61, 1763675427084, 1763675449668, 22584
pause-pod-4-62, 1763675427095, 1763675449719, 22624
pause-pod-4-63, 1763675427099, 1763675449770, 22671
pause-pod-4-64, 1763675427102, 1763675449821, 22719
pause-pod-4-65, 1763675427107, 1763675449873, 22766
pause-pod-4-66, 1763675427111, 1763675449926, 22815
pause-pod-4-67, 1763675427118, 1763675449978, 22860
pause-pod-4-68, 1763675427125, 1763675450031, 22906
pause-pod-4-69, 1763675427135, 1763675450082, 22947
pause-pod-4-70, 1763675427138, 1763675450133, 22995
pause-pod-4-71, 1763675427142, 1763675450184, 23042
pause-pod-4-72, 1763675427145, 1763675450235, 23090
pause-pod-4-73, 1763675427149, 1763675450286, 23137
pause-pod-4-74, 1763675427179, 1763675450338, 23159
pause-pod-4-75, 1763675427190, 1763675450391, 23201
pause-pod-4-76, 1763675427193, 1763675450444, 23251
pause-pod-4-77, 1763675427220, 1763675450497, 23277
pause-pod-4-78, 1763675427224, 1763675450550, 23326
pause-pod-4-79, 1763675427228, 1763675450603, 23375
pause-pod-4-80, 1763675427231, 1763675450656, 23425
pause-pod-4-81, 1763675427235, 1763675450707, 23472
pause-pod-4-82, 1763675427246, 1763675450759, 23513
pause-pod-4-83, 1763675427250, 1763675450811, 23561
pause-pod-4-84, 1763675427265, 1763675450863, 23598
pause-pod-4-85, 1763675427282, 1763675450914, 23632
pause-pod-4-86, 1763675427287, 1763675450967, 23680
pause-pod-4-87, 1763675427299, 1763675451018, 23719
pause-pod-4-88, 1763675427316, 1763675451069, 23753
pause-pod-4-89, 1763675427320, 1763675451119, 23799
pause-pod-4-90, 1763675427326, 1763675451170, 23844
pause-pod-4-91, 1763675427330, 1763675451222, 23892
pause-pod-4-92, 1763675427336, 1763675451274, 23938
pause-pod-4-93, 1763675427339, 1763675451325, 23986
pause-pod-4-94, 1763675427354, 1763675451379, 24025
pause-pod-4-95, 1763675427359, 1763675451432, 24073
pause-pod-4-96, 1763675427368, 1763675451485, 24117
pause-pod-4-97, 1763675427376, 1763675451538, 24162
pause-pod-4-98, 1763675427380, 1763675451590, 24210
pause-pod-4-99, 1763675427383, 1763675451642, 24259
pause-pod-4-100, 1763675427390, 1763675451693, 24303
pause-pod-4-101, 1763675427398, 1763675451744, 24346
pause-pod-4-102, 1763675427416, 1763675451796, 24380
pause-pod-4-103, 1763675427426, 1763675451848, 24422
pause-pod-4-104, 1763675427435, 1763675451900, 24465
pause-pod-4-105, 1763675427440, 1763675451952, 24512
pause-pod-4-106, 1763675427447, 1763675452004, 24557
pause-pod-4-107, 1763675427457, 1763675452056, 24599
pause-pod-4-108, 1763675427464, 1763675452107, 24643
pause-pod-4-109, 1763675427471, 1763675452159, 24688
pause-pod-4-110, 1763675427478, 1763675452212, 24734
pause-pod-4-111, 1763675427490, 1763675452264, 24774
pause-pod-4-112, 1763675427494, 1763675452316, 24822
pause-pod-4-113, 1763675427499, 1763675452368, 24869
pause-pod-4-114, 1763675427503, 1763675452422, 24919
pause-pod-4-115, 1763675427515, 1763675452476, 24961
pause-pod-4-116, 1763675427520, 1763675452528, 25008
pause-pod-4-117, 1763675427529, 1763675452581, 25052
pause-pod-4-118, 1763675427549, 1763675452633, 25084
pause-pod-4-119, 1763675427554, 1763675452685, 25131
pause-pod-4-120, 1763675427557, 1763675452738, 25181
pause-pod-4-121, 1763675427562, 1763675452791, 25229
pause-pod-4-122, 1763675427566, 1763675452844, 25278
pause-pod-4-123, 1763675427570, 1763675452898, 25328
pause-pod-4-124, 1763675427581, 1763675452951, 25370
pause-pod-4-125, 1763675427595, 1763675453003, 25408
pause-pod-4-126, 1763675427601, 1763675453056, 25455
pause-pod-4-127, 1763675427604, 1763675453108, 25504
pause-pod-4-128, 1763675427614, 1763675453160, 25546
pause-pod-4-129, 1763675427617, 1763675453213, 25596
pause-pod-4-130, 1763675427622, 1763675453265, 25643
pause-pod-4-131, 1763675427633, 1763675453316, 25683
pause-pod-4-132, 1763675427650, 1763675453369, 25719
pause-pod-4-133, 1763675427654, 1763675453424, 25770
pause-pod-4-134, 1763675427657, 1763675453478, 25821
pause-pod-4-135, 1763675427670, 1763675453531, 25861
pause-pod-4-136, 1763675427676, 1763675453582, 25906
pause-pod-4-137, 1763675427688, 1763675453634, 25946
pause-pod-4-138, 1763675427694, 1763675453686, 25992
pause-pod-4-139, 1763675427707, 1763675453738, 26031
pause-pod-4-140, 1763675427710, 1763675453790, 26080
pause-pod-4-141, 1763675427713, 1763675453841, 26128
pause-pod-4-142, 1763675427721, 1763675453893, 26172
pause-pod-4-143, 1763675427739, 1763675453945, 26206
pause-pod-4-144, 1763675427745, 1763675453997, 26252
pause-pod-4-145, 1763675427749, 1763675454049, 26300
pause-pod-4-146, 1763675427764, 1763675454100, 26336
pause-pod-4-147, 1763675427773, 1763675454151, 26378
pause-pod-4-148, 1763675427780, 1763675454203, 26423
pause-pod-4-149, 1763675427805, 1763675454254, 26449
pause-pod-4-150, 1763675427811, 1763675454306, 26495
pause-pod-5-1, 1763675573710, 1763675578785, 5075
pause-pod-5-2, 1763675573712, 1763675589301, 15589
pause-pod-5-3, 1763675573714, 1763675593319, 19605
pause-pod-5-4, 1763675573716, 1763675593374, 19658
pause-pod-5-5, 1763675573719, 1763675593430, 19711
pause-pod-5-6, 1763675573721, 1763675593482, 19761
pause-pod-5-7, 1763675573724, 1763675593534, 19810
pause-pod-5-8, 1763675573726, 1763675593588, 19862
pause-pod-5-9, 1763675573729, 1763675593643, 19914
pause-pod-5-10, 1763675573732, 1763675593694, 19962
pause-pod-5-11, 1763675573734, 1763675593746, 20012
pause-pod-5-12, 1763675573737, 1763675593797, 20060
pause-pod-5-13, 1763675573741, 1763675593849, 20108
pause-pod-5-14, 1763675573744, 1763675593903, 20159
pause-pod-5-15, 1763675573753, 1763675593959, 20206
pause-pod-5-16, 1763675573756, 1763675594011, 20255
pause-pod-5-17, 1763675573759, 1763675594064, 20305
pause-pod-5-18, 1763675573791, 1763675594119, 20328
pause-pod-5-19, 1763675573799, 1763675594172, 20373
pause-pod-5-20, 1763675573803, 1763675594223, 20420
pause-pod-5-21, 1763675573814, 1763675594273, 20459
pause-pod-5-22, 1763675573843, 1763675594325, 20482
pause-pod-5-23, 1763675573850, 1763675594378, 20528
pause-pod-5-24, 1763675573853, 1763675594431, 20578
pause-pod-5-25, 1763675573859, 1763675594484, 20625
pause-pod-5-26, 1763675573864, 1763675594536, 20672
pause-pod-5-27, 1763675573869, 1763675594587, 20718
pause-pod-5-28, 1763675573876, 1763675594640, 20764
pause-pod-5-29, 1763675573884, 1763675594691, 20807
pause-pod-5-30, 1763675573898, 1763675594741, 20843
pause-pod-5-31, 1763675573905, 1763675594792, 20887
pause-pod-5-32, 1763675573910, 1763675594844, 20934
pause-pod-5-33, 1763675573922, 1763675594899, 20977
pause-pod-5-34, 1763675573925, 1763675594954, 21029
pause-pod-5-35, 1763675573928, 1763675595008, 21080
pause-pod-5-36, 1763675573933, 1763675595918, 21985
pause-pod-5-37, 1763675573942, 1763675595971, 22029
pause-pod-5-38, 1763675573945, 1763675596024, 22079
pause-pod-5-39, 1763675573961, 1763675596075, 22114
pause-pod-5-40, 1763675573966, 1763675596129, 22163
pause-pod-5-41, 1763675573994, 1763675596182, 22188
pause-pod-5-42, 1763675573997, 1763675596233, 22236
pause-pod-5-43, 1763675574007, 1763675596285, 22278
pause-pod-5-44, 1763675574017, 1763675596336, 22319
pause-pod-5-45, 1763675574021, 1763675596388, 22367
pause-pod-5-46, 1763675574025, 1763675596441, 22416
pause-pod-5-47, 1763675574028, 1763675596494, 22466
pause-pod-5-48, 1763675574032, 1763675596546, 22514
pause-pod-5-49, 1763675574034, 1763675596597, 22563
pause-pod-5-50, 1763675574041, 1763675596648, 22607
pause-pod-5-51, 1763675574066, 1763675596699, 22633
pause-pod-5-52, 1763675574071, 1763675596751, 22680
pause-pod-5-53, 1763675574076, 1763675596802, 22726
pause-pod-5-54, 1763675574080, 1763675596853, 22773
pause-pod-5-55, 1763675574083, 1763675596906, 22823
pause-pod-5-56, 1763675574100, 1763675596957, 22857
pause-pod-5-57, 1763675574104, 1763675597006, 22902
pause-pod-5-58, 1763675574107, 1763675597056, 22949
pause-pod-5-59, 1763675574110, 1763675597108, 22998
pause-pod-5-60, 1763675574118, 1763675597158, 23040
pause-pod-5-61, 1763675574134, 1763675597208, 23074
pause-pod-5-62, 1763675574147, 1763675597259, 23112
pause-pod-5-63, 1763675574156, 1763675597310, 23154
pause-pod-5-64, 1763675574166, 1763675597361, 23195
pause-pod-5-65, 1763675574179, 1763675597415, 23236
pause-pod-5-66, 1763675574186, 1763675597467, 23281
pause-pod-5-67, 1763675574189, 1763675597518, 23329
pause-pod-5-68, 1763675574192, 1763675597568, 23376
pause-pod-5-69, 1763675574211, 1763675597619, 23408
pause-pod-5-70, 1763675574227, 1763675597669, 23442
pause-pod-5-71, 1763675574232, 1763675597719, 23487
pause-pod-5-72, 1763675574235, 1763675597770, 23535
pause-pod-5-73, 1763675574239, 1763675597821, 23582
pause-pod-5-74, 1763675574244, 1763675597871, 23627
pause-pod-5-75, 1763675574253, 1763675597923, 23670
pause-pod-5-76, 1763675574275, 1763675597975, 23700
pause-pod-5-77, 1763675574280, 1763675598024, 23744
pause-pod-5-78, 1763675574286, 1763675598074, 23788
pause-pod-5-79, 1763675574291, 1763675598124, 23833
pause-pod-5-80, 1763675574298, 1763675598175, 23877
pause-pod-5-81, 1763675574307, 1763675598225, 23918
pause-pod-5-82, 1763675574320, 1763675598276, 23956
pause-pod-5-83, 1763675574323, 1763675598326, 24003
pause-pod-5-84, 1763675574328, 1763675598379, 24051
pause-pod-5-85, 1763675574332, 1763675598431, 24099
pause-pod-5-86, 1763675574356, 1763675598484, 24128
pause-pod-5-87, 1763675574367, 1763675598536, 24169
pause-pod-5-88, 1763675574371, 1763675598588, 24217
pause-pod-5-89, 1763675574375, 1763675598639, 24264
pause-pod-5-90, 1763675574380, 1763675598689, 24309
pause-pod-5-91, 1763675574386, 1763675598740, 24354
pause-pod-5-92, 1763675574391, 1763675598791, 24400
pause-pod-5-93, 1763675574396, 1763675598841, 24445
pause-pod-5-94, 1763675574401, 1763675598891, 24490
pause-pod-5-95, 1763675574404, 1763675598945, 24541
pause-pod-5-96, 1763675574408, 1763675598995, 24587
pause-pod-5-97, 1763675574413, 1763675599046, 24633
pause-pod-5-98, 1763675574420, 1763675599095, 24675
pause-pod-5-99, 1763675574426, 1763675599145, 24719
pause-pod-5-100, 1763675574447, 1763675599195, 24748
pause-pod-5-101, 1763675574451, 1763675599246, 24795
pause-pod-5-102, 1763675574456, 1763675599297, 24841
pause-pod-5-103, 1763675574466, 1763675599347, 24881
pause-pod-5-104, 1763675574470, 1763675599400, 24930
pause-pod-5-105, 1763675574490, 1763675599453, 24963
pause-pod-5-106, 1763675574509, 1763675599503, 24994
pause-pod-5-107, 1763675574512, 1763675599554, 25042
pause-pod-5-108, 1763675574516, 1763675599605, 25089
pause-pod-5-109, 1763675574543, 1763675599657, 25114
pause-pod-5-110, 1763675574552, 1763675599708, 25156
pause-pod-5-111, 1763675574556, 1763675599759, 25203
pause-pod-5-112, 1763675574566, 1763675599811, 25245
pause-pod-5-113, 1763675574576, 1763675599863, 25287
pause-pod-5-114, 1763675574581, 1763675599914, 25333
pause-pod-5-115, 1763675574587, 1763675599965, 25378
pause-pod-5-116, 1763675574592, 1763675600016, 25424
pause-pod-5-117, 1763675574598, 1763675600067, 25469
pause-pod-5-118, 1763675574604, 1763675600118, 25514
pause-pod-5-119, 1763675574612, 1763675600169, 25557
pause-pod-5-120, 1763675574616, 1763675600219, 25603
pause-pod-5-121, 1763675574621, 1763675600270, 25649
pause-pod-5-122, 1763675574634, 1763675600321, 25687
pause-pod-5-123, 1763675574639, 1763675600374, 25735
pause-pod-5-124, 1763675574643, 1763675600427, 25784
pause-pod-5-125, 1763675574648, 1763675600478, 25830
pause-pod-5-126, 1763675574655, 1763675600528, 25873
pause-pod-5-127, 1763675574661, 1763675600579, 25918
pause-pod-5-128, 1763675574677, 1763675600631, 25954
pause-pod-5-129, 1763675574708, 1763675600683, 25975
pause-pod-5-130, 1763675574723, 1763675600733, 26010
pause-pod-5-131, 1763675574730, 1763675600784, 26054
pause-pod-5-132, 1763675574736, 1763675600835, 26099
pause-pod-5-133, 1763675574741, 1763675600886, 26145
pause-pod-5-134, 1763675574746, 1763675600938, 26192
pause-pod-5-135, 1763675574750, 1763675600989, 26239
pause-pod-5-136, 1763675574757, 1763675601041, 26284
pause-pod-5-137, 1763675574761, 1763675601092, 26331
pause-pod-5-138, 1763675574767, 1763675601143, 26376
pause-pod-5-139, 1763675574771, 1763675601193, 26422
pause-pod-5-140, 1763675574775, 1763675601244, 26469
pause-pod-5-141, 1763675574780, 1763675601294, 26514
pause-pod-5-142, 1763675574793, 1763675601344, 26551
pause-pod-5-143, 1763675574806, 1763675601397, 26591
pause-pod-5-144, 1763675574809, 1763675601449, 26640
pause-pod-5-145, 1763675574824, 1763675601500, 26676
pause-pod-5-146, 1763675574827, 1763675601552, 26725
pause-pod-5-147, 1763675574832, 1763675601605, 26773
pause-pod-5-148, 1763675574840, 1763675601656, 26816
pause-pod-5-149, 1763675574844, 1763675601707, 26863
pause-pod-5-150, 1763675574848, 1763675601758, 26910
pause-pod-6-1, 1763675710146, 1763675712569, 2423
pause-pod-6-2, 1763675710148, 1763675715577, 5429
pause-pod-6-3, 1763675710150, 1763675719019, 8869
pause-pod-6-4, 1763675710152, 1763675720442, 10290
pause-pod-6-5, 1763675710154, 1763675727606, 17452
pause-pod-6-6, 1763675710156, 1763675727661, 17505
pause-pod-6-7, 1763675710159, 1763675727717, 17558
pause-pod-6-8, 1763675710161, 1763675727769, 17608
pause-pod-6-9, 1763675710164, 1763675727820, 17656
pause-pod-6-10, 1763675710167, 1763675727876, 17709
pause-pod-6-11, 1763675710170, 1763675728678, 18508
pause-pod-6-12, 1763675710173, 1763675730607, 20434
pause-pod-6-13, 1763675710175, 1763675730666, 20491
pause-pod-6-14, 1763675710178, 1763675730719, 20541
pause-pod-6-15, 1763675710181, 1763675730772, 20591
pause-pod-6-16, 1763675710185, 1763675730823, 20638
pause-pod-6-17, 1763675710191, 1763675730877, 20686
pause-pod-6-18, 1763675710196, 1763675730929, 20733
pause-pod-6-19, 1763675710204, 1763675730981, 20777
pause-pod-6-20, 1763675710208, 1763675731032, 20824
pause-pod-6-21, 1763675710212, 1763675731082, 20870
pause-pod-6-22, 1763675710220, 1763675731134, 20914
pause-pod-6-23, 1763675710231, 1763675731185, 20954
pause-pod-6-24, 1763675710243, 1763675731237, 20994
pause-pod-6-25, 1763675710267, 1763675731288, 21021
pause-pod-6-26, 1763675710273, 1763675731339, 21066
pause-pod-6-27, 1763675710284, 1763675731392, 21108
pause-pod-6-28, 1763675710294, 1763675731446, 21152
pause-pod-6-29, 1763675710301, 1763675731497, 21196
pause-pod-6-30, 1763675710305, 1763675731548, 21243
pause-pod-6-31, 1763675710313, 1763675731604, 21291
pause-pod-6-32, 1763675710318, 1763675731659, 21341
pause-pod-6-33, 1763675710325, 1763675731711, 21386
pause-pod-6-34, 1763675710336, 1763675731761, 21425
pause-pod-6-35, 1763675710339, 1763675731812, 21473
pause-pod-6-36, 1763675710354, 1763675731863, 21509
pause-pod-6-37, 1763675710361, 1763675731914, 21553
pause-pod-6-38, 1763675710374, 1763675731965, 21591
pause-pod-6-39, 1763675710382, 1763675732015, 21633
pause-pod-6-40, 1763675710387, 1763675732066, 21679
pause-pod-6-41, 1763675710404, 1763675732117, 21713
pause-pod-6-42, 1763675710408, 1763675732167, 21759
pause-pod-6-43, 1763675710411, 1763675732218, 21807
pause-pod-6-44, 1763675710417, 1763675732268, 21851
pause-pod-6-45, 1763675710426, 1763675732319, 21893
pause-pod-6-46, 1763675710437, 1763675732372, 21935
pause-pod-6-47, 1763675710450, 1763675732425, 21975
pause-pod-6-48, 1763675710453, 1763675732476, 22023
pause-pod-6-49, 1763675710457, 1763675732528, 22071
pause-pod-6-50, 1763675710460, 1763675732580, 22120
pause-pod-6-51, 1763675710469, 1763675732631, 22162
pause-pod-6-52, 1763675710478, 1763675732681, 22203
pause-pod-6-53, 1763675710495, 1763675732732, 22237
pause-pod-6-54, 1763675710500, 1763675732784, 22284
pause-pod-6-55, 1763675710505, 1763675732836, 22331
pause-pod-6-56, 1763675710512, 1763675732890, 22378
pause-pod-6-57, 1763675710518, 1763675732944, 22426
pause-pod-6-58, 1763675710523, 1763675732997, 22474
pause-pod-6-59, 1763675710541, 1763675733050, 22509
pause-pod-6-60, 1763675710549, 1763675733103, 22554
pause-pod-6-61, 1763675710557, 1763675733155, 22598
pause-pod-6-62, 1763675710566, 1763675733208, 22642
pause-pod-6-63, 1763675710573, 1763675733259, 22686
pause-pod-6-64, 1763675710580, 1763675733310, 22730
pause-pod-6-65, 1763675710583, 1763675733362, 22779
pause-pod-6-66, 1763675710590, 1763675733417, 22827
pause-pod-6-67, 1763675710595, 1763675733470, 22875
pause-pod-6-68, 1763675710599, 1763675733523, 22924
pause-pod-6-69, 1763675710602, 1763675733576, 22974
pause-pod-6-70, 1763675710607, 1763675733630, 23023
pause-pod-6-71, 1763675710616, 1763675733682, 23066
pause-pod-6-72, 1763675710623, 1763675733734, 23111
pause-pod-6-73, 1763675710637, 1763675733786, 23149
pause-pod-6-74, 1763675710644, 1763675733838, 23194
pause-pod-6-75, 1763675710661, 1763675733889, 23228
pause-pod-6-76, 1763675710667, 1763675733940, 23273
pause-pod-6-77, 1763675710685, 1763675733990, 23305
pause-pod-6-78, 1763675710696, 1763675734040, 23344
pause-pod-6-79, 1763675710708, 1763675734090, 23382
pause-pod-6-80, 1763675710714, 1763675734139, 23425
pause-pod-6-81, 1763675710730, 1763675734189, 23459
pause-pod-6-82, 1763675710738, 1763675734240, 23502
pause-pod-6-83, 1763675710745, 1763675734290, 23545
pause-pod-6-84, 1763675710751, 1763675734340, 23589
pause-pod-6-85, 1763675710755, 1763675734392, 23637
pause-pod-6-86, 1763675710771, 1763675734444, 23673
pause-pod-6-87, 1763675710778, 1763675734495, 23717
pause-pod-6-88, 1763675710781, 1763675734545, 23764
pause-pod-6-89, 1763675710785, 1763675734596, 23811
pause-pod-6-90, 1763675710808, 1763675734646, 23838
pause-pod-6-91, 1763675710815, 1763675734696, 23881
pause-pod-6-92, 1763675710820, 1763675734746, 23926
pause-pod-6-93, 1763675710827, 1763675734796, 23969
pause-pod-6-94, 1763675710830, 1763675734847, 24017
pause-pod-6-95, 1763675710837, 1763675734897, 24060
pause-pod-6-96, 1763675710847, 1763675734948, 24101
pause-pod-6-97, 1763675710858, 1763675735001, 24143
pause-pod-6-98, 1763675710862, 1763675735053, 24191
pause-pod-6-99, 1763675710868, 1763675735104, 24236
pause-pod-6-100, 1763675710876, 1763675735155, 24279
pause-pod-6-101, 1763675710886, 1763675735205, 24319
pause-pod-6-102, 1763675710907, 1763675735256, 24349
pause-pod-6-103, 1763675710928, 1763675735306, 24378
pause-pod-6-104, 1763675710937, 1763675735357, 24420
pause-pod-6-105, 1763675710941, 1763675735410, 24469
pause-pod-6-106, 1763675710945, 1763675735462, 24517
pause-pod-6-107, 1763675710953, 1763675735512, 24559
pause-pod-6-108, 1763675710959, 1763675735564, 24605
pause-pod-6-109, 1763675710965, 1763675735616, 24651
pause-pod-6-110, 1763675710973, 1763675735666, 24693
pause-pod-6-111, 1763675710976, 1763675735721, 24745
pause-pod-6-112, 1763675710984, 1763675735772, 24788
pause-pod-6-113, 1763675710988, 1763675735823, 24835
pause-pod-6-114, 1763675710991, 1763675735875, 24884
pause-pod-6-115, 1763675711004, 1763675735928, 24924
pause-pod-6-116, 1763675711007, 1763675735980, 24973
pause-pod-6-117, 1763675711011, 1763675736032, 25021
pause-pod-6-118, 1763675711019, 1763675736086, 25067
pause-pod-6-119, 1763675711022, 1763675736137, 25115
pause-pod-6-120, 1763675711029, 1763675736188, 25159
pause-pod-6-121, 1763675711034, 1763675736239, 25205
pause-pod-6-122, 1763675711036, 1763675736289, 25253
pause-pod-6-123, 1763675711045, 1763675736340, 25295
pause-pod-6-124, 1763675711057, 1763675736392, 25335
pause-pod-6-125, 1763675711068, 1763675736446, 25378
pause-pod-6-126, 1763675711083, 1763675736496, 25413
pause-pod-6-127, 1763675711100, 1763675736546, 25446
pause-pod-6-128, 1763675711109, 1763675736597, 25488
pause-pod-6-129, 1763675711126, 1763675736648, 25522
pause-pod-6-130, 1763675711143, 1763675736700, 25557
pause-pod-6-131, 1763675711160, 1763675736751, 25591
pause-pod-6-132, 1763675711165, 1763675736802, 25637
pause-pod-6-133, 1763675711171, 1763675736853, 25682
pause-pod-6-134, 1763675711175, 1763675736904, 25729
pause-pod-6-135, 1763675711181, 1763675736957, 25776
pause-pod-6-136, 1763675711185, 1763675737008, 25823
pause-pod-6-137, 1763675711190, 1763675737058, 25868
pause-pod-6-138, 1763675711193, 1763675737108, 25915
pause-pod-6-139, 1763675711198, 1763675737160, 25962
pause-pod-6-140, 1763675711205, 1763675737212, 26007
pause-pod-6-141, 1763675711212, 1763675737263, 26051
pause-pod-6-142, 1763675711218, 1763675737313, 26095
pause-pod-6-143, 1763675711223, 1763675737364, 26141
pause-pod-6-144, 1763675711227, 1763675737418, 26191
pause-pod-6-145, 1763675711230, 1763675737470, 26240
pause-pod-6-146, 1763675711233, 1763675737522, 26289
pause-pod-6-147, 1763675711252, 1763675737574, 26322
pause-pod-6-148, 1763675711264, 1763675737627, 26363
pause-pod-6-149, 1763675711273, 1763675737677, 26404
pause-pod-6-150, 1763675711278, 1763675737728, 26450
