Pod Name, Creation Timestamp, Ready Timestamp, Latency (milliseconds)
pause-pod-1-1, 1763673725513, 1763673730089, 4576
pause-pod-1-2, 1763673725514, 1763673730245, 4731
pause-pod-1-3, 1763673725516, 1763673732086, 6570
pause-pod-1-4, 1763673725518, 1763673732241, 6723
pause-pod-1-5, 1763673725519, 1763673732397, 6878
pause-pod-1-6, 1763673725521, 1763673733627, 8106
pause-pod-1-7, 1763673725524, 1763673733782, 8258
pause-pod-1-8, 1763673725526, 1763673733937, 8411
pause-pod-1-9, 1763673725528, 1763673736138, 10610
pause-pod-1-10, 1763673725531, 1763673736294, 10763
pause-pod-1-11, 1763673725533, 1763673736448, 10915
pause-pod-1-12, 1763673725539, 1763673736602, 11063
pause-pod-1-13, 1763673725541, 1763673736756, 11215
pause-pod-1-14, 1763673725548, 1763673736910, 11362
pause-pod-1-15, 1763673725551, 1763673737065, 11514
pause-pod-1-16, 1763673725589, 1763673737219, 11630
pause-pod-1-17, 1763673725598, 1763673737373, 11775
pause-pod-1-18, 1763673725606, 1763673737527, 11921
pause-pod-1-19, 1763673725616, 1763673737681, 12065
pause-pod-1-20, 1763673725626, 1763673737836, 12210
pause-pod-1-21, 1763673725634, 1763673737990, 12356
pause-pod-1-22, 1763673725638, 1763673738145, 12507
pause-pod-1-23, 1763673725655, 1763673738300, 12645
pause-pod-1-24, 1763673725684, 1763673738454, 12770
pause-pod-1-25, 1763673725747, 1763673738608, 12861
pause-pod-1-26, 1763673725774, 1763673738762, 12988
pause-pod-1-27, 1763673725785, 1763673738917, 13132
pause-pod-1-28, 1763673725793, 1763673739072, 13279
pause-pod-1-29, 1763673725799, 1763673739226, 13427
pause-pod-1-30, 1763673725821, 1763673739381, 13560
pause-pod-1-31, 1763673725825, 1763673739536, 13711
pause-pod-1-32, 1763673725835, 1763673739691, 13856
pause-pod-1-33, 1763673725860, 1763673739846, 13986
pause-pod-1-34, 1763673725864, 1763673740000, 14136
pause-pod-1-35, 1763673725872, 1763673740154, 14282
pause-pod-1-36, 1763673725884, 1763673740309, 14425
pause-pod-1-37, 1763673725903, 1763673740464, 14561
pause-pod-1-38, 1763673725960, 1763673740618, 14658
pause-pod-1-39, 1763673725983, 1763673740773, 14790
pause-pod-1-40, 1763673725996, 1763673740929, 14933
pause-pod-1-41, 1763673726023, 1763673741085, 15062
pause-pod-1-42, 1763673726032, 1763673741240, 15208
pause-pod-1-43, 1763673726035, 1763673741395, 15360
pause-pod-1-44, 1763673726061, 1763673741550, 15489
pause-pod-1-45, 1763673726078, 1763673741705, 15627
pause-pod-1-46, 1763673726089, 1763673741860, 15771
pause-pod-1-47, 1763673726098, 1763673742014, 15916
pause-pod-1-48, 1763673726135, 1763673742169, 16034
pause-pod-1-49, 1763673726160, 1763673742325, 16165
pause-pod-1-50, 1763673726181, 1763673742479, 16298
pause-pod-2-1, 1763673812158, 1763673815306, 3148
pause-pod-2-2, 1763673812160, 1763673819340, 7180
pause-pod-2-3, 1763673812161, 1763673822334, 10173
pause-pod-2-4, 1763673812163, 1763673822493, 10330
pause-pod-2-5, 1763673812165, 1763673823373, 11208
pause-pod-2-6, 1763673812167, 1763673823530, 11363
pause-pod-2-7, 1763673812168, 1763673823685, 11517
pause-pod-2-8, 1763673812171, 1763673823842, 11671
pause-pod-2-9, 1763673812174, 1763673823997, 11823
pause-pod-2-10, 1763673812176, 1763673824152, 11976
pause-pod-2-11, 1763673812179, 1763673824307, 12128
pause-pod-2-12, 1763673812181, 1763673824463, 12282
pause-pod-2-13, 1763673812184, 1763673824618, 12434
pause-pod-2-14, 1763673812191, 1763673824773, 12582
pause-pod-2-15, 1763673812195, 1763673824928, 12733
pause-pod-2-16, 1763673812203, 1763673825084, 12881
pause-pod-2-17, 1763673812208, 1763673825240, 13032
pause-pod-2-18, 1763673812214, 1763673825395, 13181
pause-pod-2-19, 1763673812217, 1763673825550, 13333
pause-pod-2-20, 1763673812220, 1763673825705, 13485
pause-pod-2-21, 1763673812226, 1763673825860, 13634
pause-pod-2-22, 1763673812240, 1763673826014, 13774
pause-pod-2-23, 1763673812258, 1763673826169, 13911
pause-pod-2-24, 1763673812296, 1763673826324, 14028
pause-pod-2-25, 1763673812308, 1763673826479, 14171
pause-pod-2-26, 1763673812318, 1763673826633, 14315
pause-pod-2-27, 1763673812325, 1763673826789, 14464
pause-pod-2-28, 1763673812343, 1763673826942, 14599
pause-pod-2-29, 1763673812350, 1763673827097, 14747
pause-pod-2-30, 1763673812369, 1763673827251, 14882
pause-pod-2-31, 1763673812395, 1763673827405, 15010
pause-pod-2-32, 1763673812429, 1763673827559, 15130
pause-pod-2-33, 1763673812444, 1763673827713, 15269
pause-pod-2-34, 1763673812456, 1763673827867, 15411
pause-pod-2-35, 1763673812479, 1763673828022, 15543
pause-pod-2-36, 1763673812493, 1763673828177, 15684
pause-pod-2-37, 1763673812505, 1763673828331, 15826
pause-pod-2-38, 1763673812549, 1763673828486, 15937
pause-pod-2-39, 1763673812558, 1763673828640, 16082
pause-pod-2-40, 1763673812576, 1763673828795, 16219
pause-pod-2-41, 1763673812614, 1763673828950, 16336
pause-pod-2-42, 1763673812632, 1763673829105, 16473
pause-pod-2-43, 1763673812639, 1763673829260, 16621
pause-pod-2-44, 1763673812707, 1763673829415, 16708
pause-pod-2-45, 1763673812726, 1763673829570, 16844
pause-pod-2-46, 1763673812732, 1763673829724, 16992
pause-pod-2-47, 1763673812737, 1763673829880, 17143
pause-pod-2-48, 1763673812779, 1763673830034, 17255
pause-pod-2-49, 1763673812785, 1763673830189, 17404
pause-pod-2-50, 1763673812794, 1763673830344, 17550
pause-pod-3-1, 1763673900508, 1763673903548, 3040
pause-pod-3-2, 1763673900509, 1763673911684, 11175
pause-pod-3-3, 1763673900511, 1763673911839, 11328
pause-pod-3-4, 1763673900513, 1763673911994, 11481
pause-pod-3-5, 1763673900515, 1763673912148, 11633
pause-pod-3-6, 1763673900517, 1763673912303, 11786
pause-pod-3-7, 1763673900519, 1763673912458, 11939
pause-pod-3-8, 1763673900521, 1763673912627, 12106
pause-pod-3-9, 1763673900524, 1763673912782, 12258
pause-pod-3-10, 1763673900528, 1763673912938, 12410
pause-pod-3-11, 1763673900531, 1763673913093, 12562
pause-pod-3-12, 1763673900534, 1763673913248, 12714
pause-pod-3-13, 1763673900537, 1763673913403, 12866
pause-pod-3-14, 1763673900541, 1763673913558, 13017
pause-pod-3-15, 1763673900546, 1763673913713, 13167
pause-pod-3-16, 1763673900550, 1763673913869, 13319
pause-pod-3-17, 1763673900554, 1763673914024, 13470
pause-pod-3-18, 1763673900558, 1763673914179, 13621
pause-pod-3-19, 1763673900570, 1763673914333, 13763
pause-pod-3-20, 1763673900584, 1763673914488, 13904
pause-pod-3-21, 1763673900607, 1763673914642, 14035
pause-pod-3-22, 1763673900617, 1763673914797, 14180
pause-pod-3-23, 1763673900637, 1763673914952, 14315
pause-pod-3-24, 1763673900684, 1763673915107, 14423
pause-pod-3-25, 1763673900690, 1763673915262, 14572
pause-pod-3-26, 1763673900709, 1763673915416, 14707
pause-pod-3-27, 1763673900714, 1763673915572, 14858
pause-pod-3-28, 1763673900732, 1763673915743, 15011
pause-pod-3-29, 1763673900741, 1763673915898, 15157
pause-pod-3-30, 1763673900760, 1763673916053, 15293
pause-pod-3-31, 1763673900857, 1763673916208, 15351
pause-pod-3-32, 1763673900868, 1763673916363, 15495
pause-pod-3-33, 1763673900901, 1763673916518, 15617
pause-pod-3-34, 1763673900911, 1763673916674, 15763
pause-pod-3-35, 1763673900918, 1763673916829, 15911
pause-pod-3-36, 1763673900928, 1763673916983, 16055
pause-pod-3-37, 1763673900956, 1763673917139, 16183
pause-pod-3-38, 1763673900961, 1763673917294, 16333
pause-pod-3-39, 1763673900967, 1763673917449, 16482
pause-pod-3-40, 1763673900973, 1763673917603, 16630
pause-pod-3-41, 1763673901010, 1763673917758, 16748
pause-pod-3-42, 1763673901033, 1763673917914, 16881
pause-pod-3-43, 1763673901052, 1763673918070, 17018
pause-pod-3-44, 1763673901066, 1763673918225, 17159
pause-pod-3-45, 1763673901087, 1763673918379, 17292
pause-pod-3-46, 1763673901104, 1763673918534, 17430
pause-pod-3-47, 1763673901115, 1763673918689, 17574
pause-pod-3-48, 1763673901122, 1763673918844, 17722
pause-pod-3-49, 1763673901137, 1763673918998, 17861
pause-pod-3-50, 1763673901177, 1763673919153, 17976
pause-pod-4-1, 1763673989972, 1763673992283, 2311
pause-pod-4-2, 1763673989974, 1763673993793, 3819
pause-pod-4-3, 1763673989976, 1763673998808, 8832
pause-pod-4-4, 1763673989979, 1763673998965, 8986
pause-pod-4-5, 1763673989981, 1763673999821, 9840
pause-pod-4-6, 1763673989983, 1763673999976, 9993
pause-pod-4-7, 1763673989986, 1763674000131, 10145
pause-pod-4-8, 1763673989989, 1763674000287, 10298
pause-pod-4-9, 1763673989992, 1763674000444, 10452
pause-pod-4-10, 1763673989995, 1763674000600, 10605
pause-pod-4-11, 1763673989998, 1763674000904, 10906
pause-pod-4-12, 1763673990014, 1763674001061, 11047
pause-pod-4-13, 1763673990017, 1763674001216, 11199
pause-pod-4-14, 1763673990020, 1763674001372, 11352
pause-pod-4-15, 1763673990023, 1763674001528, 11505
pause-pod-4-16, 1763673990027, 1763674001683, 11656
pause-pod-4-17, 1763673990031, 1763674001838, 11807
pause-pod-4-18, 1763673990038, 1763674001992, 11954
pause-pod-4-19, 1763673990041, 1763674002147, 12106
pause-pod-4-20, 1763673990063, 1763674002302, 12239
pause-pod-4-21, 1763673990066, 1763674002457, 12391
pause-pod-4-22, 1763673990073, 1763674002613, 12540
pause-pod-4-23, 1763673990084, 1763674002768, 12684
pause-pod-4-24, 1763673990092, 1763674002923, 12831
pause-pod-4-25, 1763673990096, 1763674003079, 12983
pause-pod-4-26, 1763673990103, 1763674003234, 13131
pause-pod-4-27, 1763673990110, 1763674003389, 13279
pause-pod-4-28, 1763673990122, 1763674003546, 13424
pause-pod-4-29, 1763673990133, 1763674003701, 13568
pause-pod-4-30, 1763673990185, 1763674003856, 13671
pause-pod-4-31, 1763673990191, 1763674004011, 13820
pause-pod-4-32, 1763673990244, 1763674004166, 13922
pause-pod-4-33, 1763673990272, 1763674004321, 14049
pause-pod-4-34, 1763673990278, 1763674004476, 14198
pause-pod-4-35, 1763673990319, 1763674004631, 14312
pause-pod-4-36, 1763673990330, 1763674004786, 14456
pause-pod-4-37, 1763673990373, 1763674004942, 14569
pause-pod-4-38, 1763673990405, 1763674005097, 14692
pause-pod-4-39, 1763673990410, 1763674005252, 14842
pause-pod-4-40, 1763673990437, 1763674005408, 14971
pause-pod-4-41, 1763673990446, 1763674005563, 15117
pause-pod-4-42, 1763673990474, 1763674005719, 15245
pause-pod-4-43, 1763673990494, 1763674005874, 15380
pause-pod-4-44, 1763673990498, 1763674006029, 15531
pause-pod-4-45, 1763673990544, 1763674006185, 15641
pause-pod-4-46, 1763673990551, 1763674006341, 15790
pause-pod-4-47, 1763673990591, 1763674006495, 15904
pause-pod-4-48, 1763673990652, 1763674006651, 15999
pause-pod-4-49, 1763673990656, 1763674006807, 16151
pause-pod-4-50, 1763673990683, 1763674006961, 16278
pause-pod-5-1, 1763674077541, 1763674083059, 5518
pause-pod-5-2, 1763674077543, 1763674084064, 6521
pause-pod-5-3, 1763674077545, 1763674088100, 10555
pause-pod-5-4, 1763674077548, 1763674088257, 10709
pause-pod-5-5, 1763674077550, 1763674088412, 10862
pause-pod-5-6, 1763674077552, 1763674088568, 11016
pause-pod-5-7, 1763674077555, 1763674088722, 11167
pause-pod-5-8, 1763674077558, 1763674088877, 11319
pause-pod-5-9, 1763674077561, 1763674089032, 11471
pause-pod-5-10, 1763674077564, 1763674089186, 11622
pause-pod-5-11, 1763674077567, 1763674089339, 11772
pause-pod-5-12, 1763674077569, 1763674089494, 11925
pause-pod-5-13, 1763674077574, 1763674089648, 12074
pause-pod-5-14, 1763674077577, 1763674089803, 12226
pause-pod-5-15, 1763674077580, 1763674089958, 12378
pause-pod-5-16, 1763674077601, 1763674090114, 12513
pause-pod-5-17, 1763674077604, 1763674090269, 12665
pause-pod-5-18, 1763674077621, 1763674090424, 12803
pause-pod-5-19, 1763674077637, 1763674090579, 12942
pause-pod-5-20, 1763674077641, 1763674090735, 13094
pause-pod-5-21, 1763674077645, 1763674090890, 13245
pause-pod-5-22, 1763674077658, 1763674091046, 13388
pause-pod-5-23, 1763674077664, 1763674091200, 13536
pause-pod-5-24, 1763674077674, 1763674091355, 13681
pause-pod-5-25, 1763674077710, 1763674091511, 13801
pause-pod-5-26, 1763674077714, 1763674091667, 13953
pause-pod-5-27, 1763674077719, 1763674091822, 14103
pause-pod-5-28, 1763674077730, 1763674091977, 14247
pause-pod-5-29, 1763674077736, 1763674092132, 14396
pause-pod-5-30, 1763674077809, 1763674092287, 14478
pause-pod-5-31, 1763674077871, 1763674092442, 14571
pause-pod-5-32, 1763674077883, 1763674092596, 14713
pause-pod-5-33, 1763674077900, 1763674092751, 14851
pause-pod-5-34, 1763674077904, 1763674092905, 15001
pause-pod-5-35, 1763674077939, 1763674093061, 15122
pause-pod-5-36, 1763674077946, 1763674093215, 15269
pause-pod-5-37, 1763674077950, 1763674093370, 15420
pause-pod-5-38, 1763674077970, 1763674093525, 15555
pause-pod-5-39, 1763674077974, 1763674093680, 15706
pause-pod-5-40, 1763674077990, 1763674093835, 15845
pause-pod-5-41, 1763674078013, 1763674093992, 15979
pause-pod-5-42, 1763674078046, 1763674094146, 16100
pause-pod-5-43, 1763674078063, 1763674094301, 16238
pause-pod-5-44, 1763674078067, 1763674094455, 16388
pause-pod-5-45, 1763674078080, 1763674094609, 16529
pause-pod-5-46, 1763674078083, 1763674094763, 16680
pause-pod-5-47, 1763674078100, 1763674094918, 16818
pause-pod-5-48, 1763674078114, 1763674095073, 16959
pause-pod-5-49, 1763674078122, 1763674095227, 17105
pause-pod-5-50, 1763674078140, 1763674095383, 17243
pause-pod-6-1, 1763674164750, 1763674167301, 2551
pause-pod-6-2, 1763674164752, 1763674172321, 7569
pause-pod-6-3, 1763674164754, 1763674172473, 7719
pause-pod-6-4, 1763674164755, 1763674172629, 7874
pause-pod-6-5, 1763674164757, 1763674172787, 8030
pause-pod-6-6, 1763674164759, 1763674174331, 9572
pause-pod-6-7, 1763674164761, 1763674174501, 9740
pause-pod-6-8, 1763674164764, 1763674174654, 9890
pause-pod-6-9, 1763674164766, 1763674176396, 11630
pause-pod-6-10, 1763674164769, 1763674176551, 11782
pause-pod-6-11, 1763674164771, 1763674176705, 11934
pause-pod-6-12, 1763674164774, 1763674176860, 12086
pause-pod-6-13, 1763674164778, 1763674177015, 12237
pause-pod-6-14, 1763674164780, 1763674177168, 12388
pause-pod-6-15, 1763674164784, 1763674177322, 12538
pause-pod-6-16, 1763674164803, 1763674177478, 12675
pause-pod-6-17, 1763674164822, 1763674177632, 12810
pause-pod-6-18, 1763674164826, 1763674177785, 12959
pause-pod-6-19, 1763674164850, 1763674177939, 13089
pause-pod-6-20, 1763674164856, 1763674178094, 13238
pause-pod-6-21, 1763674164859, 1763674178249, 13390
pause-pod-6-22, 1763674164861, 1763674178403, 13542
pause-pod-6-23, 1763674164865, 1763674178558, 13693
pause-pod-6-24, 1763674164903, 1763674178712, 13809
pause-pod-6-25, 1763674164928, 1763674178865, 13937
pause-pod-6-26, 1763674164942, 1763674179020, 14078
pause-pod-6-27, 1763674164960, 1763674179175, 14215
pause-pod-6-28, 1763674164990, 1763674179329, 14339
pause-pod-6-29, 1763674165034, 1763674179484, 14450
pause-pod-6-30, 1763674165044, 1763674179637, 14593
pause-pod-6-31, 1763674165050, 1763674179791, 14741
pause-pod-6-32, 1763674165080, 1763674179944, 14864
pause-pod-6-33, 1763674165098, 1763674180098, 15000
pause-pod-6-34, 1763674165116, 1763674180251, 15135
pause-pod-6-35, 1763674165119, 1763674180405, 15286
pause-pod-6-36, 1763674165136, 1763674180558, 15422
pause-pod-6-37, 1763674165150, 1763674180712, 15562
pause-pod-6-38, 1763674165157, 1763674180866, 15709
pause-pod-6-39, 1763674165166, 1763674181020, 15854
pause-pod-6-40, 1763674165173, 1763674181173, 16000
pause-pod-6-41, 1763674165178, 1763674181326, 16148
pause-pod-6-42, 1763674165191, 1763674181481, 16290
pause-pod-6-43, 1763674165198, 1763674181636, 16438
pause-pod-6-44, 1763674165277, 1763674181788, 16511
pause-pod-6-45, 1763674165309, 1763674181941, 16632
pause-pod-6-46, 1763674165320, 1763674182094, 16774
pause-pod-6-47, 1763674165328, 1763674182248, 16920
pause-pod-6-48, 1763674165336, 1763674182401, 17065
pause-pod-6-49, 1763674165339, 1763674182555, 17216
pause-pod-6-50, 1763674165361, 1763674182708, 17347
