Pod Name, Creation Timestamp, Ready Timestamp, Latency (milliseconds)
pause-pod-1-1, 1763674253171, 1763674256962, 3791
pause-pod-1-2, 1763674253174, 1763674258600, 5426
pause-pod-1-3, 1763674253176, 1763674265632, 12456
pause-pod-1-4, 1763674253178, 1763674265804, 12626
pause-pod-1-5, 1763674253180, 1763674266634, 13454
pause-pod-1-6, 1763674253183, 1763674266792, 13609
pause-pod-1-7, 1763674253186, 1763674266950, 13764
pause-pod-1-8, 1763674253188, 1763674267106, 13918
pause-pod-1-9, 1763674253192, 1763674267262, 14070
pause-pod-1-10, 1763674253195, 1763674267419, 14224
pause-pod-1-11, 1763674253199, 1763674267575, 14376
pause-pod-1-12, 1763674253201, 1763674270020, 16819
pause-pod-1-13, 1763674253204, 1763674270176, 16972
pause-pod-1-14, 1763674253207, 1763674270332, 17125
pause-pod-1-15, 1763674253212, 1763674270488, 17276
pause-pod-1-16, 1763674253238, 1763674270644, 17406
pause-pod-1-17, 1763674253245, 1763674270800, 17555
pause-pod-1-18, 1763674253248, 1763674270957, 17709
pause-pod-1-19, 1763674253252, 1763674271113, 17861
pause-pod-1-20, 1763674253258, 1763674271268, 18010
pause-pod-1-21, 1763674253265, 1763674272764, 19499
pause-pod-1-22, 1763674253271, 1763674272925, 19654
pause-pod-1-23, 1763674253292, 1763674273081, 19789
pause-pod-1-24, 1763674253308, 1763674273239, 19931
pause-pod-1-25, 1763674253333, 1763674273395, 20062
pause-pod-1-26, 1763674253336, 1763674273552, 20216
pause-pod-1-27, 1763674253368, 1763674273728, 20360
pause-pod-1-28, 1763674253389, 1763674273885, 20496
pause-pod-1-29, 1763674253424, 1763674274040, 20616
pause-pod-1-30, 1763674253439, 1763674274195, 20756
pause-pod-1-31, 1763674253462, 1763674274350, 20888
pause-pod-1-32, 1763674253495, 1763674274505, 21010
pause-pod-1-33, 1763674253508, 1763674274660, 21152
pause-pod-1-34, 1763674253532, 1763674274816, 21284
pause-pod-1-35, 1763674253548, 1763674274971, 21423
pause-pod-1-36, 1763674253574, 1763674275126, 21552
pause-pod-1-37, 1763674253615, 1763674275280, 21665
pause-pod-1-38, 1763674253627, 1763674275434, 21807
pause-pod-1-39, 1763674253673, 1763674275589, 21916
pause-pod-1-40, 1763674253681, 1763674275744, 22063
pause-pod-1-41, 1763674253709, 1763674275900, 22191
pause-pod-1-42, 1763674253739, 1763674276055, 22316
pause-pod-1-43, 1763674253751, 1763674276211, 22460
pause-pod-1-44, 1763674253772, 1763674276366, 22594
pause-pod-1-45, 1763674253799, 1763674276521, 22722
pause-pod-1-46, 1763674253809, 1763674276677, 22868
pause-pod-1-47, 1763674253812, 1763674276833, 23021
pause-pod-1-48, 1763674253858, 1763674276988, 23130
pause-pod-1-49, 1763674253867, 1763674277144, 23277
pause-pod-1-50, 1763674253871, 1763674277301, 23430
pause-pod-1-51, 1763674253906, 1763674277456, 23550
pause-pod-1-52, 1763674253925, 1763674277612, 23687
pause-pod-1-53, 1763674253930, 1763674277767, 23837
pause-pod-1-54, 1763674253936, 1763674277923, 23987
pause-pod-1-55, 1763674253942, 1763674278079, 24137
pause-pod-1-56, 1763674253945, 1763674278234, 24289
pause-pod-1-57, 1763674253949, 1763674278389, 24440
pause-pod-1-58, 1763674253967, 1763674278546, 24579
pause-pod-1-59, 1763674253970, 1763674278701, 24731
pause-pod-1-60, 1763674253976, 1763674278858, 24882
pause-pod-1-61, 1763674253979, 1763674279013, 25034
pause-pod-1-62, 1763674253983, 1763674279169, 25186
pause-pod-1-63, 1763674253990, 1763674279325, 25335
pause-pod-1-64, 1763674254005, 1763674279480, 25475
pause-pod-1-65, 1763674254010, 1763674279636, 25626
pause-pod-1-66, 1763674254024, 1763674279790, 25766
pause-pod-1-67, 1763674254046, 1763674279945, 25899
pause-pod-1-68, 1763674254081, 1763674280101, 26020
pause-pod-1-69, 1763674254128, 1763674280256, 26128
pause-pod-1-70, 1763674254176, 1763674280411, 26235
pause-pod-1-71, 1763674254261, 1763674280567, 26306
pause-pod-1-72, 1763674254271, 1763674280722, 26451
pause-pod-1-73, 1763674254282, 1763674280877, 26595
pause-pod-1-74, 1763674254331, 1763674281032, 26701
pause-pod-1-75, 1763674254348, 1763674281189, 26841
pause-pod-1-76, 1763674254368, 1763674281345, 26977
pause-pod-1-77, 1763674254409, 1763674281501, 27092
pause-pod-1-78, 1763674254421, 1763674281656, 27235
pause-pod-1-79, 1763674254436, 1763674281812, 27376
pause-pod-1-80, 1763674254441, 1763674281967, 27526
pause-pod-1-81, 1763674254448, 1763674282123, 27675
pause-pod-1-82, 1763674254451, 1763674282279, 27828
pause-pod-1-83, 1763674254469, 1763674282435, 27966
pause-pod-1-84, 1763674254487, 1763674282591, 28104
pause-pod-1-85, 1763674254493, 1763674282745, 28252
pause-pod-1-86, 1763674254503, 1763674282901, 28398
pause-pod-1-87, 1763674254506, 1763674283057, 28551
pause-pod-1-88, 1763674254515, 1763674283214, 28699
pause-pod-1-89, 1763674254522, 1763674283370, 28848
pause-pod-1-90, 1763674254541, 1763674283526, 28985
pause-pod-1-91, 1763674254545, 1763674283682, 29137
pause-pod-1-92, 1763674254548, 1763674283837, 29289
pause-pod-1-93, 1763674254557, 1763674283993, 29436
pause-pod-1-94, 1763674254563, 1763674284150, 29587
pause-pod-1-95, 1763674254603, 1763674284305, 29702
pause-pod-1-96, 1763674254618, 1763674284461, 29843
pause-pod-1-97, 1763674254622, 1763674284618, 29996
pause-pod-1-98, 1763674254659, 1763674284774, 30115
pause-pod-1-99, 1763674254679, 1763674284929, 30250
pause-pod-1-100, 1763674254686, 1763674285086, 30400
pause-pod-2-1, 1763674364320, 1763674366266, 1946
pause-pod-2-2, 1763674364322, 1763674376068, 11746
pause-pod-2-3, 1763674364325, 1763674377075, 12750
pause-pod-2-4, 1763674364327, 1763674377232, 12905
pause-pod-2-5, 1763674364329, 1763674377389, 13060
pause-pod-2-6, 1763674364332, 1763674377546, 13214
pause-pod-2-7, 1763674364335, 1763674377702, 13367
pause-pod-2-8, 1763674364338, 1763674377859, 13521
pause-pod-2-9, 1763674364341, 1763674378015, 13674
pause-pod-2-10, 1763674364345, 1763674378171, 13826
pause-pod-2-11, 1763674364348, 1763674378328, 13980
pause-pod-2-12, 1763674364353, 1763674378485, 14132
pause-pod-2-13, 1763674364356, 1763674378640, 14284
pause-pod-2-14, 1763674364360, 1763674382124, 17764
pause-pod-2-15, 1763674364363, 1763674382280, 17917
pause-pod-2-16, 1763674364381, 1763674382436, 18055
pause-pod-2-17, 1763674364385, 1763674382595, 18210
pause-pod-2-18, 1763674364388, 1763674382752, 18364
pause-pod-2-19, 1763674364394, 1763674382909, 18515
pause-pod-2-20, 1763674364403, 1763674383066, 18663
pause-pod-2-21, 1763674364418, 1763674383224, 18806
pause-pod-2-22, 1763674364423, 1763674383381, 18958
pause-pod-2-23, 1763674364434, 1763674383540, 19106
pause-pod-2-24, 1763674364437, 1763674383700, 19263
pause-pod-2-25, 1763674364451, 1763674384161, 19710
pause-pod-2-26, 1763674364465, 1763674384501, 20036
pause-pod-2-27, 1763674364489, 1763674384657, 20168
pause-pod-2-28, 1763674364503, 1763674384812, 20309
pause-pod-2-29, 1763674364530, 1763674384967, 20437
pause-pod-2-30, 1763674364571, 1763674385124, 20553
pause-pod-2-31, 1763674364592, 1763674385281, 20689
pause-pod-2-32, 1763674364621, 1763674385436, 20815
pause-pod-2-33, 1763674364698, 1763674385592, 20894
pause-pod-2-34, 1763674364724, 1763674385747, 21023
pause-pod-2-35, 1763674364727, 1763674385902, 21175
pause-pod-2-36, 1763674364731, 1763674386058, 21327
pause-pod-2-37, 1763674364752, 1763674386213, 21461
pause-pod-2-38, 1763674364778, 1763674386369, 21591
pause-pod-2-39, 1763674364788, 1763674386526, 21738
pause-pod-2-40, 1763674364800, 1763674386681, 21881
pause-pod-2-41, 1763674364827, 1763674386836, 22009
pause-pod-2-42, 1763674364852, 1763674386992, 22140
pause-pod-2-43, 1763674364859, 1763674387149, 22290
pause-pod-2-44, 1763674364898, 1763674387304, 22406
pause-pod-2-45, 1763674364902, 1763674387458, 22556
pause-pod-2-46, 1763674364927, 1763674387614, 22687
pause-pod-2-47, 1763674364932, 1763674387770, 22838
pause-pod-2-48, 1763674364935, 1763674387926, 22991
pause-pod-2-49, 1763674364940, 1763674388081, 23141
pause-pod-2-50, 1763674364956, 1763674388236, 23280
pause-pod-2-51, 1763674365000, 1763674388392, 23392
pause-pod-2-52, 1763674365008, 1763674388548, 23540
pause-pod-2-53, 1763674365013, 1763674388705, 23692
pause-pod-2-54, 1763674365031, 1763674388861, 23830
pause-pod-2-55, 1763674365050, 1763674389018, 23968
pause-pod-2-56, 1763674365081, 1763674389174, 24093
pause-pod-2-57, 1763674365089, 1763674389330, 24241
pause-pod-2-58, 1763674365103, 1763674389487, 24384
pause-pod-2-59, 1763674365149, 1763674389643, 24494
pause-pod-2-60, 1763674365154, 1763674389799, 24645
pause-pod-2-61, 1763674365157, 1763674389955, 24798
pause-pod-2-62, 1763674365173, 1763674390111, 24938
pause-pod-2-63, 1763674365181, 1763674390267, 25086
pause-pod-2-64, 1763674365213, 1763674390422, 25209
pause-pod-2-65, 1763674365230, 1763674390578, 25348
pause-pod-2-66, 1763674365237, 1763674390735, 25498
pause-pod-2-67, 1763674365291, 1763674390891, 25600
pause-pod-2-68, 1763674365361, 1763674391046, 25685
pause-pod-2-69, 1763674365365, 1763674391202, 25837
pause-pod-2-70, 1763674365371, 1763674391358, 25987
pause-pod-2-71, 1763674365381, 1763674391514, 26133
pause-pod-2-72, 1763674365395, 1763674391670, 26275
pause-pod-2-73, 1763674365407, 1763674391826, 26419
pause-pod-2-74, 1763674365415, 1763674391981, 26566
pause-pod-2-75, 1763674365443, 1763674392137, 26694
pause-pod-2-76, 1763674365483, 1763674392292, 26809
pause-pod-2-77, 1763674365491, 1763674392448, 26957
pause-pod-2-78, 1763674365506, 1763674392604, 27098
pause-pod-2-79, 1763674365510, 1763674392760, 27250
pause-pod-2-80, 1763674365518, 1763674392917, 27399
pause-pod-2-81, 1763674365548, 1763674393073, 27525
pause-pod-2-82, 1763674365553, 1763674393229, 27676
pause-pod-2-83, 1763674365567, 1763674393386, 27819
pause-pod-2-84, 1763674365573, 1763674393543, 27970
pause-pod-2-85, 1763674365577, 1763674393700, 28123
pause-pod-2-86, 1763674365597, 1763674393856, 28259
pause-pod-2-87, 1763674365616, 1763674394012, 28396
pause-pod-2-88, 1763674365630, 1763674394168, 28538
pause-pod-2-89, 1763674365689, 1763674394325, 28636
pause-pod-2-90, 1763674365701, 1763674394482, 28781
pause-pod-2-91, 1763674365715, 1763674394638, 28923
pause-pod-2-92, 1763674365728, 1763674394794, 29066
pause-pod-2-93, 1763674365737, 1763674394950, 29213
pause-pod-2-94, 1763674365743, 1763674395108, 29365
pause-pod-2-95, 1763674365752, 1763674395264, 29512
pause-pod-2-96, 1763674365805, 1763674395420, 29615
pause-pod-2-97, 1763674365827, 1763674395575, 29748
pause-pod-2-98, 1763674365834, 1763674395731, 29897
pause-pod-2-99, 1763674365839, 1763674395888, 30049
pause-pod-2-100, 1763674365850, 1763674396044, 30194
pause-pod-3-1, 1763674475137, 1763674477441, 2304
pause-pod-3-2, 1763674475139, 1763674481831, 6692
pause-pod-3-3, 1763674475140, 1763674484453, 9313
pause-pod-3-4, 1763674475142, 1763674486468, 11326
pause-pod-3-5, 1763674475144, 1763674490493, 15349
pause-pod-3-6, 1763674475147, 1763674490652, 15505
pause-pod-3-7, 1763674475149, 1763674490807, 15658
pause-pod-3-8, 1763674475151, 1763674490963, 15812
pause-pod-3-9, 1763674475155, 1763674491119, 15964
pause-pod-3-10, 1763674475157, 1763674496532, 21375
pause-pod-3-11, 1763674475160, 1763674496691, 21531
pause-pod-3-12, 1763674475164, 1763674496847, 21683
pause-pod-3-13, 1763674475172, 1763674497003, 21831
pause-pod-3-14, 1763674475180, 1763674497159, 21979
pause-pod-3-15, 1763674475183, 1763674497315, 22132
pause-pod-3-16, 1763674475186, 1763674497472, 22286
pause-pod-3-17, 1763674475192, 1763674497627, 22435
pause-pod-3-18, 1763674475225, 1763674497783, 22558
pause-pod-3-19, 1763674475271, 1763674497939, 22668
pause-pod-3-20, 1763674475274, 1763674498095, 22821
pause-pod-3-21, 1763674475299, 1763674498252, 22953
pause-pod-3-22, 1763674475367, 1763674498408, 23041
pause-pod-3-23, 1763674475386, 1763674498564, 23178
pause-pod-3-24, 1763674475401, 1763674498719, 23318
pause-pod-3-25, 1763674475439, 1763674498875, 23436
pause-pod-3-26, 1763674475445, 1763674499031, 23586
pause-pod-3-27, 1763674475449, 1763674499186, 23737
pause-pod-3-28, 1763674475460, 1763674499341, 23881
pause-pod-3-29, 1763674475468, 1763674499497, 24029
pause-pod-3-30, 1763674475491, 1763674499655, 24164
pause-pod-3-31, 1763674475496, 1763674499810, 24314
pause-pod-3-32, 1763674475501, 1763674499966, 24465
pause-pod-3-33, 1763674475506, 1763674500122, 24616
pause-pod-3-34, 1763674475525, 1763674500279, 24754
pause-pod-3-35, 1763674475529, 1763674500435, 24906
pause-pod-3-36, 1763674475537, 1763674500589, 25052
pause-pod-3-37, 1763674475545, 1763674500746, 25201
pause-pod-3-38, 1763674475548, 1763674500902, 25354
pause-pod-3-39, 1763674475561, 1763674501058, 25497
pause-pod-3-40, 1763674475580, 1763674501214, 25634
pause-pod-3-41, 1763674475594, 1763674501369, 25775
pause-pod-3-42, 1763674475601, 1763674501524, 25923
pause-pod-3-43, 1763674475607, 1763674501680, 26073
pause-pod-3-44, 1763674475621, 1763674501835, 26214
pause-pod-3-45, 1763674475661, 1763674501991, 26330
pause-pod-3-46, 1763674475697, 1763674502147, 26450
pause-pod-3-47, 1763674475700, 1763674502302, 26602
pause-pod-3-48, 1763674475704, 1763674502458, 26754
pause-pod-3-49, 1763674475729, 1763674502613, 26884
pause-pod-3-50, 1763674475778, 1763674502769, 26991
pause-pod-3-51, 1763674475815, 1763674502923, 27108
pause-pod-3-52, 1763674475842, 1763674503079, 27237
pause-pod-3-53, 1763674475866, 1763674503234, 27368
pause-pod-3-54, 1763674475913, 1763674503389, 27476
pause-pod-3-55, 1763674475929, 1763674503545, 27616
pause-pod-3-56, 1763674475938, 1763674503700, 27762
pause-pod-3-57, 1763674475949, 1763674503856, 27907
pause-pod-3-58, 1763674475968, 1763674504012, 28044
pause-pod-3-59, 1763674475973, 1763674504167, 28194
pause-pod-3-60, 1763674475978, 1763674504323, 28345
pause-pod-3-61, 1763674476025, 1763674504479, 28454
pause-pod-3-62, 1763674476037, 1763674504634, 28597
pause-pod-3-63, 1763674476041, 1763674504789, 28748
pause-pod-3-64, 1763674476048, 1763674504945, 28897
pause-pod-3-65, 1763674476055, 1763674505101, 29046
pause-pod-3-66, 1763674476066, 1763674505257, 29191
pause-pod-3-67, 1763674476070, 1763674505414, 29344
pause-pod-3-68, 1763674476076, 1763674505569, 29493
pause-pod-3-69, 1763674476079, 1763674505725, 29646
pause-pod-3-70, 1763674476118, 1763674505881, 29763
pause-pod-3-71, 1763674476127, 1763674506036, 29909
pause-pod-3-72, 1763674476135, 1763674506192, 30057
pause-pod-3-73, 1763674476153, 1763674506348, 30195
pause-pod-3-74, 1763674476161, 1763674506504, 30343
pause-pod-3-75, 1763674476186, 1763674506659, 30473
pause-pod-3-76, 1763674476232, 1763674506816, 30584
pause-pod-3-77, 1763674476261, 1763674506971, 30710
pause-pod-3-78, 1763674476297, 1763674507127, 30830
pause-pod-3-79, 1763674476317, 1763674507284, 30967
pause-pod-3-80, 1763674476327, 1763674507439, 31112
pause-pod-3-81, 1763674476334, 1763674507595, 31261
pause-pod-3-82, 1763674476367, 1763674507751, 31384
pause-pod-3-83, 1763674476376, 1763674507908, 31532
pause-pod-3-84, 1763674476392, 1763674508063, 31671
pause-pod-3-85, 1763674476400, 1763674508219, 31819
pause-pod-3-86, 1763674476405, 1763674508375, 31970
pause-pod-3-87, 1763674476438, 1763674508530, 32092
pause-pod-3-88, 1763674476449, 1763674508685, 32236
pause-pod-3-89, 1763674476462, 1763674508842, 32380
pause-pod-3-90, 1763674476476, 1763674508998, 32522
pause-pod-3-91, 1763674476492, 1763674509154, 32662
pause-pod-3-92, 1763674476497, 1763674509310, 32813
pause-pod-3-93, 1763674476510, 1763674509466, 32956
pause-pod-3-94, 1763674476513, 1763674509620, 33107
pause-pod-3-95, 1763674476522, 1763674509776, 33254
pause-pod-3-96, 1763674476562, 1763674509931, 33369
pause-pod-3-97, 1763674476577, 1763674510086, 33509
pause-pod-3-98, 1763674476592, 1763674510242, 33650
pause-pod-3-99, 1763674476618, 1763674510397, 33779
pause-pod-3-100, 1763674476627, 1763674510552, 33925
pause-pod-4-1, 1763674590482, 1763674594940, 4458
pause-pod-4-2, 1763674590484, 1763674595097, 4613
pause-pod-4-3, 1763674590486, 1763674595253, 4767
pause-pod-4-4, 1763674590488, 1763674595410, 4922
pause-pod-4-5, 1763674590490, 1763674601295, 10805
pause-pod-4-6, 1763674590492, 1763674601450, 10958
pause-pod-4-7, 1763674590494, 1763674601605, 11111
pause-pod-4-8, 1763674590497, 1763674601761, 11264
pause-pod-4-9, 1763674590499, 1763674604321, 13822
pause-pod-4-10, 1763674590502, 1763674609002, 18500
pause-pod-4-11, 1763674590504, 1763674610010, 19506
pause-pod-4-12, 1763674590507, 1763674610167, 19660
pause-pod-4-13, 1763674590510, 1763674610324, 19814
pause-pod-4-14, 1763674590514, 1763674610481, 19967
pause-pod-4-15, 1763674590517, 1763674610639, 20122
pause-pod-4-16, 1763674590533, 1763674611075, 20542
pause-pod-4-17, 1763674590553, 1763674611232, 20679
pause-pod-4-18, 1763674590589, 1763674611388, 20799
pause-pod-4-19, 1763674590603, 1763674611543, 20940
pause-pod-4-20, 1763674590627, 1763674611698, 21071
pause-pod-4-21, 1763674590636, 1763674611854, 21218
pause-pod-4-22, 1763674590683, 1763674612010, 21327
pause-pod-4-23, 1763674590697, 1763674612166, 21469
pause-pod-4-24, 1763674590744, 1763674612321, 21577
pause-pod-4-25, 1763674590749, 1763674612478, 21729
pause-pod-4-26, 1763674590783, 1763674612634, 21851
pause-pod-4-27, 1763674590809, 1763674612790, 21981
pause-pod-4-28, 1763674590816, 1763674612946, 22130
pause-pod-4-29, 1763674590821, 1763674613102, 22281
pause-pod-4-30, 1763674590825, 1763674613258, 22433
pause-pod-4-31, 1763674590843, 1763674613413, 22570
pause-pod-4-32, 1763674590867, 1763674613570, 22703
pause-pod-4-33, 1763674590875, 1763674613725, 22850
pause-pod-4-34, 1763674590884, 1763674613881, 22997
pause-pod-4-35, 1763674590896, 1763674614036, 23140
pause-pod-4-36, 1763674590907, 1763674614192, 23285
pause-pod-4-37, 1763674590912, 1763674614347, 23435
pause-pod-4-38, 1763674590918, 1763674614503, 23585
pause-pod-4-39, 1763674590934, 1763674614658, 23724
pause-pod-4-40, 1763674590962, 1763674614814, 23852
pause-pod-4-41, 1763674590988, 1763674614970, 23982
pause-pod-4-42, 1763674590997, 1763674615126, 24129
pause-pod-4-43, 1763674591006, 1763674615282, 24276
pause-pod-4-44, 1763674591009, 1763674615439, 24430
pause-pod-4-45, 1763674591054, 1763674615594, 24540
pause-pod-4-46, 1763674591077, 1763674615750, 24673
pause-pod-4-47, 1763674591087, 1763674615905, 24818
pause-pod-4-48, 1763674591102, 1763674616062, 24960
pause-pod-4-49, 1763674591114, 1763674616218, 25104
pause-pod-4-50, 1763674591127, 1763674616374, 25247
pause-pod-4-51, 1763674591186, 1763674616530, 25344
pause-pod-4-52, 1763674591193, 1763674616686, 25493
pause-pod-4-53, 1763674591206, 1763674616841, 25635
pause-pod-4-54, 1763674591224, 1763674616997, 25773
pause-pod-4-55, 1763674591243, 1763674617153, 25910
pause-pod-4-56, 1763674591256, 1763674617309, 26053
pause-pod-4-57, 1763674591294, 1763674617465, 26171
pause-pod-4-58, 1763674591303, 1763674617621, 26318
pause-pod-4-59, 1763674591309, 1763674617777, 26468
pause-pod-4-60, 1763674591327, 1763674617933, 26606
pause-pod-4-61, 1763674591335, 1763674618089, 26754
pause-pod-4-62, 1763674591341, 1763674618245, 26904
pause-pod-4-63, 1763674591345, 1763674618401, 27056
pause-pod-4-64, 1763674591354, 1763674618558, 27204
pause-pod-4-65, 1763674591370, 1763674618714, 27344
pause-pod-4-66, 1763674591376, 1763674618869, 27493
pause-pod-4-67, 1763674591401, 1763674619025, 27624
pause-pod-4-68, 1763674591411, 1763674619180, 27769
pause-pod-4-69, 1763674591420, 1763674619336, 27916
pause-pod-4-70, 1763674591439, 1763674619492, 28053
pause-pod-4-71, 1763674591478, 1763674619647, 28169
pause-pod-4-72, 1763674591551, 1763674619802, 28251
pause-pod-4-73, 1763674591558, 1763674619958, 28400
pause-pod-4-74, 1763674591592, 1763674620114, 28522
pause-pod-4-75, 1763674591596, 1763674620269, 28673
pause-pod-4-76, 1763674591619, 1763674620425, 28806
pause-pod-4-77, 1763674591632, 1763674620580, 28948
pause-pod-4-78, 1763674591643, 1763674620736, 29093
pause-pod-4-79, 1763674591656, 1763674620891, 29235
pause-pod-4-80, 1763674591672, 1763674621047, 29375
pause-pod-4-81, 1763674591689, 1763674621202, 29513
pause-pod-4-82, 1763674591694, 1763674621357, 29663
pause-pod-4-83, 1763674591745, 1763674621513, 29768
pause-pod-4-84, 1763674591777, 1763674621668, 29891
pause-pod-4-85, 1763674591783, 1763674621823, 30040
pause-pod-4-86, 1763674591799, 1763674621979, 30180
pause-pod-4-87, 1763674591822, 1763674622135, 30313
pause-pod-4-88, 1763674591838, 1763674622292, 30454
pause-pod-4-89, 1763674591841, 1763674622448, 30607
pause-pod-4-90, 1763674591846, 1763674622603, 30757
pause-pod-4-91, 1763674591875, 1763674622759, 30884
pause-pod-4-92, 1763674591883, 1763674622915, 31032
pause-pod-4-93, 1763674591921, 1763674623071, 31150
pause-pod-4-94, 1763674591924, 1763674623227, 31303
pause-pod-4-95, 1763674591972, 1763674623383, 31411
pause-pod-4-96, 1763674591982, 1763674623539, 31557
pause-pod-4-97, 1763674591987, 1763674623695, 31708
pause-pod-4-98, 1763674591992, 1763674623851, 31859
pause-pod-4-99, 1763674592005, 1763674624007, 32002
pause-pod-4-100, 1763674592009, 1763674624163, 32154
pause-pod-5-1, 1763674703115, 1763674713822, 10707
pause-pod-5-2, 1763674703118, 1763674713980, 10862
pause-pod-5-3, 1763674703120, 1763674714135, 11015
pause-pod-5-4, 1763674703122, 1763674714290, 11168
pause-pod-5-5, 1763674703124, 1763674722590, 19466
pause-pod-5-6, 1763674703127, 1763674722746, 19619
pause-pod-5-7, 1763674703130, 1763674722901, 19771
pause-pod-5-8, 1763674703133, 1763674723059, 19926
pause-pod-5-9, 1763674703136, 1763674723215, 20079
pause-pod-5-10, 1763674703140, 1763674723371, 20231
pause-pod-5-11, 1763674703143, 1763674723528, 20385
pause-pod-5-12, 1763674703147, 1763674723687, 20540
pause-pod-5-13, 1763674703151, 1763674723852, 20701
pause-pod-5-14, 1763674703154, 1763674724007, 20853
pause-pod-5-15, 1763674703157, 1763674724164, 21007
pause-pod-5-16, 1763674703162, 1763674724320, 21158
pause-pod-5-17, 1763674703179, 1763674724476, 21297
pause-pod-5-18, 1763674703187, 1763674724631, 21444
pause-pod-5-19, 1763674703191, 1763674724787, 21596
pause-pod-5-20, 1763674703201, 1763674724944, 21743
pause-pod-5-21, 1763674703213, 1763674725100, 21887
pause-pod-5-22, 1763674703220, 1763674725256, 22036
pause-pod-5-23, 1763674703231, 1763674725411, 22180
pause-pod-5-24, 1763674703258, 1763674725567, 22309
pause-pod-5-25, 1763674703269, 1763674725723, 22454
pause-pod-5-26, 1763674703276, 1763674725879, 22603
pause-pod-5-27, 1763674703321, 1763674726035, 22714
pause-pod-5-28, 1763674703348, 1763674726190, 22842
pause-pod-5-29, 1763674703366, 1763674726346, 22980
pause-pod-5-30, 1763674703387, 1763674726502, 23115
pause-pod-5-31, 1763674703393, 1763674726657, 23264
pause-pod-5-32, 1763674703412, 1763674726814, 23402
pause-pod-5-33, 1763674703428, 1763674726969, 23541
pause-pod-5-34, 1763674703453, 1763674727124, 23671
pause-pod-5-35, 1763674703469, 1763674727279, 23810
pause-pod-5-36, 1763674703482, 1763674727435, 23953
pause-pod-5-37, 1763674703519, 1763674727591, 24072
pause-pod-5-38, 1763674703532, 1763674727747, 24215
pause-pod-5-39, 1763674703539, 1763674727901, 24362
pause-pod-5-40, 1763674703561, 1763674728056, 24495
pause-pod-5-41, 1763674703570, 1763674728211, 24641
pause-pod-5-42, 1763674703604, 1763674728366, 24762
pause-pod-5-43, 1763674703630, 1763674728522, 24892
pause-pod-5-44, 1763674703656, 1763674728676, 25020
pause-pod-5-45, 1763674703691, 1763674728832, 25141
pause-pod-5-46, 1763674703735, 1763674728988, 25253
pause-pod-5-47, 1763674703743, 1763674729143, 25400
pause-pod-5-48, 1763674703759, 1763674729299, 25540
pause-pod-5-49, 1763674703774, 1763674729453, 25679
pause-pod-5-50, 1763674703788, 1763674729608, 25820
pause-pod-5-51, 1763674703852, 1763674729764, 25912
pause-pod-5-52, 1763674703880, 1763674729919, 26039
pause-pod-5-53, 1763674703895, 1763674730074, 26179
pause-pod-5-54, 1763674703911, 1763674730229, 26318
pause-pod-5-55, 1763674703916, 1763674730385, 26469
pause-pod-5-56, 1763674703929, 1763674730541, 26612
pause-pod-5-57, 1763674703936, 1763674730697, 26761
pause-pod-5-58, 1763674703943, 1763674730852, 26909
pause-pod-5-59, 1763674703951, 1763674731008, 27057
pause-pod-5-60, 1763674703966, 1763674731163, 27197
pause-pod-5-61, 1763674703976, 1763674731318, 27342
pause-pod-5-62, 1763674703980, 1763674731475, 27495
pause-pod-5-63, 1763674703984, 1763674731632, 27648
pause-pod-5-64, 1763674703993, 1763674731787, 27794
pause-pod-5-65, 1763674704000, 1763674731943, 27943
pause-pod-5-66, 1763674704007, 1763674732099, 28092
pause-pod-5-67, 1763674704013, 1763674732254, 28241
pause-pod-5-68, 1763674704024, 1763674732410, 28386
pause-pod-5-69, 1763674704040, 1763674732566, 28526
pause-pod-5-70, 1763674704066, 1763674732720, 28654
pause-pod-5-71, 1763674704089, 1763674732875, 28786
pause-pod-5-72, 1763674704096, 1763674733030, 28934
pause-pod-5-73, 1763674704132, 1763674733185, 29053
pause-pod-5-74, 1763674704141, 1763674733340, 29199
pause-pod-5-75, 1763674704200, 1763674733496, 29296
pause-pod-5-76, 1763674704255, 1763674733651, 29396
pause-pod-5-77, 1763674704269, 1763674733806, 29537
pause-pod-5-78, 1763674704285, 1763674733962, 29677
pause-pod-5-79, 1763674704312, 1763674734118, 29806
pause-pod-5-80, 1763674704329, 1763674734273, 29944
pause-pod-5-81, 1763674704337, 1763674734429, 30092
pause-pod-5-82, 1763674704352, 1763674734585, 30233
pause-pod-5-83, 1763674704356, 1763674734741, 30385
pause-pod-5-84, 1763674704376, 1763674734896, 30520
pause-pod-5-85, 1763674704407, 1763674735051, 30644
pause-pod-5-86, 1763674704432, 1763674735207, 30775
pause-pod-5-87, 1763674704441, 1763674735362, 30921
pause-pod-5-88, 1763674704468, 1763674735517, 31049
pause-pod-5-89, 1763674704473, 1763674735673, 31200
pause-pod-5-90, 1763674704489, 1763674735829, 31340
pause-pod-5-91, 1763674704504, 1763674735985, 31481
pause-pod-5-92, 1763674704511, 1763674736139, 31628
pause-pod-5-93, 1763674704519, 1763674736294, 31775
pause-pod-5-94, 1763674704529, 1763674736450, 31921
pause-pod-5-95, 1763674704549, 1763674736606, 32057
pause-pod-5-96, 1763674704577, 1763674736762, 32185
pause-pod-5-97, 1763674704598, 1763674736917, 32319
pause-pod-5-98, 1763674704618, 1763674737073, 32455
pause-pod-5-99, 1763674704635, 1763674737229, 32594
pause-pod-5-100, 1763674704642, 1763674737385, 32743
pause-pod-6-1, 1763674817624, 1763674823267, 5643
pause-pod-6-2, 1763674817626, 1763674823885, 6259
pause-pod-6-3, 1763674817628, 1763674836963, 19335
pause-pod-6-4, 1763674817630, 1763674837122, 19492
pause-pod-6-5, 1763674817633, 1763674837278, 19645
pause-pod-6-6, 1763674817635, 1763674837434, 19799
pause-pod-6-7, 1763674817638, 1763674837592, 19954
pause-pod-6-8, 1763674817641, 1763674837747, 20106
pause-pod-6-9, 1763674817644, 1763674837904, 20260
pause-pod-6-10, 1763674817647, 1763674838060, 20413
pause-pod-6-11, 1763674817650, 1763674838216, 20566
pause-pod-6-12, 1763674817654, 1763674838371, 20717
pause-pod-6-13, 1763674817658, 1763674838527, 20869
pause-pod-6-14, 1763674817662, 1763674838683, 21021
pause-pod-6-15, 1763674817665, 1763674838839, 21174
pause-pod-6-16, 1763674817670, 1763674838996, 21326
pause-pod-6-17, 1763674817673, 1763674839152, 21479
pause-pod-6-18, 1763674817694, 1763674839307, 21613
pause-pod-6-19, 1763674817711, 1763674839462, 21751
pause-pod-6-20, 1763674817716, 1763674839619, 21903
pause-pod-6-21, 1763674817765, 1763674839774, 22009
pause-pod-6-22, 1763674817787, 1763674839928, 22141
pause-pod-6-23, 1763674817799, 1763674840083, 22284
pause-pod-6-24, 1763674817860, 1763674840238, 22378
pause-pod-6-25, 1763674817870, 1763674840393, 22523
pause-pod-6-26, 1763674817883, 1763674840549, 22666
pause-pod-6-27, 1763674817924, 1763674840704, 22780
pause-pod-6-28, 1763674817940, 1763674840860, 22920
pause-pod-6-29, 1763674817948, 1763674841015, 23067
pause-pod-6-30, 1763674817955, 1763674841169, 23214
pause-pod-6-31, 1763674817965, 1763674841326, 23361
pause-pod-6-32, 1763674817969, 1763674841481, 23512
pause-pod-6-33, 1763674817993, 1763674841635, 23642
pause-pod-6-34, 1763674818000, 1763674841790, 23790
pause-pod-6-35, 1763674818012, 1763674841945, 23933
pause-pod-6-36, 1763674818025, 1763674842101, 24076
pause-pod-6-37, 1763674818042, 1763674842256, 24214
pause-pod-6-38, 1763674818074, 1763674842412, 24338
pause-pod-6-39, 1763674818091, 1763674842568, 24477
pause-pod-6-40, 1763674818098, 1763674842724, 24626
pause-pod-6-41, 1763674818124, 1763674842879, 24755
pause-pod-6-42, 1763674818141, 1763674843035, 24894
pause-pod-6-43, 1763674818169, 1763674843190, 25021
pause-pod-6-44, 1763674818192, 1763674843345, 25153
pause-pod-6-45, 1763674818213, 1763674843501, 25288
pause-pod-6-46, 1763674818226, 1763674843657, 25431
pause-pod-6-47, 1763674818257, 1763674843812, 25555
pause-pod-6-48, 1763674818268, 1763674843967, 25699
pause-pod-6-49, 1763674818292, 1763674844123, 25831
pause-pod-6-50, 1763674818323, 1763674844279, 25956
pause-pod-6-51, 1763674818328, 1763674844434, 26106
pause-pod-6-52, 1763674818336, 1763674844590, 26254
pause-pod-6-53, 1763674818340, 1763674844746, 26406
pause-pod-6-54, 1763674818356, 1763674844902, 26546
pause-pod-6-55, 1763674818381, 1763674845058, 26677
pause-pod-6-56, 1763674818392, 1763674845214, 26822
pause-pod-6-57, 1763674818402, 1763674845371, 26969
pause-pod-6-58, 1763674818406, 1763674845527, 27121
pause-pod-6-59, 1763674818416, 1763674845683, 27267
pause-pod-6-60, 1763674818432, 1763674845839, 27407
pause-pod-6-61, 1763674818439, 1763674845994, 27555
pause-pod-6-62, 1763674818454, 1763674846150, 27696
pause-pod-6-63, 1763674818469, 1763674846305, 27836
pause-pod-6-64, 1763674818478, 1763674846460, 27982
pause-pod-6-65, 1763674818490, 1763674846615, 28125
pause-pod-6-66, 1763674818510, 1763674846770, 28260
pause-pod-6-67, 1763674818520, 1763674846925, 28405
pause-pod-6-68, 1763674818547, 1763674847081, 28534
pause-pod-6-69, 1763674818576, 1763674847236, 28660
pause-pod-6-70, 1763674818596, 1763674847390, 28794
pause-pod-6-71, 1763674818646, 1763674847546, 28900
pause-pod-6-72, 1763674818651, 1763674847700, 29049
pause-pod-6-73, 1763674818698, 1763674847854, 29156
pause-pod-6-74, 1763674818703, 1763674848009, 29306
pause-pod-6-75, 1763674818707, 1763674848164, 29457
pause-pod-6-76, 1763674818715, 1763674848319, 29604
pause-pod-6-77, 1763674818727, 1763674848474, 29747
pause-pod-6-78, 1763674818732, 1763674848630, 29898
pause-pod-6-79, 1763674818756, 1763674848786, 30030
pause-pod-6-80, 1763674818768, 1763674848942, 30174
pause-pod-6-81, 1763674818795, 1763674849097, 30302
pause-pod-6-82, 1763674818817, 1763674849252, 30435
pause-pod-6-83, 1763674818837, 1763674849406, 30569
pause-pod-6-84, 1763674818854, 1763674849563, 30709
pause-pod-6-85, 1763674818868, 1763674849719, 30851
pause-pod-6-86, 1763674818896, 1763674849875, 30979
pause-pod-6-87, 1763674818910, 1763674850030, 31120
pause-pod-6-88, 1763674818956, 1763674850187, 31231
pause-pod-6-89, 1763674818990, 1763674850340, 31350
pause-pod-6-90, 1763674819012, 1763674850496, 31484
pause-pod-6-91, 1763674819027, 1763674850652, 31625
pause-pod-6-92, 1763674819044, 1763674850808, 31764
pause-pod-6-93, 1763674819049, 1763674850963, 31914
pause-pod-6-94, 1763674819069, 1763674851117, 32048
pause-pod-6-95, 1763674819073, 1763674851273, 32200
pause-pod-6-96, 1763674819095, 1763674851427, 32332
pause-pod-6-97, 1763674819112, 1763674851582, 32470
pause-pod-6-98, 1763674819120, 1763674851738, 32618
pause-pod-6-99, 1763674819139, 1763674851893, 32754
pause-pod-6-100, 1763674819154, 1763674852048, 32894
