Pod Name, Creation Timestamp, Ready Timestamp, Latency (milliseconds)
pause-pod-1-1, 1763675141642, 1763675158764, 17122
pause-pod-1-2, 1763675141644, 1763675159083, 17439
pause-pod-1-3, 1763675141647, 1763675159280, 17633
pause-pod-1-4, 1763675141649, 1763675159482, 17833
pause-pod-1-5, 1763675141660, 1763675159674, 18014
pause-pod-1-6, 1763675141674, 1763675159889, 18215
pause-pod-1-7, 1763675141693, 1763675160088, 18395
pause-pod-1-8, 1763675141707, 1763675160278, 18571
pause-pod-1-9, 1763675141721, 1763675160466, 18745
pause-pod-1-10, 1763675141758, 1763675160660, 18902
pause-pod-1-11, 1763675141775, 1763675160854, 19079
pause-pod-1-12, 1763675141808, 1763675161053, 19245
pause-pod-1-13, 1763675141819, 1763675161245, 19426
pause-pod-1-14, 1763675141830, 1763675169723, 27893
pause-pod-1-15, 1763675141865, 1763675169942, 28077
pause-pod-1-16, 1763675141914, 1763675170140, 28226
pause-pod-1-17, 1763675141928, 1763675170333, 28405
pause-pod-1-18, 1763675141971, 1763675170534, 28563
pause-pod-1-19, 1763675141996, 1763675170735, 28739
pause-pod-1-20, 1763675142019, 1763675170932, 28913
pause-pod-1-21, 1763675142067, 1763675181897, 39830
pause-pod-1-22, 1763675142087, 1763675182089, 40002
pause-pod-1-23, 1763675142118, 1763675182285, 40167
pause-pod-1-24, 1763675142202, 1763675182477, 40275
pause-pod-1-25, 1763675142260, 1763675182675, 40415
pause-pod-1-26, 1763675142289, 1763675182868, 40579
pause-pod-1-27, 1763675142320, 1763675183062, 40742
pause-pod-1-28, 1763675142386, 1763675183250, 40864
pause-pod-1-29, 1763675142402, 1763675183441, 41039
pause-pod-1-30, 1763675142470, 1763675184110, 41640
pause-pod-1-31, 1763675142605, 1763675184303, 41698
pause-pod-1-32, 1763675142630, 1763675184499, 41869
pause-pod-1-33, 1763675142747, 1763675184689, 41942
pause-pod-1-34, 1763675142766, 1763675184890, 42124
pause-pod-1-35, 1763675142830, 1763675185089, 42259
pause-pod-1-36, 1763675142858, 1763675185283, 42425
pause-pod-1-37, 1763675142959, 1763675185477, 42518
pause-pod-1-38, 1763675142993, 1763675185666, 42673
pause-pod-1-39, 1763675143030, 1763675185861, 42831
pause-pod-1-40, 1763675143086, 1763675186060, 42974
pause-pod-1-41, 1763675143127, 1763675186258, 43131
pause-pod-1-42, 1763675143227, 1763675186444, 43217
pause-pod-1-43, 1763675143259, 1763675186631, 43372
pause-pod-1-44, 1763675143329, 1763675186820, 43491
pause-pod-1-45, 1763675143389, 1763675187020, 43631
pause-pod-1-46, 1763675143512, 1763675187208, 43696
pause-pod-1-47, 1763675143638, 1763675187401, 43763
pause-pod-1-48, 1763675143808, 1763675203522, 59714
pause-pod-1-49, 1763675143960, 1763675203757, 59797
pause-pod-1-50, 1763675144086, 1763675203956, 59870
pause-pod-1-51, 1763675144125, 1763675204147, 60022
pause-pod-1-52, 1763675144221, 1763675204344, 60123
pause-pod-1-53, 1763675144294, 1763675204543, 60249
pause-pod-1-54, 1763675144351, 1763675204728, 60377
pause-pod-1-55, 1763675144483, 1763675204920, 60437
pause-pod-1-56, 1763675144642, 1763675205109, 60467
pause-pod-1-57, 1763675144721, 1763675205298, 60577
pause-pod-1-58, 1763675144824, 1763675205488, 60664
pause-pod-1-59, 1763675145010, 1763675205680, 60670
pause-pod-1-60, 1763675145109, 1763675205874, 60765
pause-pod-1-61, 1763675145203, 1763675206075, 60872
pause-pod-1-62, 1763675145271, 1763675206269, 60998
pause-pod-1-63, 1763675145329, 1763675206459, 61130
pause-pod-1-64, 1763675145469, 1763675206651, 61182
pause-pod-1-65, 1763675145591, 1763675206841, 61250
pause-pod-1-66, 1763675145611, 1763675207034, 61423
pause-pod-1-67, 1763675145693, 1763675207223, 61530
pause-pod-1-68, 1763675145873, 1763675207415, 61542
pause-pod-1-69, 1763675145958, 1763675207608, 61650
pause-pod-1-70, 1763675146067, 1763675207796, 61729
pause-pod-1-71, 1763675146127, 1763675207995, 61868
pause-pod-1-72, 1763675146204, 1763675208186, 61982
pause-pod-1-73, 1763675146337, 1763675208376, 62039
pause-pod-1-74, 1763675146410, 1763675208573, 62163
pause-pod-1-75, 1763675146494, 1763675208769, 62275
pause-pod-1-76, 1763675146737, 1763675208967, 62230
pause-pod-1-77, 1763675146842, 1763675209169, 62327
pause-pod-1-78, 1763675146948, 1763675209365, 62417
pause-pod-1-79, 1763675146979, 1763675209562, 62583
pause-pod-1-80, 1763675147025, 1763675209754, 62729
pause-pod-1-81, 1763675147068, 1763675209955, 62887
pause-pod-1-82, 1763675147154, 1763675210147, 62993
pause-pod-1-83, 1763675147275, 1763675210336, 63061
pause-pod-1-84, 1763675147310, 1763675210899, 63589
pause-pod-1-85, 1763675147341, 1763675211097, 63756
pause-pod-1-86, 1763675147567, 1763675211287, 63720
pause-pod-1-87, 1763675147587, 1763675211474, 63887
pause-pod-1-88, 1763675147718, 1763675211684, 63966
pause-pod-1-89, 1763675147905, 1763675211882, 63977
pause-pod-1-90, 1763675148030, 1763675212081, 64051
pause-pod-1-91, 1763675148190, 1763675212280, 64090
pause-pod-1-92, 1763675148265, 1763675212468, 64203
pause-pod-1-93, 1763675148419, 1763675212663, 64244
pause-pod-1-94, 1763675148495, 1763675212854, 64359
pause-pod-1-95, 1763675148558, 1763675213046, 64488
pause-pod-1-96, 1763675148608, 1763675213243, 64635
pause-pod-1-97, 1763675148713, 1763675213437, 64724
pause-pod-1-98, 1763675148863, 1763675213626, 64763
pause-pod-1-99, 1763675148993, 1763675213816, 64823
pause-pod-1-100, 1763675149055, 1763675214019, 64964
pause-pod-1-101, 1763675149152, 1763675214215, 65063
pause-pod-1-102, 1763675149285, 1763675214409, 65124
pause-pod-1-103, 1763675149312, 1763675214610, 65298
pause-pod-1-104, 1763675149362, 1763675214803, 65441
pause-pod-1-105, 1763675149444, 1763675215004, 65560
pause-pod-1-106, 1763675149482, 1763675215200, 65718
pause-pod-1-107, 1763675149563, 1763675215392, 65829
pause-pod-1-108, 1763675149656, 1763675215582, 65926
pause-pod-1-109, 1763675149708, 1763675215774, 66066
pause-pod-1-110, 1763675149770, 1763675215964, 66194
pause-pod-1-111, 1763675149810, 1763675216157, 66347
pause-pod-1-112, 1763675149814, 1763675216352, 66538
pause-pod-1-113, 1763675149938, 1763675216540, 66602
pause-pod-1-114, 1763675150055, 1763675216731, 66676
pause-pod-1-115, 1763675150112, 1763675216920, 66808
pause-pod-1-116, 1763675150173, 1763675217111, 66938
pause-pod-1-117, 1763675150207, 1763675217298, 67091
pause-pod-1-118, 1763675150229, 1763675217490, 67261
pause-pod-1-119, 1763675150325, 1763675217684, 67359
pause-pod-1-120, 1763675150344, 1763675217873, 67529
pause-pod-1-121, 1763675150834, 1763675218067, 67233
pause-pod-1-122, 1763675150994, 1763675218261, 67267
pause-pod-1-123, 1763675151026, 1763675218451, 67425
pause-pod-1-124, 1763675151104, 1763675218640, 67536
pause-pod-1-125, 1763675151344, 1763675218837, 67493
pause-pod-1-126, 1763675151461, 1763675219031, 67570
pause-pod-1-127, 1763675151476, 1763675219225, 67749
pause-pod-1-128, 1763675151660, 1763675219419, 67759
pause-pod-1-129, 1763675151800, 1763675219611, 67811
pause-pod-1-130, 1763675151865, 1763675219803, 67938
pause-pod-1-131, 1763675152035, 1763675219998, 67963
pause-pod-1-132, 1763675152067, 1763675220197, 68130
pause-pod-1-133, 1763675152207, 1763675220391, 68184
pause-pod-1-134, 1763675152228, 1763675220584, 68356
pause-pod-1-135, 1763675152657, 1763675220772, 68115
pause-pod-1-136, 1763675152804, 1763675220958, 68154
pause-pod-1-137, 1763675152957, 1763675221146, 68189
pause-pod-1-138, 1763675153282, 1763675221339, 68057
pause-pod-1-139, 1763675153296, 1763675221531, 68235
pause-pod-1-140, 1763675153314, 1763675221738, 68424
pause-pod-1-141, 1763675153508, 1763675221935, 68427
pause-pod-1-142, 1763675153729, 1763675222126, 68397
pause-pod-1-143, 1763675154088, 1763675222490, 68402
pause-pod-1-144, 1763675154121, 1763675222684, 68563
pause-pod-1-145, 1763675154229, 1763675222877, 68648
pause-pod-1-146, 1763675154334, 1763675223070, 68736
pause-pod-1-147, 1763675154402, 1763675223260, 68858
pause-pod-1-148, 1763675154525, 1763675223450, 68925
pause-pod-1-149, 1763675154621, 1763675223649, 69028
pause-pod-1-150, 1763675154725, 1763675223839, 69114
pause-pod-2-1, 1763675355761, 1763675370916, 15155
pause-pod-2-2, 1763675355763, 1763675371117, 15354
pause-pod-2-3, 1763675355775, 1763675371315, 15540
pause-pod-2-4, 1763675355783, 1763675371505, 15722
pause-pod-2-5, 1763675355793, 1763675371699, 15906
pause-pod-2-6, 1763675355806, 1763675373600, 17794
pause-pod-2-7, 1763675355816, 1763675373793, 17977
pause-pod-2-8, 1763675355828, 1763675395661, 39833
pause-pod-2-9, 1763675355834, 1763675395852, 40018
pause-pod-2-10, 1763675355843, 1763675396046, 40203
pause-pod-2-11, 1763675355858, 1763675396244, 40386
pause-pod-2-12, 1763675355871, 1763675396434, 40563
pause-pod-2-13, 1763675355902, 1763675396626, 40724
pause-pod-2-14, 1763675355938, 1763675404773, 48835
pause-pod-2-15, 1763675355954, 1763675404980, 49026
pause-pod-2-16, 1763675356009, 1763675405204, 49195
pause-pod-2-17, 1763675356044, 1763675405419, 49375
pause-pod-2-18, 1763675356086, 1763675405627, 49541
pause-pod-2-19, 1763675356104, 1763675405825, 49721
pause-pod-2-20, 1763675356139, 1763675406069, 49930
pause-pod-2-21, 1763675356176, 1763675406272, 50096
pause-pod-2-22, 1763675356218, 1763675406464, 50246
pause-pod-2-23, 1763675356261, 1763675406687, 50426
pause-pod-2-24, 1763675356300, 1763675406888, 50588
pause-pod-2-25, 1763675356437, 1763675407077, 50640
pause-pod-2-26, 1763675356472, 1763675407282, 50810
pause-pod-2-27, 1763675356529, 1763675407496, 50967
pause-pod-2-28, 1763675356548, 1763675407697, 51149
pause-pod-2-29, 1763675356574, 1763675407900, 51326
pause-pod-2-30, 1763675356648, 1763675408102, 51454
pause-pod-2-31, 1763675356720, 1763675408291, 51571
pause-pod-2-32, 1763675356780, 1763675409745, 52965
pause-pod-2-33, 1763675356844, 1763675409966, 53122
pause-pod-2-34, 1763675356878, 1763675410162, 53284
pause-pod-2-35, 1763675356953, 1763675410358, 53405
pause-pod-2-36, 1763675357090, 1763675410565, 53475
pause-pod-2-37, 1763675357133, 1763675410775, 53642
pause-pod-2-38, 1763675357256, 1763675410990, 53734
pause-pod-2-39, 1763675357331, 1763675411188, 53857
pause-pod-2-40, 1763675357357, 1763675411393, 54036
pause-pod-2-41, 1763675357404, 1763675411593, 54189
pause-pod-2-42, 1763675357433, 1763675411824, 54391
pause-pod-2-43, 1763675357505, 1763675412027, 54522
pause-pod-2-44, 1763675357559, 1763675412268, 54709
pause-pod-2-45, 1763675357572, 1763675412486, 54914
pause-pod-2-46, 1763675357592, 1763675412718, 55126
pause-pod-2-47, 1763675357621, 1763675412928, 55307
pause-pod-2-48, 1763675357671, 1763675413152, 55481
pause-pod-2-49, 1763675357747, 1763675413347, 55600
pause-pod-2-50, 1763675357881, 1763675413585, 55704
pause-pod-2-51, 1763675357897, 1763675413785, 55888
pause-pod-2-52, 1763675357958, 1763675413978, 56020
pause-pod-2-53, 1763675358243, 1763675414167, 55924
pause-pod-2-54, 1763675358357, 1763675414366, 56009
pause-pod-2-55, 1763675358568, 1763675414559, 55991
pause-pod-2-56, 1763675358784, 1763675414756, 55972
pause-pod-2-57, 1763675358858, 1763675414946, 56088
pause-pod-2-58, 1763675358861, 1763675415141, 56280
pause-pod-2-59, 1763675359047, 1763675415331, 56284
pause-pod-2-60, 1763675359195, 1763675415529, 56334
pause-pod-2-61, 1763675359245, 1763675415726, 56481
pause-pod-2-62, 1763675359430, 1763675416329, 56899
pause-pod-2-63, 1763675359534, 1763675416525, 56991
pause-pod-2-64, 1763675359585, 1763675416720, 57135
pause-pod-2-65, 1763675359668, 1763675416914, 57246
pause-pod-2-66, 1763675359723, 1763675417112, 57389
pause-pod-2-67, 1763675359815, 1763675417301, 57486
pause-pod-2-68, 1763675359818, 1763675417492, 57674
pause-pod-2-69, 1763675359829, 1763675417683, 57854
pause-pod-2-70, 1763675359867, 1763675417896, 58029
pause-pod-2-71, 1763675359930, 1763675418087, 58157
pause-pod-2-72, 1763675360080, 1763675418279, 58199
pause-pod-2-73, 1763675360172, 1763675418475, 58303
pause-pod-2-74, 1763675360302, 1763675418671, 58369
pause-pod-2-75, 1763675360417, 1763675418862, 58445
pause-pod-2-76, 1763675360562, 1763675419065, 58503
pause-pod-2-77, 1763675360620, 1763675419260, 58640
pause-pod-2-78, 1763675360675, 1763675419456, 58781
pause-pod-2-79, 1763675360835, 1763675419646, 58811
pause-pod-2-80, 1763675360991, 1763675419833, 58842
pause-pod-2-81, 1763675361096, 1763675420030, 58934
pause-pod-2-82, 1763675361174, 1763675420220, 59046
pause-pod-2-83, 1763675361178, 1763675420421, 59243
pause-pod-2-84, 1763675361352, 1763675420612, 59260
pause-pod-2-85, 1763675361428, 1763675420806, 59378
pause-pod-2-86, 1763675361489, 1763675421008, 59519
pause-pod-2-87, 1763675361558, 1763675421198, 59640
pause-pod-2-88, 1763675361694, 1763675421389, 59695
pause-pod-2-89, 1763675361812, 1763675421579, 59767
pause-pod-2-90, 1763675362037, 1763675421769, 59732
pause-pod-2-91, 1763675362224, 1763675421963, 59739
pause-pod-2-92, 1763675362299, 1763675422157, 59858
pause-pod-2-93, 1763675362335, 1763675422945, 60610
pause-pod-2-94, 1763675362434, 1763675423137, 60703
pause-pod-2-95, 1763675362496, 1763675423325, 60829
pause-pod-2-96, 1763675362588, 1763675423523, 60935
pause-pod-2-97, 1763675362665, 1763675423731, 61066
pause-pod-2-98, 1763675362942, 1763675423925, 60983
pause-pod-2-99, 1763675363008, 1763675424125, 61117
pause-pod-2-100, 1763675363098, 1763675424317, 61219
pause-pod-2-101, 1763675363455, 1763675424508, 61053
pause-pod-2-102, 1763675363565, 1763675424700, 61135
pause-pod-2-103, 1763675363746, 1763675424890, 61144
pause-pod-2-104, 1763675363763, 1763675425078, 61315
pause-pod-2-105, 1763675363774, 1763675425271, 61497
pause-pod-2-106, 1763675363818, 1763675425465, 61647
pause-pod-2-107, 1763675363837, 1763675425660, 61823
pause-pod-2-108, 1763675363915, 1763675425848, 61933
pause-pod-2-109, 1763675364025, 1763675426045, 62020
pause-pod-2-110, 1763675364136, 1763675426238, 62102
pause-pod-2-111, 1763675364251, 1763675426429, 62178
pause-pod-2-112, 1763675364368, 1763675426626, 62258
pause-pod-2-113, 1763675364389, 1763675426818, 62429
pause-pod-2-114, 1763675364436, 1763675427014, 62578
pause-pod-2-115, 1763675364495, 1763675427203, 62708
pause-pod-2-116, 1763675364559, 1763675427405, 62846
pause-pod-2-117, 1763675364690, 1763675428079, 63389
pause-pod-2-118, 1763675364716, 1763675428270, 63554
pause-pod-2-119, 1763675364742, 1763675428461, 63719
pause-pod-2-120, 1763675364804, 1763675428653, 63849
pause-pod-2-121, 1763675364985, 1763675428844, 63859
pause-pod-2-122, 1763675365028, 1763675429039, 64011
pause-pod-2-123, 1763675365093, 1763675429231, 64138
pause-pod-2-124, 1763675365111, 1763675429423, 64312
pause-pod-2-125, 1763675365142, 1763675429619, 64477
pause-pod-2-126, 1763675365559, 1763675429810, 64251
pause-pod-2-127, 1763675365701, 1763675429996, 64295
pause-pod-2-128, 1763675365769, 1763675430184, 64415
pause-pod-2-129, 1763675365881, 1763675430377, 64496
pause-pod-2-130, 1763675365953, 1763675430575, 64622
pause-pod-2-131, 1763675366012, 1763675430771, 64759
pause-pod-2-132, 1763675366076, 1763675430964, 64888
pause-pod-2-133, 1763675366122, 1763675431150, 65028
pause-pod-2-134, 1763675366259, 1763675431341, 65082
pause-pod-2-135, 1763675366314, 1763675431531, 65217
pause-pod-2-136, 1763675366367, 1763675431723, 65356
pause-pod-2-137, 1763675366521, 1763675431921, 65400
pause-pod-2-138, 1763675366666, 1763675432113, 65447
pause-pod-2-139, 1763675366800, 1763675432309, 65509
pause-pod-2-140, 1763675366836, 1763675432494, 65658
pause-pod-2-141, 1763675366889, 1763675432685, 65796
pause-pod-2-142, 1763675366938, 1763675432875, 65937
pause-pod-2-143, 1763675367011, 1763675433068, 66057
pause-pod-2-144, 1763675367299, 1763675433255, 65956
pause-pod-2-145, 1763675367448, 1763675433449, 66001
pause-pod-2-146, 1763675367628, 1763675433642, 66014
pause-pod-2-147, 1763675367736, 1763675433836, 66100
pause-pod-2-148, 1763675367783, 1763675434045, 66262
pause-pod-2-149, 1763675367909, 1763675434239, 66330
pause-pod-2-150, 1763675368063, 1763675434427, 66364
pause-pod-3-1, 1763675550888, 1763675566467, 15579
pause-pod-3-2, 1763675550893, 1763675566689, 15796
pause-pod-3-3, 1763675550896, 1763675566895, 15999
pause-pod-3-4, 1763675550902, 1763675567087, 16185
pause-pod-3-5, 1763675550925, 1763675567275, 16350
pause-pod-3-6, 1763675550969, 1763675567467, 16498
pause-pod-3-7, 1763675551015, 1763675568391, 17376
pause-pod-3-8, 1763675551031, 1763675568603, 17572
pause-pod-3-9, 1763675551035, 1763675568797, 17762
pause-pod-3-10, 1763675551056, 1763675569014, 17958
pause-pod-3-11, 1763675551136, 1763675569220, 18084
pause-pod-3-12, 1763675551175, 1763675569437, 18262
pause-pod-3-13, 1763675551222, 1763675569641, 18419
pause-pod-3-14, 1763675551251, 1763675569841, 18590
pause-pod-3-15, 1763675551275, 1763675570058, 18783
pause-pod-3-16, 1763675551342, 1763675570554, 19212
pause-pod-3-17, 1763675551362, 1763675570750, 19388
pause-pod-3-18, 1763675551400, 1763675570974, 19574
pause-pod-3-19, 1763675551430, 1763675571219, 19789
pause-pod-3-20, 1763675551499, 1763675601972, 50473
pause-pod-3-21, 1763675551526, 1763675602167, 50641
pause-pod-3-22, 1763675551648, 1763675602382, 50734
pause-pod-3-23, 1763675551668, 1763675602994, 51326
pause-pod-3-24, 1763675551738, 1763675603199, 51461
pause-pod-3-25, 1763675551796, 1763675603403, 51607
pause-pod-3-26, 1763675551843, 1763675603613, 51770
pause-pod-3-27, 1763675551852, 1763675603945, 52093
pause-pod-3-28, 1763675552002, 1763675604180, 52178
pause-pod-3-29, 1763675552016, 1763675604399, 52383
pause-pod-3-30, 1763675552035, 1763675604641, 52606
pause-pod-3-31, 1763675552073, 1763675604863, 52790
pause-pod-3-32, 1763675552139, 1763675605073, 52934
pause-pod-3-33, 1763675552191, 1763675605378, 53187
pause-pod-3-34, 1763675552254, 1763675605665, 53411
pause-pod-3-35, 1763675552288, 1763675605898, 53610
pause-pod-3-36, 1763675552319, 1763675606113, 53794
pause-pod-3-37, 1763675552328, 1763675606321, 53993
pause-pod-3-38, 1763675552428, 1763675607512, 55084
pause-pod-3-39, 1763675552592, 1763675607741, 55149
pause-pod-3-40, 1763675552629, 1763675607940, 55311
pause-pod-3-41, 1763675552634, 1763675609270, 56636
pause-pod-3-42, 1763675552637, 1763675609481, 56844
pause-pod-3-43, 1763675552746, 1763675609709, 56963
pause-pod-3-44, 1763675552763, 1763675609914, 57151
pause-pod-3-45, 1763675552842, 1763675610170, 57328
pause-pod-3-46, 1763675552933, 1763675610369, 57436
pause-pod-3-47, 1763675553034, 1763675610565, 57531
pause-pod-3-48, 1763675553173, 1763675610753, 57580
pause-pod-3-49, 1763675553292, 1763675611260, 57968
pause-pod-3-50, 1763675553456, 1763675611470, 58014
pause-pod-3-51, 1763675553603, 1763675611670, 58067
pause-pod-3-52, 1763675553656, 1763675611865, 58209
pause-pod-3-53, 1763675553830, 1763675612064, 58234
pause-pod-3-54, 1763675553984, 1763675612253, 58269
pause-pod-3-55, 1763675554038, 1763675612449, 58411
pause-pod-3-56, 1763675554080, 1763675612649, 58569
pause-pod-3-57, 1763675554094, 1763675612839, 58745
pause-pod-3-58, 1763675554120, 1763675613046, 58926
pause-pod-3-59, 1763675554213, 1763675613234, 59021
pause-pod-3-60, 1763675554319, 1763675613423, 59104
pause-pod-3-61, 1763675554331, 1763675615035, 60704
pause-pod-3-62, 1763675554336, 1763675615227, 60891
pause-pod-3-63, 1763675554429, 1763675615428, 60999
pause-pod-3-64, 1763675554577, 1763675615623, 61046
pause-pod-3-65, 1763675554592, 1763675615819, 61227
pause-pod-3-66, 1763675554609, 1763675616014, 61405
pause-pod-3-67, 1763675554657, 1763675616212, 61555
pause-pod-3-68, 1763675554692, 1763675616408, 61716
pause-pod-3-69, 1763675554763, 1763675616603, 61840
pause-pod-3-70, 1763675554895, 1763675616799, 61904
pause-pod-3-71, 1763675554990, 1763675616994, 62004
pause-pod-3-72, 1763675555086, 1763675617190, 62104
pause-pod-3-73, 1763675555151, 1763675617396, 62245
pause-pod-3-74, 1763675555187, 1763675617597, 62410
pause-pod-3-75, 1763675555198, 1763675617800, 62602
pause-pod-3-76, 1763675555228, 1763675617988, 62760
pause-pod-3-77, 1763675555315, 1763675618177, 62862
pause-pod-3-78, 1763675555417, 1763675618378, 62961
pause-pod-3-79, 1763675555708, 1763675618563, 62855
pause-pod-3-80, 1763675555793, 1763675618762, 62969
pause-pod-3-81, 1763675555836, 1763675618954, 63118
pause-pod-3-82, 1763675555877, 1763675619145, 63268
pause-pod-3-83, 1763675556004, 1763675619335, 63331
pause-pod-3-84, 1763675556095, 1763675619529, 63434
pause-pod-3-85, 1763675556165, 1763675619718, 63553
pause-pod-3-86, 1763675556306, 1763675619907, 63601
pause-pod-3-87, 1763675556593, 1763675620097, 63504
pause-pod-3-88, 1763675556618, 1763675620288, 63670
pause-pod-3-89, 1763675556781, 1763675620478, 63697
pause-pod-3-90, 1763675556818, 1763675620676, 63858
pause-pod-3-91, 1763675556887, 1763675620873, 63986
pause-pod-3-92, 1763675556992, 1763675621081, 64089
pause-pod-3-93, 1763675557166, 1763675621281, 64115
pause-pod-3-94, 1763675557211, 1763675621476, 64265
pause-pod-3-95, 1763675557235, 1763675621678, 64443
pause-pod-3-96, 1763675557319, 1763675621866, 64547
pause-pod-3-97, 1763675557515, 1763675622064, 64549
pause-pod-3-98, 1763675557592, 1763675622258, 64666
pause-pod-3-99, 1763675557692, 1763675622449, 64757
pause-pod-3-100, 1763675557733, 1763675622641, 64908
pause-pod-3-101, 1763675557897, 1763675622832, 64935
pause-pod-3-102, 1763675557973, 1763675623032, 65059
pause-pod-3-103, 1763675558005, 1763675623223, 65218
pause-pod-3-104, 1763675558009, 1763675623425, 65416
pause-pod-3-105, 1763675558040, 1763675623618, 65578
pause-pod-3-106, 1763675558085, 1763675623809, 65724
pause-pod-3-107, 1763675558123, 1763675624000, 65877
pause-pod-3-108, 1763675558162, 1763675624192, 66030
pause-pod-3-109, 1763675558314, 1763675624386, 66072
pause-pod-3-110, 1763675558321, 1763675624573, 66252
pause-pod-3-111, 1763675558339, 1763675624774, 66435
pause-pod-3-112, 1763675558367, 1763675624971, 66604
pause-pod-3-113, 1763675558411, 1763675625170, 66759
pause-pod-3-114, 1763675558449, 1763675625368, 66919
pause-pod-3-115, 1763675558534, 1763675625554, 67020
pause-pod-3-116, 1763675558600, 1763675625748, 67148
pause-pod-3-117, 1763675558628, 1763675625938, 67310
pause-pod-3-118, 1763675558721, 1763675626131, 67410
pause-pod-3-119, 1763675558837, 1763675626318, 67481
pause-pod-3-120, 1763675558925, 1763675626513, 67588
pause-pod-3-121, 1763675558943, 1763675626703, 67760
pause-pod-3-122, 1763675558962, 1763675626892, 67930
pause-pod-3-123, 1763675558982, 1763675627081, 68099
pause-pod-3-124, 1763675559146, 1763675627270, 68124
pause-pod-3-125, 1763675560055, 1763675627463, 67408
pause-pod-3-126, 1763675560138, 1763675627653, 67515
pause-pod-3-127, 1763675560165, 1763675627850, 67685
pause-pod-3-128, 1763675560192, 1763675628044, 67852
pause-pod-3-129, 1763675560304, 1763675628239, 67935
pause-pod-3-130, 1763675560454, 1763675628433, 67979
pause-pod-3-131, 1763675560652, 1763675628620, 67968
pause-pod-3-132, 1763675560982, 1763675628816, 67834
pause-pod-3-133, 1763675561006, 1763675629023, 68017
pause-pod-3-134, 1763675561136, 1763675629213, 68077
pause-pod-3-135, 1763675561296, 1763675629404, 68108
pause-pod-3-136, 1763675561480, 1763675629593, 68113
pause-pod-3-137, 1763675561578, 1763675629785, 68207
pause-pod-3-138, 1763675561703, 1763675629975, 68272
pause-pod-3-139, 1763675561868, 1763675630166, 68298
pause-pod-3-140, 1763675561942, 1763675630362, 68420
pause-pod-3-141, 1763675562318, 1763675630553, 68235
pause-pod-3-142, 1763675562567, 1763675630749, 68182
pause-pod-3-143, 1763675562897, 1763675630941, 68044
pause-pod-3-144, 1763675563258, 1763675631143, 67885
pause-pod-3-145, 1763675563522, 1763675631330, 67808
pause-pod-3-146, 1763675563826, 1763675631523, 67697
pause-pod-3-147, 1763675564011, 1763675631717, 67706
pause-pod-3-148, 1763675564081, 1763675631911, 67830
pause-pod-3-149, 1763675564123, 1763675632103, 67980
pause-pod-3-150, 1763675564187, 1763675632293, 68106
pause-pod-4-1, 1763675752031, 1763675767316, 15285
pause-pod-4-2, 1763675752033, 1763675767523, 15490
pause-pod-4-3, 1763675752037, 1763675767735, 15698
pause-pod-4-4, 1763675752043, 1763675767939, 15896
pause-pod-4-5, 1763675752056, 1763675768131, 16075
pause-pod-4-6, 1763675752061, 1763675768327, 16266
pause-pod-4-7, 1763675752082, 1763675792056, 39974
pause-pod-4-8, 1763675752093, 1763675793160, 41067
pause-pod-4-9, 1763675752109, 1763675793353, 41244
pause-pod-4-10, 1763675752130, 1763675793544, 41414
pause-pod-4-11, 1763675752146, 1763675793735, 41589
pause-pod-4-12, 1763675752162, 1763675793929, 41767
pause-pod-4-13, 1763675752193, 1763675794124, 41931
pause-pod-4-14, 1763675752241, 1763675794321, 42080
pause-pod-4-15, 1763675752275, 1763675794517, 42242
pause-pod-4-16, 1763675752281, 1763675794712, 42431
pause-pod-4-17, 1763675752303, 1763675794905, 42602
pause-pod-4-18, 1763675752360, 1763675804173, 51813
pause-pod-4-19, 1763675752449, 1763675804382, 51933
pause-pod-4-20, 1763675752476, 1763675804575, 52099
pause-pod-4-21, 1763675752499, 1763675804779, 52280
pause-pod-4-22, 1763675752532, 1763675804984, 52452
pause-pod-4-23, 1763675752544, 1763675805181, 52637
pause-pod-4-24, 1763675752560, 1763675805860, 53300
pause-pod-4-25, 1763675752629, 1763675806056, 53427
pause-pod-4-26, 1763675752751, 1763675806251, 53500
pause-pod-4-27, 1763675752834, 1763675806452, 53618
pause-pod-4-28, 1763675752872, 1763675806644, 53772
pause-pod-4-29, 1763675752965, 1763675806856, 53891
pause-pod-4-30, 1763675753086, 1763675807046, 53960
pause-pod-4-31, 1763675753161, 1763675807235, 54074
pause-pod-4-32, 1763675753257, 1763675807463, 54206
pause-pod-4-33, 1763675753392, 1763675807662, 54270
pause-pod-4-34, 1763675753529, 1763675807887, 54358
pause-pod-4-35, 1763675753675, 1763675808090, 54415
pause-pod-4-36, 1763675753742, 1763675808295, 54553
pause-pod-4-37, 1763675753785, 1763675808489, 54704
pause-pod-4-38, 1763675753830, 1763675808702, 54872
pause-pod-4-39, 1763675753894, 1763675808900, 55006
pause-pod-4-40, 1763675754022, 1763675809103, 55081
pause-pod-4-41, 1763675754031, 1763675809304, 55273
pause-pod-4-42, 1763675754036, 1763675809546, 55510
pause-pod-4-43, 1763675754185, 1763675809786, 55601
pause-pod-4-44, 1763675754266, 1763675810012, 55746
pause-pod-4-45, 1763675754327, 1763675810215, 55888
pause-pod-4-46, 1763675754418, 1763675810428, 56010
pause-pod-4-47, 1763675754567, 1763675810637, 56070
pause-pod-4-48, 1763675754635, 1763675811449, 56814
pause-pod-4-49, 1763675754700, 1763675811692, 56992
pause-pod-4-50, 1763675754722, 1763675813334, 58612
pause-pod-4-51, 1763675754749, 1763675813547, 58798
pause-pod-4-52, 1763675754779, 1763675813774, 58995
pause-pod-4-53, 1763675754795, 1763675813999, 59204
pause-pod-4-54, 1763675754809, 1763675814215, 59406
pause-pod-4-55, 1763675755063, 1763675814422, 59359
pause-pod-4-56, 1763675755171, 1763675814615, 59444
pause-pod-4-57, 1763675755242, 1763675814811, 59569
pause-pod-4-58, 1763675755319, 1763675815007, 59688
pause-pod-4-59, 1763675755374, 1763675815223, 59849
pause-pod-4-60, 1763675755472, 1763675815421, 59949
pause-pod-4-61, 1763675755590, 1763675815611, 60021
pause-pod-4-62, 1763675755622, 1763675815801, 60179
pause-pod-4-63, 1763675755726, 1763675816004, 60278
pause-pod-4-64, 1763675755774, 1763675816193, 60419
pause-pod-4-65, 1763675755883, 1763675816820, 60937
pause-pod-4-66, 1763675756054, 1763675817011, 60957
pause-pod-4-67, 1763675756119, 1763675817202, 61083
pause-pod-4-68, 1763675756146, 1763675817400, 61254
pause-pod-4-69, 1763675756281, 1763675817589, 61308
pause-pod-4-70, 1763675756472, 1763675817779, 61307
pause-pod-4-71, 1763675756549, 1763675817974, 61425
pause-pod-4-72, 1763675756567, 1763675818165, 61598
pause-pod-4-73, 1763675756620, 1763675818357, 61737
pause-pod-4-74, 1763675756633, 1763675818547, 61914
pause-pod-4-75, 1763675756780, 1763675818736, 61956
pause-pod-4-76, 1763675756967, 1763675818934, 61967
pause-pod-4-77, 1763675757048, 1763675819128, 62080
pause-pod-4-78, 1763675757344, 1763675819323, 61979
pause-pod-4-79, 1763675757358, 1763675819519, 62161
pause-pod-4-80, 1763675757367, 1763675819719, 62352
pause-pod-4-81, 1763675757388, 1763675819913, 62525
pause-pod-4-82, 1763675757468, 1763675820101, 62633
pause-pod-4-83, 1763675757582, 1763675820310, 62728
pause-pod-4-84, 1763675757635, 1763675820505, 62870
pause-pod-4-85, 1763675757758, 1763675820703, 62945
pause-pod-4-86, 1763675757961, 1763675820892, 62931
pause-pod-4-87, 1763675758138, 1763675821082, 62944
pause-pod-4-88, 1763675758203, 1763675821270, 63067
pause-pod-4-89, 1763675758242, 1763675821465, 63223
pause-pod-4-90, 1763675758430, 1763675821654, 63224
pause-pod-4-91, 1763675758605, 1763675821844, 63239
pause-pod-4-92, 1763675758748, 1763675822040, 63292
pause-pod-4-93, 1763675758817, 1763675822234, 63417
pause-pod-4-94, 1763675758970, 1763675822428, 63458
pause-pod-4-95, 1763675759016, 1763675822617, 63601
pause-pod-4-96, 1763675759110, 1763675822812, 63702
pause-pod-4-97, 1763675759204, 1763675823007, 63803
pause-pod-4-98, 1763675759300, 1763675823199, 63899
pause-pod-4-99, 1763675759370, 1763675823401, 64031
pause-pod-4-100, 1763675759391, 1763675823597, 64206
pause-pod-4-101, 1763675759532, 1763675823793, 64261
pause-pod-4-102, 1763675759622, 1763675824008, 64386
pause-pod-4-103, 1763675759678, 1763675824200, 64522
pause-pod-4-104, 1763675759745, 1763675824398, 64653
pause-pod-4-105, 1763675759825, 1763675824589, 64764
pause-pod-4-106, 1763675759883, 1763675824777, 64894
pause-pod-4-107, 1763675759899, 1763675824970, 65071
pause-pod-4-108, 1763675759928, 1763675825169, 65241
pause-pod-4-109, 1763675759962, 1763675825362, 65400
pause-pod-4-110, 1763675760004, 1763675825552, 65548
pause-pod-4-111, 1763675760486, 1763675825741, 65255
pause-pod-4-112, 1763675760606, 1763675825933, 65327
pause-pod-4-113, 1763675760635, 1763675826124, 65489
pause-pod-4-114, 1763675760683, 1763675826316, 65633
pause-pod-4-115, 1763675760760, 1763675826509, 65749
pause-pod-4-116, 1763675760833, 1763675826705, 65872
pause-pod-4-117, 1763675760845, 1763675826900, 66055
pause-pod-4-118, 1763675760874, 1763675827088, 66214
pause-pod-4-119, 1763675761000, 1763675827280, 66280
pause-pod-4-120, 1763675761130, 1763675827467, 66337
pause-pod-4-121, 1763675761187, 1763675827660, 66473
pause-pod-4-122, 1763675761244, 1763675827859, 66615
pause-pod-4-123, 1763675761305, 1763675828057, 66752
pause-pod-4-124, 1763675761537, 1763675828247, 66710
pause-pod-4-125, 1763675761574, 1763675828434, 66860
pause-pod-4-126, 1763675761623, 1763675828624, 67001
pause-pod-4-127, 1763675761700, 1763675828817, 67117
pause-pod-4-128, 1763675761814, 1763675829026, 67212
pause-pod-4-129, 1763675761900, 1763675829231, 67331
pause-pod-4-130, 1763675762038, 1763675829423, 67385
pause-pod-4-131, 1763675762228, 1763675829615, 67387
pause-pod-4-132, 1763675762555, 1763675829804, 67249
pause-pod-4-133, 1763675762754, 1763675829996, 67242
pause-pod-4-134, 1763675762922, 1763675830187, 67265
pause-pod-4-135, 1763675763020, 1763675830379, 67359
pause-pod-4-136, 1763675763034, 1763675830578, 67544
pause-pod-4-137, 1763675763136, 1763675830773, 67637
pause-pod-4-138, 1763675763161, 1763675830964, 67803
pause-pod-4-139, 1763675763273, 1763675831158, 67885
pause-pod-4-140, 1763675763308, 1763675831350, 68042
pause-pod-4-141, 1763675763315, 1763675831556, 68241
pause-pod-4-142, 1763675763451, 1763675831759, 68308
pause-pod-4-143, 1763675763563, 1763675831950, 68387
pause-pod-4-144, 1763675763605, 1763675832145, 68540
pause-pod-4-145, 1763675763698, 1763675832355, 68657
pause-pod-4-146, 1763675763704, 1763675832546, 68842
pause-pod-4-147, 1763675763753, 1763675832736, 68983
pause-pod-4-148, 1763675764020, 1763675832932, 68912
pause-pod-4-149, 1763675764037, 1763675833131, 69094
pause-pod-4-150, 1763675764063, 1763675833346, 69283
pause-pod-5-1, 1763675948214, 1763675963335, 15121
pause-pod-5-2, 1763675948217, 1763675963537, 15320
pause-pod-5-3, 1763675948219, 1763675963741, 15522
pause-pod-5-4, 1763675948225, 1763675963938, 15713
pause-pod-5-5, 1763675948237, 1763675964880, 16643
pause-pod-5-6, 1763675948256, 1763675965076, 16820
pause-pod-5-7, 1763675948295, 1763675965273, 16978
pause-pod-5-8, 1763675948308, 1763675965467, 17159
pause-pod-5-9, 1763675948334, 1763675965667, 17333
pause-pod-5-10, 1763675948414, 1763675965866, 17452
pause-pod-5-11, 1763675948448, 1763675966062, 17614
pause-pod-5-12, 1763675948512, 1763675966256, 17744
pause-pod-5-13, 1763675948538, 1763675966454, 17916
pause-pod-5-14, 1763675948613, 1763675970066, 21453
pause-pod-5-15, 1763675948696, 1763675970263, 21567
pause-pod-5-16, 1763675948729, 1763675970458, 21729
pause-pod-5-17, 1763675948781, 1763675970656, 21875
pause-pod-5-18, 1763675948900, 1763675981856, 32956
pause-pod-5-19, 1763675948978, 1763675982057, 33079
pause-pod-5-20, 1763675949030, 1763675995150, 46120
pause-pod-5-21, 1763675949130, 1763675995355, 46225
pause-pod-5-22, 1763675949196, 1763675995553, 46357
pause-pod-5-23, 1763675949235, 1763675995808, 46573
pause-pod-5-24, 1763675949276, 1763675996034, 46758
pause-pod-5-25, 1763675949296, 1763675996245, 46949
pause-pod-5-26, 1763675949379, 1763676005899, 56520
pause-pod-5-27, 1763675949433, 1763676006107, 56674
pause-pod-5-28, 1763675949478, 1763676006329, 56851
pause-pod-5-29, 1763675949519, 1763676006517, 56998
pause-pod-5-30, 1763675949543, 1763676006715, 57172
pause-pod-5-31, 1763675949564, 1763676006918, 57354
pause-pod-5-32, 1763675949579, 1763676007114, 57535
pause-pod-5-33, 1763675949607, 1763676007309, 57702
pause-pod-5-34, 1763675949706, 1763676007503, 57797
pause-pod-5-35, 1763675949737, 1763676007695, 57958
pause-pod-5-36, 1763675949807, 1763676007891, 58084
pause-pod-5-37, 1763675949833, 1763676008081, 58248
pause-pod-5-38, 1763675949911, 1763676008271, 58360
pause-pod-5-39, 1763675949925, 1763676008460, 58535
pause-pod-5-40, 1763675949959, 1763676008651, 58692
pause-pod-5-41, 1763675949974, 1763676008899, 58925
pause-pod-5-42, 1763675950038, 1763676009092, 59054
pause-pod-5-43, 1763675950160, 1763676009284, 59124
pause-pod-5-44, 1763675950271, 1763676009476, 59205
pause-pod-5-45, 1763675950280, 1763676009666, 59386
pause-pod-5-46, 1763675950327, 1763676009865, 59538
pause-pod-5-47, 1763675950402, 1763676010052, 59650
pause-pod-5-48, 1763675950492, 1763676010245, 59753
pause-pod-5-49, 1763675950735, 1763676010436, 59701
pause-pod-5-50, 1763675950758, 1763676010622, 59864
pause-pod-5-51, 1763675950841, 1763676010813, 59972
pause-pod-5-52, 1763675950867, 1763676011014, 60147
pause-pod-5-53, 1763675950932, 1763676011205, 60273
pause-pod-5-54, 1763675951148, 1763676011400, 60252
pause-pod-5-55, 1763675951161, 1763676011598, 60437
pause-pod-5-56, 1763675951328, 1763676011792, 60464
pause-pod-5-57, 1763675951382, 1763676011994, 60612
pause-pod-5-58, 1763675951412, 1763676012198, 60786
pause-pod-5-59, 1763675951523, 1763676012396, 60873
pause-pod-5-60, 1763675951698, 1763676012598, 60900
pause-pod-5-61, 1763675951738, 1763676012791, 61053
pause-pod-5-62, 1763675951841, 1763676012983, 61142
pause-pod-5-63, 1763675951942, 1763676013172, 61230
pause-pod-5-64, 1763675952008, 1763676013375, 61367
pause-pod-5-65, 1763675952114, 1763676013567, 61453
pause-pod-5-66, 1763675952146, 1763676013761, 61615
pause-pod-5-67, 1763675952183, 1763676013954, 61771
pause-pod-5-68, 1763675952280, 1763676014147, 61867
pause-pod-5-69, 1763675952465, 1763676014339, 61874
pause-pod-5-70, 1763675952669, 1763676014534, 61865
pause-pod-5-71, 1763675952823, 1763676014729, 61906
pause-pod-5-72, 1763675952910, 1763676014920, 62010
pause-pod-5-73, 1763675952915, 1763676015741, 62826
pause-pod-5-74, 1763675953058, 1763676015935, 62877
pause-pod-5-75, 1763675953263, 1763676016128, 62865
pause-pod-5-76, 1763675953371, 1763676016323, 62952
pause-pod-5-77, 1763675953523, 1763676016512, 62989
pause-pod-5-78, 1763675953627, 1763676016709, 63082
pause-pod-5-79, 1763675953771, 1763676016899, 63128
pause-pod-5-80, 1763675954130, 1763676017095, 62965
pause-pod-5-81, 1763675954278, 1763676017284, 63006
pause-pod-5-82, 1763675954303, 1763676017479, 63176
pause-pod-5-83, 1763675954314, 1763676017666, 63352
pause-pod-5-84, 1763675954324, 1763676017860, 63536
pause-pod-5-85, 1763675954340, 1763676018051, 63711
pause-pod-5-86, 1763675954506, 1763676018248, 63742
pause-pod-5-87, 1763675954671, 1763676018438, 63767
pause-pod-5-88, 1763675954736, 1763676018638, 63902
pause-pod-5-89, 1763675954849, 1763676018840, 63991
pause-pod-5-90, 1763675954972, 1763676019035, 64063
pause-pod-5-91, 1763675955078, 1763676019225, 64147
pause-pod-5-92, 1763675955255, 1763676019418, 64163
pause-pod-5-93, 1763675955384, 1763676019607, 64223
pause-pod-5-94, 1763675955522, 1763676019801, 64279
pause-pod-5-95, 1763675955629, 1763676019995, 64366
pause-pod-5-96, 1763675955770, 1763676020190, 64420
pause-pod-5-97, 1763675955820, 1763676020381, 64561
pause-pod-5-98, 1763675955977, 1763676020576, 64599
pause-pod-5-99, 1763675956055, 1763676020763, 64708
pause-pod-5-100, 1763675956090, 1763676020953, 64863
pause-pod-5-101, 1763675956144, 1763676021142, 64998
pause-pod-5-102, 1763675956277, 1763676021336, 65059
pause-pod-5-103, 1763675956355, 1763676021524, 65169
pause-pod-5-104, 1763675956389, 1763676021719, 65330
pause-pod-5-105, 1763675956505, 1763676021921, 65416
pause-pod-5-106, 1763675956697, 1763676022113, 65416
pause-pod-5-107, 1763675956810, 1763676022315, 65505
pause-pod-5-108, 1763675956873, 1763676022505, 65632
pause-pod-5-109, 1763675956912, 1763676022702, 65790
pause-pod-5-110, 1763675956982, 1763676022894, 65912
pause-pod-5-111, 1763675957034, 1763676023087, 66053
pause-pod-5-112, 1763675957069, 1763676023280, 66211
pause-pod-5-113, 1763675957218, 1763676023468, 66250
pause-pod-5-114, 1763675957300, 1763676023660, 66360
pause-pod-5-115, 1763675957459, 1763676023854, 66395
pause-pod-5-116, 1763675957489, 1763676024056, 66567
pause-pod-5-117, 1763675957574, 1763676024256, 66682
pause-pod-5-118, 1763675957674, 1763676024447, 66773
pause-pod-5-119, 1763675957795, 1763676024643, 66848
pause-pod-5-120, 1763675958057, 1763676024841, 66784
pause-pod-5-121, 1763675958181, 1763676025036, 66855
pause-pod-5-122, 1763675958381, 1763676025229, 66848
pause-pod-5-123, 1763675958427, 1763676025424, 66997
pause-pod-5-124, 1763675958564, 1763676025617, 67053
pause-pod-5-125, 1763675958648, 1763676026438, 67790
pause-pod-5-126, 1763675958864, 1763676026634, 67770
pause-pod-5-127, 1763675958898, 1763676026824, 67926
pause-pod-5-128, 1763675958999, 1763676027023, 68024
pause-pod-5-129, 1763675959053, 1763676027214, 68161
pause-pod-5-130, 1763675959127, 1763676027407, 68280
pause-pod-5-131, 1763675959168, 1763676027603, 68435
pause-pod-5-132, 1763675959187, 1763676027806, 68619
pause-pod-5-133, 1763675959216, 1763676027998, 68782
pause-pod-5-134, 1763675959225, 1763676028191, 68966
pause-pod-5-135, 1763675959244, 1763676028390, 69146
pause-pod-5-136, 1763675959303, 1763676028579, 69276
pause-pod-5-137, 1763675959324, 1763676028769, 69445
pause-pod-5-138, 1763675959364, 1763676028960, 69596
pause-pod-5-139, 1763675959373, 1763676029155, 69782
pause-pod-5-140, 1763675959402, 1763676029353, 69951
pause-pod-5-141, 1763675959459, 1763676029541, 70082
pause-pod-5-142, 1763675959486, 1763676029740, 70254
pause-pod-5-143, 1763675959518, 1763676029936, 70418
pause-pod-5-144, 1763675959533, 1763676030124, 70591
pause-pod-5-145, 1763675959598, 1763676030316, 70718
pause-pod-5-146, 1763675959634, 1763676030509, 70875
pause-pod-5-147, 1763675959655, 1763676030700, 71045
pause-pod-5-148, 1763675959679, 1763676030893, 71214
pause-pod-5-149, 1763675960015, 1763676031085, 71070
pause-pod-5-150, 1763675960050, 1763676031280, 71230
pause-pod-6-1, 1763676146715, 1763676161913, 15198
pause-pod-6-2, 1763676146719, 1763676162114, 15395
pause-pod-6-3, 1763676146724, 1763676162325, 15601
pause-pod-6-4, 1763676146734, 1763676163171, 16437
pause-pod-6-5, 1763676146741, 1763676163381, 16640
pause-pod-6-6, 1763676146750, 1763676163579, 16829
pause-pod-6-7, 1763676146807, 1763676163772, 16965
pause-pod-6-8, 1763676146830, 1763676163978, 17148
pause-pod-6-9, 1763676146847, 1763676164175, 17328
pause-pod-6-10, 1763676146855, 1763676164399, 17544
pause-pod-6-11, 1763676146892, 1763676164602, 17710
pause-pod-6-12, 1763676146908, 1763676164797, 17889
pause-pod-6-13, 1763676146932, 1763676165027, 18095
pause-pod-6-14, 1763676146946, 1763676165231, 18285
pause-pod-6-15, 1763676146973, 1763676165438, 18465
pause-pod-6-16, 1763676147065, 1763676165634, 18569
pause-pod-6-17, 1763676147115, 1763676165824, 18709
pause-pod-6-18, 1763676147155, 1763676166020, 18865
pause-pod-6-19, 1763676147223, 1763676198545, 51322
pause-pod-6-20, 1763676147258, 1763676198769, 51511
pause-pod-6-21, 1763676147296, 1763676198977, 51681
pause-pod-6-22, 1763676147396, 1763676199184, 51788
pause-pod-6-23, 1763676147417, 1763676199430, 52013
pause-pod-6-24, 1763676147468, 1763676203349, 55881
pause-pod-6-25, 1763676147509, 1763676203591, 56082
pause-pod-6-26, 1763676147522, 1763676203808, 56286
pause-pod-6-27, 1763676147660, 1763676204001, 56341
pause-pod-6-28, 1763676147728, 1763676204202, 56474
pause-pod-6-29, 1763676147825, 1763676204420, 56595
pause-pod-6-30, 1763676147843, 1763676204621, 56778
pause-pod-6-31, 1763676147978, 1763676204822, 56844
pause-pod-6-32, 1763676148084, 1763676205031, 56947
pause-pod-6-33, 1763676148148, 1763676205225, 57077
pause-pod-6-34, 1763676148157, 1763676205419, 57262
pause-pod-6-35, 1763676148277, 1763676205615, 57338
pause-pod-6-36, 1763676148337, 1763676205803, 57466
pause-pod-6-37, 1763676148396, 1763676206010, 57614
pause-pod-6-38, 1763676148418, 1763676207008, 58590
pause-pod-6-39, 1763676148427, 1763676207213, 58786
pause-pod-6-40, 1763676148432, 1763676207430, 58998
pause-pod-6-41, 1763676148477, 1763676207629, 59152
pause-pod-6-42, 1763676148505, 1763676207830, 59325
pause-pod-6-43, 1763676148556, 1763676208021, 59465
pause-pod-6-44, 1763676148663, 1763676208213, 59550
pause-pod-6-45, 1763676148745, 1763676208411, 59666
pause-pod-6-46, 1763676148771, 1763676208601, 59830
pause-pod-6-47, 1763676148812, 1763676208797, 59985
pause-pod-6-48, 1763676148962, 1763676208991, 60029
pause-pod-6-49, 1763676149035, 1763676209191, 60156
pause-pod-6-50, 1763676149069, 1763676209396, 60327
pause-pod-6-51, 1763676149191, 1763676209588, 60397
pause-pod-6-52, 1763676149332, 1763676209784, 60452
pause-pod-6-53, 1763676149397, 1763676209974, 60577
pause-pod-6-54, 1763676149523, 1763676210172, 60649
pause-pod-6-55, 1763676149577, 1763676210365, 60788
pause-pod-6-56, 1763676149632, 1763676210559, 60927
pause-pod-6-57, 1763676149678, 1763676210755, 61077
pause-pod-6-58, 1763676149902, 1763676210945, 61043
pause-pod-6-59, 1763676150023, 1763676211139, 61116
pause-pod-6-60, 1763676150127, 1763676211338, 61211
pause-pod-6-61, 1763676150142, 1763676211677, 61535
pause-pod-6-62, 1763676150213, 1763676211866, 61653
pause-pod-6-63, 1763676150353, 1763676212072, 61719
pause-pod-6-64, 1763676150544, 1763676212261, 61717
pause-pod-6-65, 1763676150576, 1763676212451, 61875
pause-pod-6-66, 1763676150586, 1763676212644, 62058
pause-pod-6-67, 1763676150611, 1763676212836, 62225
pause-pod-6-68, 1763676150658, 1763676213030, 62372
pause-pod-6-69, 1763676150771, 1763676213227, 62456
pause-pod-6-70, 1763676151097, 1763676213419, 62322
pause-pod-6-71, 1763676151177, 1763676213614, 62437
pause-pod-6-72, 1763676151311, 1763676213820, 62509
pause-pod-6-73, 1763676151473, 1763676214032, 62559
pause-pod-6-74, 1763676151566, 1763676214218, 62652
pause-pod-6-75, 1763676151639, 1763676214410, 62771
pause-pod-6-76, 1763676151735, 1763676214597, 62862
pause-pod-6-77, 1763676151774, 1763676214789, 63015
pause-pod-6-78, 1763676151784, 1763676214976, 63192
pause-pod-6-79, 1763676151811, 1763676215169, 63358
pause-pod-6-80, 1763676151872, 1763676215364, 63492
pause-pod-6-81, 1763676151960, 1763676215556, 63596
pause-pod-6-82, 1763676152021, 1763676215757, 63736
pause-pod-6-83, 1763676152090, 1763676215950, 63860
pause-pod-6-84, 1763676152122, 1763676216139, 64017
pause-pod-6-85, 1763676152142, 1763676216330, 64188
pause-pod-6-86, 1763676152176, 1763676216524, 64348
pause-pod-6-87, 1763676152244, 1763676216724, 64480
pause-pod-6-88, 1763676152268, 1763676216913, 64645
pause-pod-6-89, 1763676152675, 1763676217103, 64428
pause-pod-6-90, 1763676152709, 1763676217295, 64586
pause-pod-6-91, 1763676153003, 1763676217484, 64481
pause-pod-6-92, 1763676153068, 1763676218392, 65324
pause-pod-6-93, 1763676153183, 1763676218582, 65399
pause-pod-6-94, 1763676153301, 1763676218773, 65472
pause-pod-6-95, 1763676153379, 1763676218965, 65586
pause-pod-6-96, 1763676153409, 1763676219155, 65746
pause-pod-6-97, 1763676153625, 1763676219345, 65720
pause-pod-6-98, 1763676153744, 1763676219539, 65795
pause-pod-6-99, 1763676153889, 1763676219731, 65842
pause-pod-6-100, 1763676154315, 1763676219930, 65615
pause-pod-6-101, 1763676154361, 1763676220118, 65757
pause-pod-6-102, 1763676154469, 1763676220305, 65836
pause-pod-6-103, 1763676154559, 1763676220493, 65934
pause-pod-6-104, 1763676154708, 1763676220684, 65976
pause-pod-6-105, 1763676154944, 1763676220879, 65935
pause-pod-6-106, 1763676155213, 1763676221077, 65864
pause-pod-6-107, 1763676155391, 1763676221272, 65881
pause-pod-6-108, 1763676155526, 1763676221464, 65938
pause-pod-6-109, 1763676155640, 1763676221661, 66021
pause-pod-6-110, 1763676155695, 1763676221852, 66157
pause-pod-6-111, 1763676155703, 1763676222050, 66347
pause-pod-6-112, 1763676155894, 1763676222242, 66348
pause-pod-6-113, 1763676155901, 1763676222431, 66530
pause-pod-6-114, 1763676155968, 1763676222630, 66662
pause-pod-6-115, 1763676156039, 1763676222823, 66784
pause-pod-6-116, 1763676156220, 1763676223014, 66794
pause-pod-6-117, 1763676156282, 1763676223203, 66921
pause-pod-6-118, 1763676156430, 1763676223409, 66979
pause-pod-6-119, 1763676156616, 1763676223600, 66984
pause-pod-6-120, 1763676156769, 1763676223792, 67023
pause-pod-6-121, 1763676156848, 1763676223986, 67138
pause-pod-6-122, 1763676156922, 1763676224182, 67260
pause-pod-6-123, 1763676157015, 1763676224380, 67365
pause-pod-6-124, 1763676157046, 1763676224584, 67538
pause-pod-6-125, 1763676157077, 1763676224780, 67703
pause-pod-6-126, 1763676157095, 1763676224974, 67879
pause-pod-6-127, 1763676157143, 1763676225165, 68022
pause-pod-6-128, 1763676157255, 1763676225368, 68113
pause-pod-6-129, 1763676157338, 1763676225557, 68219
pause-pod-6-130, 1763676157439, 1763676225752, 68313
pause-pod-6-131, 1763676157710, 1763676225945, 68235
pause-pod-6-132, 1763676157894, 1763676226138, 68244
pause-pod-6-133, 1763676158111, 1763676226328, 68217
pause-pod-6-134, 1763676158182, 1763676226529, 68347
pause-pod-6-135, 1763676158355, 1763676226725, 68370
pause-pod-6-136, 1763676158578, 1763676226920, 68342
pause-pod-6-137, 1763676158831, 1763676227114, 68283
pause-pod-6-138, 1763676158948, 1763676227318, 68370
pause-pod-6-139, 1763676159083, 1763676227508, 68425
pause-pod-6-140, 1763676159251, 1763676227698, 68447
pause-pod-6-141, 1763676159286, 1763676227896, 68610
pause-pod-6-142, 1763676159380, 1763676228085, 68705
pause-pod-6-143, 1763676159452, 1763676228282, 68830
pause-pod-6-144, 1763676159667, 1763676228479, 68812
pause-pod-6-145, 1763676159877, 1763676228669, 68792
pause-pod-6-146, 1763676159955, 1763676228871, 68916
pause-pod-6-147, 1763676160024, 1763676229073, 69049
pause-pod-6-148, 1763676160073, 1763676229261, 69188
pause-pod-6-149, 1763676160192, 1763676229455, 69263
pause-pod-6-150, 1763676160336, 1763676229643, 69307
