Pod Name, Creation Timestamp, Ready Timestamp, Latency (milliseconds)
pause-pod-1-1, 1763673657013, 1763673662143, 5130
pause-pod-1-2, 1763673657015, 1763673664428, 7413
pause-pod-1-3, 1763673657018, 1763673664619, 7601
pause-pod-1-4, 1763673657029, 1763673664829, 7800
pause-pod-1-5, 1763673657039, 1763673665025, 7986
pause-pod-1-6, 1763673657056, 1763673665225, 8169
pause-pod-1-7, 1763673657093, 1763673665422, 8329
pause-pod-1-8, 1763673657100, 1763673666442, 9342
pause-pod-1-9, 1763673657120, 1763673666645, 9525
pause-pod-1-10, 1763673657132, 1763673667449, 10317
pause-pod-1-11, 1763673657136, 1763673667642, 10506
pause-pod-1-12, 1763673657177, 1763673670628, 13451
pause-pod-1-13, 1763673657186, 1763673670858, 13672
pause-pod-1-14, 1763673657233, 1763673671174, 13941
pause-pod-1-15, 1763673657245, 1763673671409, 14164
pause-pod-1-16, 1763673657268, 1763673671697, 14429
pause-pod-1-17, 1763673657326, 1763673672733, 15407
pause-pod-1-18, 1763673657353, 1763673672959, 15606
pause-pod-1-19, 1763673657372, 1763673673156, 15784
pause-pod-1-20, 1763673657402, 1763673673376, 15974
pause-pod-1-21, 1763673657432, 1763673673569, 16137
pause-pod-1-22, 1763673657468, 1763673673764, 16296
pause-pod-1-23, 1763673657519, 1763673673958, 16439
pause-pod-1-24, 1763673657548, 1763673674146, 16598
pause-pod-1-25, 1763673657587, 1763673674344, 16757
pause-pod-1-26, 1763673657645, 1763673674534, 16889
pause-pod-1-27, 1763673657714, 1763673674728, 17014
pause-pod-1-28, 1763673657745, 1763673674917, 17172
pause-pod-1-29, 1763673657819, 1763673675108, 17289
pause-pod-1-30, 1763673657871, 1763673675295, 17424
pause-pod-1-31, 1763673657909, 1763673675480, 17571
pause-pod-1-32, 1763673657962, 1763673675670, 17708
pause-pod-1-33, 1763673657975, 1763673675867, 17892
pause-pod-1-34, 1763673658116, 1763673676065, 17949
pause-pod-1-35, 1763673658122, 1763673676257, 18135
pause-pod-1-36, 1763673658133, 1763673676442, 18309
pause-pod-1-37, 1763673658217, 1763673676628, 18411
pause-pod-1-38, 1763673658337, 1763673676824, 18487
pause-pod-1-39, 1763673658401, 1763673677013, 18612
pause-pod-1-40, 1763673658407, 1763673677199, 18792
pause-pod-1-41, 1763673658502, 1763673677408, 18906
pause-pod-1-42, 1763673658605, 1763673677596, 18991
pause-pod-1-43, 1763673658650, 1763673677789, 19139
pause-pod-1-44, 1763673658724, 1763673677984, 19260
pause-pod-1-45, 1763673658850, 1763673678176, 19326
pause-pod-1-46, 1763673658985, 1763673678370, 19385
pause-pod-1-47, 1763673659038, 1763673678563, 19525
pause-pod-1-48, 1763673659045, 1763673678757, 19712
pause-pod-1-49, 1763673659221, 1763673678948, 19727
pause-pod-1-50, 1763673659399, 1763673679140, 19741
pause-pod-2-1, 1763673753623, 1763673760215, 6592
pause-pod-2-2, 1763673753625, 1763673760427, 6802
pause-pod-2-3, 1763673753628, 1763673760623, 6995
pause-pod-2-4, 1763673753632, 1763673765241, 11609
pause-pod-2-5, 1763673753642, 1763673765444, 11802
pause-pod-2-6, 1763673753654, 1763673765653, 11999
pause-pod-2-7, 1763673753674, 1763673765870, 12196
pause-pod-2-8, 1763673753702, 1763673766083, 12381
pause-pod-2-9, 1763673753712, 1763673766290, 12578
pause-pod-2-10, 1763673753763, 1763673767431, 13668
pause-pod-2-11, 1763673753855, 1763673767666, 13811
pause-pod-2-12, 1763673753865, 1763673767888, 14023
pause-pod-2-13, 1763673753911, 1763673768106, 14195
pause-pod-2-14, 1763673753969, 1763673768446, 14477
pause-pod-2-15, 1763673754044, 1763673768653, 14609
pause-pod-2-16, 1763673754066, 1763673768865, 14799
pause-pod-2-17, 1763673754124, 1763673769063, 14939
pause-pod-2-18, 1763673754192, 1763673769254, 15062
pause-pod-2-19, 1763673754264, 1763673769443, 15179
pause-pod-2-20, 1763673754317, 1763673769662, 15345
pause-pod-2-21, 1763673754352, 1763673769861, 15509
pause-pod-2-22, 1763673754427, 1763673770061, 15634
pause-pod-2-23, 1763673754450, 1763673770252, 15802
pause-pod-2-24, 1763673754477, 1763673770443, 15966
pause-pod-2-25, 1763673754506, 1763673770638, 16132
pause-pod-2-26, 1763673754674, 1763673770831, 16157
pause-pod-2-27, 1763673754725, 1763673771029, 16304
pause-pod-2-28, 1763673754743, 1763673771216, 16473
pause-pod-2-29, 1763673754746, 1763673771418, 16672
pause-pod-2-30, 1763673754765, 1763673771608, 16843
pause-pod-2-31, 1763673754786, 1763673771796, 17010
pause-pod-2-32, 1763673754800, 1763673771996, 17196
pause-pod-2-33, 1763673754804, 1763673772193, 17389
pause-pod-2-34, 1763673754818, 1763673772386, 17568
pause-pod-2-35, 1763673754916, 1763673772578, 17662
pause-pod-2-36, 1763673755025, 1763673772766, 17741
pause-pod-2-37, 1763673755171, 1763673772955, 17784
pause-pod-2-38, 1763673755273, 1763673773145, 17872
pause-pod-2-39, 1763673755370, 1763673773334, 17964
pause-pod-2-40, 1763673755390, 1763673773523, 18133
pause-pod-2-41, 1763673755456, 1763673773735, 18279
pause-pod-2-42, 1763673755490, 1763673773924, 18434
pause-pod-2-43, 1763673755742, 1763673774124, 18382
pause-pod-2-44, 1763673755835, 1763673774311, 18476
pause-pod-2-45, 1763673755936, 1763673774501, 18565
pause-pod-2-46, 1763673756074, 1763673774693, 18619
pause-pod-2-47, 1763673756216, 1763673774891, 18675
pause-pod-2-48, 1763673756413, 1763673775089, 18676
pause-pod-2-49, 1763673756464, 1763673775279, 18815
pause-pod-2-50, 1763673756545, 1763673775469, 18924
pause-pod-3-1, 1763673849967, 1763673855859, 5892
pause-pod-3-2, 1763673849969, 1763673856063, 6094
pause-pod-3-3, 1763673849971, 1763673858907, 8936
pause-pod-3-4, 1763673849975, 1763673859107, 9132
pause-pod-3-5, 1763673849983, 1763673859329, 9346
pause-pod-3-6, 1763673849989, 1763673859528, 9539
pause-pod-3-7, 1763673850002, 1763673860893, 10891
pause-pod-3-8, 1763673850009, 1763673861103, 11094
pause-pod-3-9, 1763673850022, 1763673861325, 11303
pause-pod-3-10, 1763673850035, 1763673862964, 12929
pause-pod-3-11, 1763673850050, 1763673863165, 13115
pause-pod-3-12, 1763673850065, 1763673864301, 14236
pause-pod-3-13, 1763673850084, 1763673864515, 14431
pause-pod-3-14, 1763673850109, 1763673864731, 14622
pause-pod-3-15, 1763673850136, 1763673866121, 15985
pause-pod-3-16, 1763673850156, 1763673866317, 16161
pause-pod-3-17, 1763673850206, 1763673866515, 16309
pause-pod-3-18, 1763673850241, 1763673866704, 16463
pause-pod-3-19, 1763673850299, 1763673866897, 16598
pause-pod-3-20, 1763673850358, 1763673867094, 16736
pause-pod-3-21, 1763673850436, 1763673867284, 16848
pause-pod-3-22, 1763673850494, 1763673867478, 16984
pause-pod-3-23, 1763673850516, 1763673867672, 17156
pause-pod-3-24, 1763673850542, 1763673867861, 17319
pause-pod-3-25, 1763673850584, 1763673868056, 17472
pause-pod-3-26, 1763673850618, 1763673868253, 17635
pause-pod-3-27, 1763673850673, 1763673868448, 17775
pause-pod-3-28, 1763673850741, 1763673868637, 17896
pause-pod-3-29, 1763673850752, 1763673868830, 18078
pause-pod-3-30, 1763673850790, 1763673869022, 18232
pause-pod-3-31, 1763673850811, 1763673869216, 18405
pause-pod-3-32, 1763673850842, 1763673869409, 18567
pause-pod-3-33, 1763673850865, 1763673869598, 18733
pause-pod-3-34, 1763673850918, 1763673869791, 18873
pause-pod-3-35, 1763673850955, 1763673869981, 19026
pause-pod-3-36, 1763673850982, 1763673870173, 19191
pause-pod-3-37, 1763673851006, 1763673870370, 19364
pause-pod-3-38, 1763673851072, 1763673870559, 19487
pause-pod-3-39, 1763673851224, 1763673870750, 19526
pause-pod-3-40, 1763673851251, 1763673870938, 19687
pause-pod-3-41, 1763673851267, 1763673871126, 19859
pause-pod-3-42, 1763673851340, 1763673871316, 19976
pause-pod-3-43, 1763673851402, 1763673871507, 20105
pause-pod-3-44, 1763673851630, 1763673871698, 20068
pause-pod-3-45, 1763673851655, 1763673871888, 20233
pause-pod-3-46, 1763673851699, 1763673872079, 20380
pause-pod-3-47, 1763673851766, 1763673872268, 20502
pause-pod-3-48, 1763673851797, 1763673872462, 20665
pause-pod-3-49, 1763673851806, 1763673872658, 20852
pause-pod-3-50, 1763673851841, 1763673872848, 21007
pause-pod-4-1, 1763673947136, 1763673952159, 5023
pause-pod-4-2, 1763673947140, 1763673958528, 11388
pause-pod-4-3, 1763673947143, 1763673958728, 11585
pause-pod-4-4, 1763673947150, 1763673958932, 11782
pause-pod-4-5, 1763673947163, 1763673959126, 11963
pause-pod-4-6, 1763673947172, 1763673959335, 12163
pause-pod-4-7, 1763673947189, 1763673959560, 12371
pause-pod-4-8, 1763673947210, 1763673959766, 12556
pause-pod-4-9, 1763673947225, 1763673959976, 12751
pause-pod-4-10, 1763673947263, 1763673960194, 12931
pause-pod-4-11, 1763673947286, 1763673960388, 13102
pause-pod-4-12, 1763673947302, 1763673960605, 13303
pause-pod-4-13, 1763673947335, 1763673960820, 13485
pause-pod-4-14, 1763673947366, 1763673961050, 13684
pause-pod-4-15, 1763673947460, 1763673961580, 14120
pause-pod-4-16, 1763673947492, 1763673963965, 16473
pause-pod-4-17, 1763673947530, 1763673964201, 16671
pause-pod-4-18, 1763673947597, 1763673964392, 16795
pause-pod-4-19, 1763673947648, 1763673964584, 16936
pause-pod-4-20, 1763673947658, 1763673964777, 17119
pause-pod-4-21, 1763673947712, 1763673964970, 17258
pause-pod-4-22, 1763673947768, 1763673965161, 17393
pause-pod-4-23, 1763673947805, 1763673965367, 17562
pause-pod-4-24, 1763673947874, 1763673965561, 17687
pause-pod-4-25, 1763673947931, 1763673965754, 17823
pause-pod-4-26, 1763673947989, 1763673965946, 17957
pause-pod-4-27, 1763673948022, 1763673966145, 18123
pause-pod-4-28, 1763673948081, 1763673966333, 18252
pause-pod-4-29, 1763673948146, 1763673966520, 18374
pause-pod-4-30, 1763673948201, 1763673966714, 18513
pause-pod-4-31, 1763673948256, 1763673966905, 18649
pause-pod-4-32, 1763673948270, 1763673967097, 18827
pause-pod-4-33, 1763673948280, 1763673967296, 19016
pause-pod-4-34, 1763673948308, 1763673968370, 20062
pause-pod-4-35, 1763673948313, 1763673968563, 20250
pause-pod-4-36, 1763673948316, 1763673968754, 20438
pause-pod-4-37, 1763673948372, 1763673968947, 20575
pause-pod-4-38, 1763673948436, 1763673969138, 20702
pause-pod-4-39, 1763673948467, 1763673969330, 20863
pause-pod-4-40, 1763673948507, 1763673969525, 21018
pause-pod-4-41, 1763673948579, 1763673969726, 21147
pause-pod-4-42, 1763673948605, 1763673969920, 21315
pause-pod-4-43, 1763673948752, 1763673970111, 21359
pause-pod-4-44, 1763673948905, 1763673970296, 21391
pause-pod-4-45, 1763673948948, 1763673970487, 21539
pause-pod-4-46, 1763673948992, 1763673970674, 21682
pause-pod-4-47, 1763673949061, 1763673970866, 21805
pause-pod-4-48, 1763673949112, 1763673971057, 21945
pause-pod-4-49, 1763673949270, 1763673971250, 21980
pause-pod-4-50, 1763673949341, 1763673971443, 22102
pause-pod-5-1, 1763674045244, 1763674050139, 4895
pause-pod-5-2, 1763674045250, 1763674051017, 5767
pause-pod-5-3, 1763674045260, 1763674051213, 5953
pause-pod-5-4, 1763674045275, 1763674052479, 7204
pause-pod-5-5, 1763674045302, 1763674052668, 7366
pause-pod-5-6, 1763674045329, 1763674052862, 7533
pause-pod-5-7, 1763674045371, 1763674056858, 11487
pause-pod-5-8, 1763674045386, 1763674057071, 11685
pause-pod-5-9, 1763674045418, 1763674057840, 12422
pause-pod-5-10, 1763674045440, 1763674058053, 12613
pause-pod-5-11, 1763674045497, 1763674058286, 12789
pause-pod-5-12, 1763674045510, 1763674058527, 13017
pause-pod-5-13, 1763674045521, 1763674058785, 13264
pause-pod-5-14, 1763674045558, 1763674059001, 13443
pause-pod-5-15, 1763674045611, 1763674059202, 13591
pause-pod-5-16, 1763674045655, 1763674059405, 13750
pause-pod-5-17, 1763674045686, 1763674060959, 15273
pause-pod-5-18, 1763674045712, 1763674061167, 15455
pause-pod-5-19, 1763674045776, 1763674061368, 15592
pause-pod-5-20, 1763674045832, 1763674061558, 15726
pause-pod-5-21, 1763674046035, 1763674061748, 15713
pause-pod-5-22, 1763674046143, 1763674061943, 15800
pause-pod-5-23, 1763674046177, 1763674062136, 15959
pause-pod-5-24, 1763674046208, 1763674063458, 17250
pause-pod-5-25, 1763674046239, 1763674063655, 17416
pause-pod-5-26, 1763674046277, 1763674063841, 17564
pause-pod-5-27, 1763674046371, 1763674064059, 17688
pause-pod-5-28, 1763674046483, 1763674064252, 17769
pause-pod-5-29, 1763674046488, 1763674064445, 17957
pause-pod-5-30, 1763674046581, 1763674064637, 18056
pause-pod-5-31, 1763674046607, 1763674064831, 18224
pause-pod-5-32, 1763674046763, 1763674065026, 18263
pause-pod-5-33, 1763674046848, 1763674065217, 18369
pause-pod-5-34, 1763674046895, 1763674065414, 18519
pause-pod-5-35, 1763674046916, 1763674065603, 18687
pause-pod-5-36, 1763674046947, 1763674065791, 18844
pause-pod-5-37, 1763674047018, 1763674065988, 18970
pause-pod-5-38, 1763674047035, 1763674066180, 19145
pause-pod-5-39, 1763674047103, 1763674066371, 19268
pause-pod-5-40, 1763674047169, 1763674066565, 19396
pause-pod-5-41, 1763674047257, 1763674066756, 19499
pause-pod-5-42, 1763674047492, 1763674066943, 19451
pause-pod-5-43, 1763674047597, 1763674067140, 19543
pause-pod-5-44, 1763674047664, 1763674067335, 19671
pause-pod-5-45, 1763674047775, 1763674067539, 19764
pause-pod-5-46, 1763674047821, 1763674067730, 19909
pause-pod-5-47, 1763674047881, 1763674067924, 20043
pause-pod-5-48, 1763674047909, 1763674068114, 20205
pause-pod-5-49, 1763674047942, 1763674068304, 20362
pause-pod-5-50, 1763674047999, 1763674068493, 20494
pause-pod-6-1, 1763674143863, 1763674153452, 9589
pause-pod-6-2, 1763674143865, 1763674153667, 9802
pause-pod-6-3, 1763674143868, 1763674153906, 10038
pause-pod-6-4, 1763674143880, 1763674154449, 10569
pause-pod-6-5, 1763674143892, 1763674154660, 10768
pause-pod-6-6, 1763674143898, 1763674154863, 10965
pause-pod-6-7, 1763674143916, 1763674155072, 11156
pause-pod-6-8, 1763674143951, 1763674155355, 11404
pause-pod-6-9, 1763674143966, 1763674155553, 11587
pause-pod-6-10, 1763674143987, 1763674155752, 11765
pause-pod-6-11, 1763674144005, 1763674155949, 11944
pause-pod-6-12, 1763674144055, 1763674156142, 12087
pause-pod-6-13, 1763674144091, 1763674156338, 12247
pause-pod-6-14, 1763674144103, 1763674156542, 12439
pause-pod-6-15, 1763674144118, 1763674156745, 12627
pause-pod-6-16, 1763674144183, 1763674156949, 12766
pause-pod-6-17, 1763674144196, 1763674157562, 13366
pause-pod-6-18, 1763674144233, 1763674157762, 13529
pause-pod-6-19, 1763674144258, 1763674159747, 15489
pause-pod-6-20, 1763674144288, 1763674159959, 15671
pause-pod-6-21, 1763674144310, 1763674160158, 15848
pause-pod-6-22, 1763674144320, 1763674160372, 16052
pause-pod-6-23, 1763674144419, 1763674160575, 16156
pause-pod-6-24, 1763674144443, 1763674160767, 16324
pause-pod-6-25, 1763674144472, 1763674160957, 16485
pause-pod-6-26, 1763674144491, 1763674161580, 17089
pause-pod-6-27, 1763674144537, 1763674161774, 17237
pause-pod-6-28, 1763674144607, 1763674161962, 17355
pause-pod-6-29, 1763674144644, 1763674162153, 17509
pause-pod-6-30, 1763674144784, 1763674162347, 17563
pause-pod-6-31, 1763674144822, 1763674162540, 17718
pause-pod-6-32, 1763674144892, 1763674162732, 17840
pause-pod-6-33, 1763674144953, 1763674162927, 17974
pause-pod-6-34, 1763674145079, 1763674163122, 18043
pause-pod-6-35, 1763674145105, 1763674163313, 18208
pause-pod-6-36, 1763674145176, 1763674163508, 18332
pause-pod-6-37, 1763674145213, 1763674163718, 18505
pause-pod-6-38, 1763674145372, 1763674163906, 18534
pause-pod-6-39, 1763674145480, 1763674164101, 18621
pause-pod-6-40, 1763674145498, 1763674164292, 18794
pause-pod-6-41, 1763674145521, 1763674164482, 18961
pause-pod-6-42, 1763674145596, 1763674164681, 19085
pause-pod-6-43, 1763674145682, 1763674164876, 19194
pause-pod-6-44, 1763674145761, 1763674165070, 19309
pause-pod-6-45, 1763674145835, 1763674165261, 19426
pause-pod-6-46, 1763674145903, 1763674165450, 19547
pause-pod-6-47, 1763674146021, 1763674165643, 19622
pause-pod-6-48, 1763674146116, 1763674165839, 19723
pause-pod-6-49, 1763674146191, 1763674166037, 19846
pause-pod-6-50, 1763674146416, 1763674166228, 19812
