Pod Name, Delete Start Timestamp, Deleted Confirmed Timestamp, Delete Latency (milliseconds)
pause-pod-1-1, 1763675224177, 1763675231455, 7278
pause-pod-1-2, 1763675224179, 1763675231550, 7371
pause-pod-1-3, 1763675224181, 1763675231664, 7483
pause-pod-1-4, 1763675224184, 1763675231766, 7582
pause-pod-1-5, 1763675224199, 1763675239851, 15652
pause-pod-1-6, 1763675224202, 1763675268020, 43818
pause-pod-1-7, 1763675224214, 1763675268113, 43899
pause-pod-1-8, 1763675224239, 1763675268202, 43963
pause-pod-1-9, 1763675224262, 1763675268296, 44034
pause-pod-1-10, 1763675224275, 1763675268386, 44111
pause-pod-1-11, 1763675224290, 1763675268478, 44188
pause-pod-1-12, 1763675224314, 1763675268572, 44258
pause-pod-1-13, 1763675224355, 1763675268666, 44311
pause-pod-1-14, 1763675224383, 1763675268787, 44404
pause-pod-1-15, 1763675224407, 1763675268899, 44492
pause-pod-1-16, 1763675224424, 1763675268999, 44575
pause-pod-1-17, 1763675224470, 1763675269153, 44683
pause-pod-1-18, 1763675224473, 1763675269247, 44774
pause-pod-1-19, 1763675224494, 1763675269343, 44849
pause-pod-1-20, 1763675224509, 1763675269447, 44938
pause-pod-1-21, 1763675224553, 1763675269548, 44995
pause-pod-1-22, 1763675224598, 1763675269649, 45051
pause-pod-1-23, 1763675224643, 1763675269737, 45094
pause-pod-1-24, 1763675224685, 1763675269833, 45148
pause-pod-1-25, 1763675224717, 1763675269924, 45207
pause-pod-1-26, 1763675224734, 1763675270023, 45289
pause-pod-1-27, 1763675224768, 1763675270873, 46105
pause-pod-1-28, 1763675224796, 1763675270986, 46190
pause-pod-1-29, 1763675224839, 1763675271083, 46244
pause-pod-1-30, 1763675224861, 1763675271173, 46312
pause-pod-1-31, 1763675224899, 1763675271261, 46362
pause-pod-1-32, 1763675224921, 1763675271350, 46429
pause-pod-1-33, 1763675224992, 1763675271436, 46444
pause-pod-1-34, 1763675225115, 1763675271530, 46415
pause-pod-1-35, 1763675225167, 1763675271623, 46456
pause-pod-1-36, 1763675225203, 1763675271715, 46512
pause-pod-1-37, 1763675225327, 1763675271813, 46486
pause-pod-1-38, 1763675225367, 1763675271906, 46539
pause-pod-1-39, 1763675225398, 1763675272000, 46602
pause-pod-1-40, 1763675225501, 1763675272093, 46592
pause-pod-1-41, 1763675225576, 1763675272195, 46619
pause-pod-1-42, 1763675225600, 1763675272296, 46696
pause-pod-1-43, 1763675225630, 1763675272393, 46763
pause-pod-1-44, 1763675225774, 1763675272480, 46706
pause-pod-1-45, 1763675225782, 1763675272569, 46787
pause-pod-1-46, 1763675225792, 1763675272658, 46866
pause-pod-1-47, 1763675225824, 1763675272748, 46924
pause-pod-1-48, 1763675225850, 1763675272836, 46986
pause-pod-1-49, 1763675225879, 1763675272927, 47048
pause-pod-1-50, 1763675225963, 1763675273019, 47056
pause-pod-1-51, 1763675226012, 1763675273119, 47107
pause-pod-1-52, 1763675226103, 1763675273209, 47106
pause-pod-1-53, 1763675226241, 1763675273300, 47059
pause-pod-1-54, 1763675226309, 1763675273419, 47110
pause-pod-1-55, 1763675226345, 1763675273518, 47173
pause-pod-1-56, 1763675226375, 1763675273622, 47247
pause-pod-1-57, 1763675226431, 1763675273725, 47294
pause-pod-1-58, 1763675226480, 1763675273823, 47343
pause-pod-1-59, 1763675226518, 1763675273923, 47405
pause-pod-1-60, 1763675226556, 1763675274028, 47472
pause-pod-1-61, 1763675226574, 1763675274119, 47545
pause-pod-1-62, 1763675226636, 1763675274215, 47579
pause-pod-1-63, 1763675226670, 1763675274315, 47645
pause-pod-1-64, 1763675226707, 1763675274405, 47698
pause-pod-1-65, 1763675226790, 1763675274506, 47716
pause-pod-1-66, 1763675226802, 1763675274603, 47801
pause-pod-1-67, 1763675226844, 1763675274713, 47869
pause-pod-1-68, 1763675226865, 1763675274807, 47942
pause-pod-1-69, 1763675226892, 1763675274903, 48011
pause-pod-1-70, 1763675226975, 1763675275001, 48026
pause-pod-1-71, 1763675227022, 1763675275098, 48076
pause-pod-1-72, 1763675227056, 1763675275201, 48145
pause-pod-1-73, 1763675227104, 1763675275299, 48195
pause-pod-1-74, 1763675227123, 1763675275389, 48266
pause-pod-1-75, 1763675227137, 1763675275477, 48340
pause-pod-1-76, 1763675227156, 1763675275567, 48411
pause-pod-1-77, 1763675227182, 1763675275658, 48476
pause-pod-1-78, 1763675227208, 1763675275746, 48538
pause-pod-1-79, 1763675227287, 1763675275843, 48556
pause-pod-1-80, 1763675227326, 1763675275927, 48601
pause-pod-1-81, 1763675227449, 1763675276015, 48566
pause-pod-1-82, 1763675227515, 1763675276103, 48588
pause-pod-1-83, 1763675227592, 1763675276192, 48600
pause-pod-1-84, 1763675227622, 1763675276289, 48667
pause-pod-1-85, 1763675227644, 1763675276379, 48735
pause-pod-1-86, 1763675227648, 1763675276467, 48819
pause-pod-1-87, 1763675227651, 1763675276554, 48903
pause-pod-1-88, 1763675227657, 1763675276647, 48990
pause-pod-1-89, 1763675227714, 1763675276736, 49022
pause-pod-1-90, 1763675227822, 1763675276828, 49006
pause-pod-1-91, 1763675227861, 1763675276925, 49064
pause-pod-1-92, 1763675227907, 1763675277016, 49109
pause-pod-1-93, 1763675227929, 1763675277107, 49178
pause-pod-1-94, 1763675227953, 1763675277200, 49247
pause-pod-1-95, 1763675228010, 1763675277293, 49283
pause-pod-1-96, 1763675228078, 1763675277381, 49303
pause-pod-1-97, 1763675228125, 1763675277475, 49350
pause-pod-1-98, 1763675228178, 1763675277567, 49389
pause-pod-1-99, 1763675228225, 1763675277669, 49444
pause-pod-1-100, 1763675228273, 1763675277761, 49488
pause-pod-1-101, 1763675228281, 1763675277853, 49572
pause-pod-1-102, 1763675228312, 1763675277945, 49633
pause-pod-1-103, 1763675228342, 1763675278039, 49697
pause-pod-1-104, 1763675228385, 1763675278132, 49747
pause-pod-1-105, 1763675228435, 1763675278222, 49787
pause-pod-1-106, 1763675228464, 1763675278320, 49856
pause-pod-1-107, 1763675228495, 1763675278413, 49918
pause-pod-1-108, 1763675228575, 1763675278506, 49931
pause-pod-1-109, 1763675228629, 1763675278599, 49970
pause-pod-1-110, 1763675228693, 1763675278696, 50003
pause-pod-1-111, 1763675228703, 1763675278794, 50091
pause-pod-1-112, 1763675228739, 1763675292265, 63526
pause-pod-1-113, 1763675228798, 1763675292355, 63557
pause-pod-1-114, 1763675228830, 1763675292439, 63609
pause-pod-1-115, 1763675228835, 1763675292532, 63697
pause-pod-1-116, 1763675228845, 1763675292618, 63773
pause-pod-1-117, 1763675228863, 1763675292702, 63839
pause-pod-1-118, 1763675228941, 1763675292789, 63848
pause-pod-1-119, 1763675229134, 1763675292879, 63745
pause-pod-1-120, 1763675229184, 1763675292974, 63790
pause-pod-1-121, 1763675229276, 1763675293065, 63789
pause-pod-1-122, 1763675229307, 1763675293162, 63855
pause-pod-1-123, 1763675229333, 1763675293264, 63931
pause-pod-1-124, 1763675229372, 1763675293357, 63985
pause-pod-1-125, 1763675229432, 1763675293445, 64013
pause-pod-1-126, 1763675229468, 1763675293538, 64070
pause-pod-1-127, 1763675229516, 1763675293632, 64116
pause-pod-1-128, 1763675229537, 1763675293727, 64190
pause-pod-1-129, 1763675229570, 1763675293826, 64256
pause-pod-1-130, 1763675229587, 1763675293928, 64341
pause-pod-1-131, 1763675229626, 1763675294019, 64393
pause-pod-1-132, 1763675229638, 1763675294118, 64480
pause-pod-1-133, 1763675229648, 1763675294209, 64561
pause-pod-1-134, 1763675229667, 1763675294300, 64633
pause-pod-1-135, 1763675229714, 1763675294389, 64675
pause-pod-1-136, 1763675229744, 1763675294478, 64734
pause-pod-1-137, 1763675229788, 1763675294567, 64779
pause-pod-1-138, 1763675229852, 1763675294661, 64809
pause-pod-1-139, 1763675229875, 1763675294750, 64875
pause-pod-1-140, 1763675229933, 1763675294838, 64905
pause-pod-1-141, 1763675229954, 1763675294926, 64972
pause-pod-1-142, 1763675229971, 1763675295015, 65044
pause-pod-1-143, 1763675229997, 1763675295118, 65121
pause-pod-1-144, 1763675230059, 1763675295209, 65150
pause-pod-1-145, 1763675230084, 1763675295301, 65217
pause-pod-1-146, 1763675230100, 1763675295392, 65292
pause-pod-1-147, 1763675230133, 1763675295479, 65346
pause-pod-1-148, 1763675230149, 1763675295568, 65419
pause-pod-1-149, 1763675230228, 1763675295656, 65428
pause-pod-1-150, 1763675230258, 1763675295741, 65483
pause-pod-2-1, 1763675434744, 1763675442383, 7639
pause-pod-2-2, 1763675434746, 1763675445306, 10560
pause-pod-2-3, 1763675434748, 1763675445431, 10683
pause-pod-2-4, 1763675434751, 1763675445657, 10906
pause-pod-2-5, 1763675434758, 1763675445798, 11040
pause-pod-2-6, 1763675434771, 1763675445923, 11152
pause-pod-2-7, 1763675434791, 1763675446325, 11534
pause-pod-2-8, 1763675434801, 1763675446442, 11641
pause-pod-2-9, 1763675434825, 1763675446570, 11745
pause-pod-2-10, 1763675434847, 1763675446687, 11840
pause-pod-2-11, 1763675434882, 1763675446799, 11917
pause-pod-2-12, 1763675434911, 1763675446899, 11988
pause-pod-2-13, 1763675434929, 1763675447004, 12075
pause-pod-2-14, 1763675434949, 1763675450304, 15355
pause-pod-2-15, 1763675434955, 1763675450420, 15465
pause-pod-2-16, 1763675435035, 1763675450653, 15618
pause-pod-2-17, 1763675435127, 1763675450741, 15614
pause-pod-2-18, 1763675435171, 1763675450833, 15662
pause-pod-2-19, 1763675435182, 1763675450927, 15745
pause-pod-2-20, 1763675435227, 1763675451018, 15791
pause-pod-2-21, 1763675435291, 1763675453702, 18411
pause-pod-2-22, 1763675435325, 1763675453806, 18481
pause-pod-2-23, 1763675435349, 1763675453918, 18569
pause-pod-2-24, 1763675435426, 1763675454022, 18596
pause-pod-2-25, 1763675435444, 1763675454121, 18677
pause-pod-2-26, 1763675435463, 1763675454224, 18761
pause-pod-2-27, 1763675435469, 1763675454331, 18862
pause-pod-2-28, 1763675435508, 1763675454453, 18945
pause-pod-2-29, 1763675435545, 1763675454545, 19000
pause-pod-2-30, 1763675435613, 1763675454663, 19050
pause-pod-2-31, 1763675435635, 1763675454752, 19117
pause-pod-2-32, 1763675435673, 1763675454845, 19172
pause-pod-2-33, 1763675435695, 1763675454940, 19245
pause-pod-2-34, 1763675435751, 1763675455045, 19294
pause-pod-2-35, 1763675435852, 1763675455141, 19289
pause-pod-2-36, 1763675435922, 1763675459795, 23873
pause-pod-2-37, 1763675435931, 1763675459905, 23974
pause-pod-2-38, 1763675436021, 1763675459998, 23977
pause-pod-2-39, 1763675436078, 1763675460098, 24020
pause-pod-2-40, 1763675436177, 1763675460187, 24010
pause-pod-2-41, 1763675436218, 1763675460282, 24064
pause-pod-2-42, 1763675436232, 1763675460379, 24147
pause-pod-2-43, 1763675436283, 1763675460474, 24191
pause-pod-2-44, 1763675436294, 1763675460581, 24287
pause-pod-2-45, 1763675436298, 1763675460672, 24374
pause-pod-2-46, 1763675436329, 1763675460761, 24432
pause-pod-2-47, 1763675436334, 1763675460846, 24512
pause-pod-2-48, 1763675436367, 1763675461374, 25007
pause-pod-2-49, 1763675436447, 1763675461466, 25019
pause-pod-2-50, 1763675436499, 1763675461567, 25068
pause-pod-2-51, 1763675436526, 1763675461678, 25152
pause-pod-2-52, 1763675436533, 1763675461775, 25242
pause-pod-2-53, 1763675436560, 1763675461874, 25314
pause-pod-2-54, 1763675436596, 1763675461979, 25383
pause-pod-2-55, 1763675436631, 1763675462078, 25447
pause-pod-2-56, 1763675436659, 1763675462167, 25508
pause-pod-2-57, 1763675436674, 1763675462264, 25590
pause-pod-2-58, 1763675436735, 1763675463468, 26733
pause-pod-2-59, 1763675436782, 1763675463560, 26778
pause-pod-2-60, 1763675436825, 1763675463652, 26827
pause-pod-2-61, 1763675436947, 1763675481413, 44466
pause-pod-2-62, 1763675437048, 1763675481510, 44462
pause-pod-2-63, 1763675437095, 1763675481611, 44516
pause-pod-2-64, 1763675437117, 1763675481701, 44584
pause-pod-2-65, 1763675437127, 1763675481790, 44663
pause-pod-2-66, 1763675437183, 1763675481877, 44694
pause-pod-2-67, 1763675437208, 1763675481969, 44761
pause-pod-2-68, 1763675437395, 1763675482058, 44663
pause-pod-2-69, 1763675437434, 1763675482149, 44715
pause-pod-2-70, 1763675437555, 1763675482237, 44682
pause-pod-2-71, 1763675437664, 1763675482328, 44664
pause-pod-2-72, 1763675437686, 1763675482417, 44731
pause-pod-2-73, 1763675437722, 1763675482517, 44795
pause-pod-2-74, 1763675437832, 1763675482608, 44776
pause-pod-2-75, 1763675437900, 1763675482695, 44795
pause-pod-2-76, 1763675437923, 1763675482787, 44864
pause-pod-2-77, 1763675437935, 1763675482879, 44944
pause-pod-2-78, 1763675438029, 1763675482972, 44943
pause-pod-2-79, 1763675438058, 1763675483059, 45001
pause-pod-2-80, 1763675438164, 1763675483146, 44982
pause-pod-2-81, 1763675438277, 1763675483237, 44960
pause-pod-2-82, 1763675438350, 1763675483329, 44979
pause-pod-2-83, 1763675438417, 1763675483421, 45004
pause-pod-2-84, 1763675438431, 1763675483508, 45077
pause-pod-2-85, 1763675438463, 1763675483604, 45141
pause-pod-2-86, 1763675438518, 1763675483694, 45176
pause-pod-2-87, 1763675438614, 1763675483782, 45168
pause-pod-2-88, 1763675438643, 1763675483868, 45225
pause-pod-2-89, 1763675438672, 1763675483984, 45312
pause-pod-2-90, 1763675438693, 1763675484072, 45379
pause-pod-2-91, 1763675438710, 1763675484161, 45451
pause-pod-2-92, 1763675438729, 1763675484257, 45528
pause-pod-2-93, 1763675438774, 1763675484344, 45570
pause-pod-2-94, 1763675438809, 1763675484436, 45627
pause-pod-2-95, 1763675438865, 1763675484529, 45664
pause-pod-2-96, 1763675438911, 1763675484629, 45718
pause-pod-2-97, 1763675438980, 1763675484722, 45742
pause-pod-2-98, 1763675439000, 1763675485993, 46993
pause-pod-2-99, 1763675439030, 1763675486087, 47057
pause-pod-2-100, 1763675439054, 1763675486181, 47127
pause-pod-2-101, 1763675439093, 1763675486274, 47181
pause-pod-2-102, 1763675439107, 1763675486366, 47259
pause-pod-2-103, 1763675439192, 1763675486456, 47264
pause-pod-2-104, 1763675439222, 1763675486553, 47331
pause-pod-2-105, 1763675439238, 1763675486645, 47407
pause-pod-2-106, 1763675439258, 1763675486730, 47472
pause-pod-2-107, 1763675439277, 1763675486822, 47545
pause-pod-2-108, 1763675439285, 1763675486914, 47629
pause-pod-2-109, 1763675439372, 1763675487007, 47635
pause-pod-2-110, 1763675439443, 1763675487097, 47654
pause-pod-2-111, 1763675439484, 1763675487186, 47702
pause-pod-2-112, 1763675439493, 1763675487278, 47785
pause-pod-2-113, 1763675439515, 1763675487365, 47850
pause-pod-2-114, 1763675439518, 1763675487460, 47942
pause-pod-2-115, 1763675439572, 1763675487559, 47987
pause-pod-2-116, 1763675439599, 1763675487656, 48057
pause-pod-2-117, 1763675439609, 1763675487748, 48139
pause-pod-2-118, 1763675439687, 1763675487839, 48152
pause-pod-2-119, 1763675439728, 1763675487932, 48204
pause-pod-2-120, 1763675439798, 1763675488031, 48233
pause-pod-2-121, 1763675439868, 1763675488123, 48255
pause-pod-2-122, 1763675439961, 1763675488216, 48255
pause-pod-2-123, 1763675439981, 1763675488311, 48330
pause-pod-2-124, 1763675440005, 1763675488400, 48395
pause-pod-2-125, 1763675440015, 1763675488484, 48469
pause-pod-2-126, 1763675440026, 1763675488572, 48546
pause-pod-2-127, 1763675440032, 1763675488660, 48628
pause-pod-2-128, 1763675440044, 1763675488753, 48709
pause-pod-2-129, 1763675440096, 1763675488849, 48753
pause-pod-2-130, 1763675440113, 1763675488942, 48829
pause-pod-2-131, 1763675440188, 1763675489031, 48843
pause-pod-2-132, 1763675440218, 1763675489116, 48898
pause-pod-2-133, 1763675440259, 1763675489205, 48946
pause-pod-2-134, 1763675440367, 1763675489297, 48930
pause-pod-2-135, 1763675440505, 1763675489385, 48880
pause-pod-2-136, 1763675440634, 1763675489474, 48840
pause-pod-2-137, 1763675440696, 1763675489565, 48869
pause-pod-2-138, 1763675440717, 1763675489657, 48940
pause-pod-2-139, 1763675440791, 1763675489747, 48956
pause-pod-2-140, 1763675440854, 1763675489842, 48988
pause-pod-2-141, 1763675440872, 1763675489939, 49067
pause-pod-2-142, 1763675440940, 1763675490142, 49202
pause-pod-2-143, 1763675441142, 1763675490238, 49096
pause-pod-2-144, 1763675441210, 1763675490328, 49118
pause-pod-2-145, 1763675441298, 1763675490417, 49119
pause-pod-2-146, 1763675441389, 1763675490504, 49115
pause-pod-2-147, 1763675441429, 1763675490595, 49166
pause-pod-2-148, 1763675441485, 1763675490686, 49201
pause-pod-2-149, 1763675441553, 1763675490774, 49221
pause-pod-2-150, 1763675441584, 1763675490868, 49284
pause-pod-3-1, 1763675632614, 1763675639501, 6887
pause-pod-3-2, 1763675632617, 1763675644008, 11391
pause-pod-3-3, 1763675632619, 1763675644127, 11508
pause-pod-3-4, 1763675632622, 1763675644324, 11702
pause-pod-3-5, 1763675632631, 1763675644413, 11782
pause-pod-3-6, 1763675632664, 1763675644505, 11841
pause-pod-3-7, 1763675632684, 1763675644603, 11919
pause-pod-3-8, 1763675632695, 1763675674079, 41384
pause-pod-3-9, 1763675632715, 1763675674176, 41461
pause-pod-3-10, 1763675632742, 1763675674265, 41523
pause-pod-3-11, 1763675632748, 1763675674354, 41606
pause-pod-3-12, 1763675632768, 1763675674448, 41680
pause-pod-3-13, 1763675632830, 1763675674537, 41707
pause-pod-3-14, 1763675632853, 1763675674630, 41777
pause-pod-3-15, 1763675632876, 1763675674723, 41847
pause-pod-3-16, 1763675632913, 1763675674816, 41903
pause-pod-3-17, 1763675632921, 1763675674913, 41992
pause-pod-3-18, 1763675632956, 1763675675015, 42059
pause-pod-3-19, 1763675633016, 1763675675109, 42093
pause-pod-3-20, 1763675633078, 1763675678396, 45318
pause-pod-3-21, 1763675633098, 1763675678598, 45500
pause-pod-3-22, 1763675633122, 1763675678703, 45581
pause-pod-3-23, 1763675633138, 1763675678871, 45733
pause-pod-3-24, 1763675633167, 1763675679014, 45847
pause-pod-3-25, 1763675633219, 1763675679143, 45924
pause-pod-3-26, 1763675633270, 1763675679296, 46026
pause-pod-3-27, 1763675633273, 1763675679402, 46129
pause-pod-3-28, 1763675633284, 1763675679497, 46213
pause-pod-3-29, 1763675633321, 1763675679591, 46270
pause-pod-3-30, 1763675633371, 1763675679682, 46311
pause-pod-3-31, 1763675633412, 1763675679780, 46368
pause-pod-3-32, 1763675633475, 1763675679872, 46397
pause-pod-3-33, 1763675633611, 1763675679971, 46360
pause-pod-3-34, 1763675633665, 1763675680063, 46398
pause-pod-3-35, 1763675633737, 1763675680152, 46415
pause-pod-3-36, 1763675633837, 1763675680244, 46407
pause-pod-3-37, 1763675633888, 1763675680343, 46455
pause-pod-3-38, 1763675633940, 1763675680433, 46493
pause-pod-3-39, 1763675633995, 1763675680521, 46526
pause-pod-3-40, 1763675634016, 1763675680616, 46600
pause-pod-3-41, 1763675634034, 1763675680704, 46670
pause-pod-3-42, 1763675634041, 1763675680795, 46754
pause-pod-3-43, 1763675634082, 1763675680892, 46810
pause-pod-3-44, 1763675634132, 1763675680988, 46856
pause-pod-3-45, 1763675634266, 1763675681081, 46815
pause-pod-3-46, 1763675634338, 1763675681172, 46834
pause-pod-3-47, 1763675634373, 1763675681270, 46897
pause-pod-3-48, 1763675634378, 1763675682565, 48187
pause-pod-3-49, 1763675634467, 1763675682658, 48191
pause-pod-3-50, 1763675634491, 1763675682749, 48258
pause-pod-3-51, 1763675634532, 1763675682839, 48307
pause-pod-3-52, 1763675634599, 1763675682929, 48330
pause-pod-3-53, 1763675634611, 1763675683013, 48402
pause-pod-3-54, 1763675634663, 1763675683112, 48449
pause-pod-3-55, 1763675634715, 1763675683230, 48515
pause-pod-3-56, 1763675634718, 1763675683333, 48615
pause-pod-3-57, 1763675634745, 1763675683426, 48681
pause-pod-3-58, 1763675634821, 1763675683520, 48699
pause-pod-3-59, 1763675634866, 1763675683609, 48743
pause-pod-3-60, 1763675634914, 1763675683703, 48789
pause-pod-3-61, 1763675634942, 1763675683799, 48857
pause-pod-3-62, 1763675635043, 1763675683891, 48848
pause-pod-3-63, 1763675635105, 1763675684002, 48897
pause-pod-3-64, 1763675635140, 1763675684091, 48951
pause-pod-3-65, 1763675635174, 1763675684183, 49009
pause-pod-3-66, 1763675635213, 1763675684275, 49062
pause-pod-3-67, 1763675635247, 1763675684363, 49116
pause-pod-3-68, 1763675635292, 1763675684448, 49156
pause-pod-3-69, 1763675635344, 1763675684538, 49194
pause-pod-3-70, 1763675635383, 1763675684639, 49256
pause-pod-3-71, 1763675635393, 1763675684726, 49333
pause-pod-3-72, 1763675635430, 1763675684822, 49392
pause-pod-3-73, 1763675635487, 1763675684910, 49423
pause-pod-3-74, 1763675635545, 1763675685002, 49457
pause-pod-3-75, 1763675635620, 1763675685096, 49476
pause-pod-3-76, 1763675635700, 1763675685189, 49489
pause-pod-3-77, 1763675635754, 1763675685288, 49534
pause-pod-3-78, 1763675635824, 1763675685380, 49556
pause-pod-3-79, 1763675635828, 1763675685472, 49644
pause-pod-3-80, 1763675635870, 1763675685570, 49700
pause-pod-3-81, 1763675635909, 1763675685665, 49756
pause-pod-3-82, 1763675635922, 1763675685752, 49830
pause-pod-3-83, 1763675635953, 1763675685845, 49892
pause-pod-3-84, 1763675636018, 1763675685936, 49918
pause-pod-3-85, 1763675636088, 1763675686021, 49933
pause-pod-3-86, 1763675636123, 1763675686118, 49995
pause-pod-3-87, 1763675636225, 1763675686209, 49984
pause-pod-3-88, 1763675636275, 1763675686303, 50028
pause-pod-3-89, 1763675636301, 1763675686394, 50093
pause-pod-3-90, 1763675636328, 1763675686483, 50155
pause-pod-3-91, 1763675636368, 1763675686577, 50209
pause-pod-3-92, 1763675636405, 1763675686667, 50262
pause-pod-3-93, 1763675636493, 1763675686754, 50261
pause-pod-3-94, 1763675636509, 1763675686841, 50332
pause-pod-3-95, 1763675636544, 1763675686932, 50388
pause-pod-3-96, 1763675636588, 1763675687025, 50437
pause-pod-3-97, 1763675636689, 1763675687125, 50436
pause-pod-3-98, 1763675636715, 1763675687215, 50500
pause-pod-3-99, 1763675636767, 1763675687310, 50543
pause-pod-3-100, 1763675636790, 1763675687400, 50610
pause-pod-3-101, 1763675636818, 1763675687489, 50671
pause-pod-3-102, 1763675636866, 1763675687579, 50713
pause-pod-3-103, 1763675636924, 1763675687668, 50744
pause-pod-3-104, 1763675636932, 1763675687759, 50827
pause-pod-3-105, 1763675637021, 1763675687849, 50828
pause-pod-3-106, 1763675637058, 1763675687947, 50889
pause-pod-3-107, 1763675637121, 1763675688036, 50915
pause-pod-3-108, 1763675637163, 1763675688121, 50958
pause-pod-3-109, 1763675637195, 1763675688212, 51017
pause-pod-3-110, 1763675637241, 1763675688307, 51066
pause-pod-3-111, 1763675637315, 1763675688396, 51081
pause-pod-3-112, 1763675637394, 1763675688484, 51090
pause-pod-3-113, 1763675637419, 1763675688584, 51165
pause-pod-3-114, 1763675637431, 1763675688679, 51248
pause-pod-3-115, 1763675637459, 1763675688774, 51315
pause-pod-3-116, 1763675637523, 1763675688866, 51343
pause-pod-3-117, 1763675637559, 1763675688963, 51404
pause-pod-3-118, 1763675637566, 1763675689056, 51490
pause-pod-3-119, 1763675637574, 1763675689149, 51575
pause-pod-3-120, 1763675637580, 1763675689251, 51671
pause-pod-3-121, 1763675637586, 1763675689343, 51757
pause-pod-3-122, 1763675637590, 1763675689430, 51840
pause-pod-3-123, 1763675637648, 1763675689523, 51875
pause-pod-3-124, 1763675637681, 1763675689612, 51931
pause-pod-3-125, 1763675637731, 1763675689705, 51974
pause-pod-3-126, 1763675637763, 1763675689795, 52032
pause-pod-3-127, 1763675637812, 1763675689882, 52070
pause-pod-3-128, 1763675637831, 1763675689975, 52144
pause-pod-3-129, 1763675637854, 1763675690063, 52209
pause-pod-3-130, 1763675637891, 1763675690157, 52266
pause-pod-3-131, 1763675637913, 1763675690248, 52335
pause-pod-3-132, 1763675637950, 1763675690337, 52387
pause-pod-3-133, 1763675638004, 1763675690428, 52424
pause-pod-3-134, 1763675638050, 1763675690513, 52463
pause-pod-3-135, 1763675638091, 1763675690613, 52522
pause-pod-3-136, 1763675638154, 1763675690702, 52548
pause-pod-3-137, 1763675638214, 1763675690791, 52577
pause-pod-3-138, 1763675638225, 1763675690898, 52673
pause-pod-3-139, 1763675638252, 1763675690996, 52744
pause-pod-3-140, 1763675638267, 1763675691091, 52824
pause-pod-3-141, 1763675638302, 1763675691181, 52879
pause-pod-3-142, 1763675638319, 1763675691275, 52956
pause-pod-3-143, 1763675638377, 1763675691366, 52989
pause-pod-3-144, 1763675638435, 1763675691453, 53018
pause-pod-3-145, 1763675638495, 1763675691539, 53044
pause-pod-3-146, 1763675638509, 1763675691629, 53120
pause-pod-3-147, 1763675638522, 1763675691720, 53198
pause-pod-3-148, 1763675638570, 1763675691819, 53249
pause-pod-3-149, 1763675638606, 1763675691916, 53310
pause-pod-3-150, 1763675638675, 1763675692005, 53330
pause-pod-4-1, 1763675833677, 1763675840954, 7277
pause-pod-4-2, 1763675833679, 1763675844156, 10477
pause-pod-4-3, 1763675833682, 1763675844285, 10603
pause-pod-4-4, 1763675833685, 1763675844386, 10701
pause-pod-4-5, 1763675833696, 1763675844508, 10812
pause-pod-4-6, 1763675833715, 1763675844608, 10893
pause-pod-4-7, 1763675833734, 1763675849324, 15590
pause-pod-4-8, 1763675833747, 1763675849420, 15673
pause-pod-4-9, 1763675833787, 1763675849523, 15736
pause-pod-4-10, 1763675833821, 1763675849615, 15794
pause-pod-4-11, 1763675833876, 1763675849718, 15842
pause-pod-4-12, 1763675833911, 1763675849809, 15898
pause-pod-4-13, 1763675833944, 1763675849902, 15958
pause-pod-4-14, 1763675834029, 1763675849991, 15962
pause-pod-4-15, 1763675834073, 1763675850087, 16014
pause-pod-4-16, 1763675834078, 1763675850180, 16102
pause-pod-4-17, 1763675834082, 1763675850277, 16195
pause-pod-4-18, 1763675834087, 1763675850365, 16278
pause-pod-4-19, 1763675834111, 1763675850468, 16357
pause-pod-4-20, 1763675834219, 1763675850557, 16338
pause-pod-4-21, 1763675834253, 1763675850652, 16399
pause-pod-4-22, 1763675834293, 1763675850749, 16456
pause-pod-4-23, 1763675834319, 1763675850842, 16523
pause-pod-4-24, 1763675834348, 1763675850937, 16589
pause-pod-4-25, 1763675834357, 1763675851028, 16671
pause-pod-4-26, 1763675834405, 1763675851121, 16716
pause-pod-4-27, 1763675834424, 1763675851217, 16793
pause-pod-4-28, 1763675834455, 1763675851314, 16859
pause-pod-4-29, 1763675834461, 1763675851405, 16944
pause-pod-4-30, 1763675834466, 1763675851511, 17045
pause-pod-4-31, 1763675834474, 1763675851606, 17132
pause-pod-4-32, 1763675834541, 1763675851699, 17158
pause-pod-4-33, 1763675834583, 1763675864616, 30033
pause-pod-4-34, 1763675834598, 1763675864763, 30165
pause-pod-4-35, 1763675834649, 1763675864865, 30216
pause-pod-4-36, 1763675834656, 1763675864958, 30302
pause-pod-4-37, 1763675834668, 1763675865055, 30387
pause-pod-4-38, 1763675834679, 1763675865146, 30467
pause-pod-4-39, 1763675834690, 1763675865243, 30553
pause-pod-4-40, 1763675834694, 1763675865335, 30641
pause-pod-4-41, 1763675834711, 1763675865430, 30719
pause-pod-4-42, 1763675834809, 1763675865524, 30715
pause-pod-4-43, 1763675834873, 1763675865618, 30745
pause-pod-4-44, 1763675834965, 1763675865708, 30743
pause-pod-4-45, 1763675835058, 1763675865802, 30744
pause-pod-4-46, 1763675835096, 1763675865894, 30798
pause-pod-4-47, 1763675835120, 1763675865984, 30864
pause-pod-4-48, 1763675835165, 1763675866076, 30911
pause-pod-4-49, 1763675835189, 1763675866166, 30977
pause-pod-4-50, 1763675835200, 1763675866260, 31060
pause-pod-4-51, 1763675835238, 1763675866352, 31114
pause-pod-4-52, 1763675835276, 1763675866443, 31167
pause-pod-4-53, 1763675835280, 1763675866535, 31255
pause-pod-4-54, 1763675835330, 1763675871807, 36477
pause-pod-4-55, 1763675835351, 1763675871907, 36556
pause-pod-4-56, 1763675835451, 1763675872012, 36561
pause-pod-4-57, 1763675835476, 1763675872104, 36628
pause-pod-4-58, 1763675835580, 1763675872195, 36615
pause-pod-4-59, 1763675835633, 1763675872294, 36661
pause-pod-4-60, 1763675835709, 1763675872396, 36687
pause-pod-4-61, 1763675835804, 1763675872492, 36688
pause-pod-4-62, 1763675835867, 1763675872585, 36718
pause-pod-4-63, 1763675835920, 1763675872675, 36755
pause-pod-4-64, 1763675835947, 1763675879053, 43106
pause-pod-4-65, 1763675835958, 1763675879142, 43184
pause-pod-4-66, 1763675835963, 1763675879235, 43272
pause-pod-4-67, 1763675835966, 1763675879334, 43368
pause-pod-4-68, 1763675836032, 1763675879430, 43398
pause-pod-4-69, 1763675836070, 1763675879519, 43449
pause-pod-4-70, 1763675836103, 1763675879616, 43513
pause-pod-4-71, 1763675836132, 1763675879705, 43573
pause-pod-4-72, 1763675836251, 1763675879815, 43564
pause-pod-4-73, 1763675836362, 1763675879913, 43551
pause-pod-4-74, 1763675836383, 1763675880000, 43617
pause-pod-4-75, 1763675836430, 1763675880093, 43663
pause-pod-4-76, 1763675836496, 1763675880189, 43693
pause-pod-4-77, 1763675836545, 1763675880290, 43745
pause-pod-4-78, 1763675836575, 1763675880390, 43815
pause-pod-4-79, 1763675836578, 1763675880484, 43906
pause-pod-4-80, 1763675836607, 1763675881699, 45092
pause-pod-4-81, 1763675836642, 1763675881803, 45161
pause-pod-4-82, 1763675836698, 1763675881893, 45195
pause-pod-4-83, 1763675836737, 1763675881982, 45245
pause-pod-4-84, 1763675836944, 1763675882072, 45128
pause-pod-4-85, 1763675836952, 1763675882158, 45206
pause-pod-4-86, 1763675837043, 1763675882260, 45217
pause-pod-4-87, 1763675837074, 1763675882358, 45284
pause-pod-4-88, 1763675837116, 1763675882456, 45340
pause-pod-4-89, 1763675837165, 1763675882546, 45381
pause-pod-4-90, 1763675837207, 1763675882634, 45427
pause-pod-4-91, 1763675837268, 1763675882721, 45453
pause-pod-4-92, 1763675837336, 1763675882805, 45469
pause-pod-4-93, 1763675837358, 1763675882894, 45536
pause-pod-4-94, 1763675837371, 1763675882983, 45612
pause-pod-4-95, 1763675837443, 1763675883073, 45630
pause-pod-4-96, 1763675837456, 1763675883168, 45712
pause-pod-4-97, 1763675837498, 1763675883265, 45767
pause-pod-4-98, 1763675837577, 1763675883356, 45779
pause-pod-4-99, 1763675837622, 1763675883447, 45825
pause-pod-4-100, 1763675837713, 1763675883538, 45825
pause-pod-4-101, 1763675837807, 1763675883625, 45818
pause-pod-4-102, 1763675837817, 1763675883712, 45895
pause-pod-4-103, 1763675837861, 1763675883811, 45950
pause-pod-4-104, 1763675837939, 1763675883921, 45982
pause-pod-4-105, 1763675837945, 1763675884012, 46067
pause-pod-4-106, 1763675837975, 1763675884106, 46131
pause-pod-4-107, 1763675838032, 1763675884202, 46170
pause-pod-4-108, 1763675838093, 1763675884298, 46205
pause-pod-4-109, 1763675838170, 1763675884390, 46220
pause-pod-4-110, 1763675838193, 1763675884486, 46293
pause-pod-4-111, 1763675838231, 1763675884577, 46346
pause-pod-4-112, 1763675838258, 1763675884675, 46417
pause-pod-4-113, 1763675838294, 1763675884768, 46474
pause-pod-4-114, 1763675838340, 1763675884858, 46518
pause-pod-4-115, 1763675838367, 1763675884957, 46590
pause-pod-4-116, 1763675838406, 1763675885045, 46639
pause-pod-4-117, 1763675838475, 1763675885135, 46660
pause-pod-4-118, 1763675838482, 1763675885229, 46747
pause-pod-4-119, 1763675838515, 1763675885318, 46803
pause-pod-4-120, 1763675838522, 1763675885407, 46885
pause-pod-4-121, 1763675838565, 1763675885501, 46936
pause-pod-4-122, 1763675838602, 1763675885592, 46990
pause-pod-4-123, 1763675838626, 1763675885680, 47054
pause-pod-4-124, 1763675838631, 1763675885773, 47142
pause-pod-4-125, 1763675838646, 1763675885867, 47221
pause-pod-4-126, 1763675838652, 1763675885961, 47309
pause-pod-4-127, 1763675838679, 1763675886057, 47378
pause-pod-4-128, 1763675838739, 1763675886144, 47405
pause-pod-4-129, 1763675838808, 1763675886241, 47433
pause-pod-4-130, 1763675838872, 1763675886335, 47463
pause-pod-4-131, 1763675838901, 1763675886421, 47520
pause-pod-4-132, 1763675839024, 1763675886515, 47491
pause-pod-4-133, 1763675839255, 1763675886615, 47360
pause-pod-4-134, 1763675839371, 1763675886702, 47331
pause-pod-4-135, 1763675839463, 1763675886798, 47335
pause-pod-4-136, 1763675839645, 1763675886883, 47238
pause-pod-4-137, 1763675839834, 1763675886976, 47142
pause-pod-4-138, 1763675839985, 1763675887079, 47094
pause-pod-4-139, 1763675840031, 1763675887167, 47136
pause-pod-4-140, 1763675840062, 1763675887262, 47200
pause-pod-4-141, 1763675840088, 1763675887353, 47265
pause-pod-4-142, 1763675840123, 1763675887444, 47321
pause-pod-4-143, 1763675840148, 1763675887538, 47390
pause-pod-4-144, 1763675840238, 1763675887629, 47391
pause-pod-4-145, 1763675840270, 1763675887734, 47464
pause-pod-4-146, 1763675840370, 1763675887831, 47461
pause-pod-4-147, 1763675840392, 1763675887925, 47533
pause-pod-4-148, 1763675840413, 1763675888018, 47605
pause-pod-4-149, 1763675840426, 1763675888106, 47680
pause-pod-4-150, 1763675840441, 1763675888195, 47754
pause-pod-5-1, 1763676031851, 1763676038839, 6988
pause-pod-5-2, 1763676031854, 1763676038961, 7107
pause-pod-5-3, 1763676031865, 1763676039093, 7228
pause-pod-5-4, 1763676031870, 1763676039246, 7376
pause-pod-5-5, 1763676031873, 1763676040989, 9116
pause-pod-5-6, 1763676031886, 1763676042001, 10115
pause-pod-5-7, 1763676031909, 1763676044325, 12416
pause-pod-5-8, 1763676031921, 1763676044456, 12535
pause-pod-5-9, 1763676031947, 1763676047345, 15398
pause-pod-5-10, 1763676031970, 1763676047445, 15475
pause-pod-5-11, 1763676031985, 1763676047555, 15570
pause-pod-5-12, 1763676032030, 1763676047652, 15622
pause-pod-5-13, 1763676032061, 1763676047756, 15695
pause-pod-5-14, 1763676032103, 1763676047858, 15755
pause-pod-5-15, 1763676032144, 1763676047958, 15814
pause-pod-5-16, 1763676032199, 1763676048068, 15869
pause-pod-5-17, 1763676032223, 1763676048186, 15963
pause-pod-5-18, 1763676032264, 1763676048280, 16016
pause-pod-5-19, 1763676032322, 1763676048385, 16063
pause-pod-5-20, 1763676032328, 1763676048476, 16148
pause-pod-5-21, 1763676032335, 1763676050399, 18064
pause-pod-5-22, 1763676032343, 1763676050498, 18155
pause-pod-5-23, 1763676032375, 1763676050602, 18227
pause-pod-5-24, 1763676032429, 1763676050700, 18271
pause-pod-5-25, 1763676032448, 1763676050788, 18340
pause-pod-5-26, 1763676032482, 1763676050888, 18406
pause-pod-5-27, 1763676032532, 1763676050988, 18456
pause-pod-5-28, 1763676032629, 1763676051109, 18480
pause-pod-5-29, 1763676032656, 1763676051223, 18567
pause-pod-5-30, 1763676032702, 1763676051323, 18621
pause-pod-5-31, 1763676032766, 1763676055478, 22712
pause-pod-5-32, 1763676032802, 1763676055576, 22774
pause-pod-5-33, 1763676032838, 1763676055673, 22835
pause-pod-5-34, 1763676032902, 1763676055761, 22859
pause-pod-5-35, 1763676032939, 1763676055852, 22913
pause-pod-5-36, 1763676032981, 1763676055950, 22969
pause-pod-5-37, 1763676032988, 1763676056046, 23058
pause-pod-5-38, 1763676033046, 1763676056142, 23096
pause-pod-5-39, 1763676033080, 1763676056244, 23164
pause-pod-5-40, 1763676033138, 1763676056335, 23197
pause-pod-5-41, 1763676033145, 1763676056433, 23288
pause-pod-5-42, 1763676033204, 1763676056529, 23325
pause-pod-5-43, 1763676033259, 1763676056621, 23362
pause-pod-5-44, 1763676033319, 1763676056715, 23396
pause-pod-5-45, 1763676033375, 1763676056812, 23437
pause-pod-5-46, 1763676033451, 1763676056907, 23456
pause-pod-5-47, 1763676033515, 1763676057001, 23486
pause-pod-5-48, 1763676033542, 1763676057092, 23550
pause-pod-5-49, 1763676033620, 1763676057737, 24117
pause-pod-5-50, 1763676033664, 1763676057883, 24219
pause-pod-5-51, 1763676033679, 1763676057975, 24296
pause-pod-5-52, 1763676033694, 1763676058065, 24371
pause-pod-5-53, 1763676033753, 1763676058168, 24415
pause-pod-5-54, 1763676033815, 1763676058265, 24450
pause-pod-5-55, 1763676033832, 1763676058358, 24526
pause-pod-5-56, 1763676033902, 1763676058447, 24545
pause-pod-5-57, 1763676033926, 1763676058534, 24608
pause-pod-5-58, 1763676033960, 1763676058629, 24669
pause-pod-5-59, 1763676033998, 1763676058723, 24725
pause-pod-5-60, 1763676034080, 1763676058825, 24745
pause-pod-5-61, 1763676034093, 1763676058917, 24824
pause-pod-5-62, 1763676034108, 1763676059004, 24896
pause-pod-5-63, 1763676034160, 1763676059105, 24945
pause-pod-5-64, 1763676034208, 1763676059203, 24995
pause-pod-5-65, 1763676034383, 1763676066673, 32290
pause-pod-5-66, 1763676034437, 1763676066767, 32330
pause-pod-5-67, 1763676034540, 1763676072379, 37839
pause-pod-5-68, 1763676034564, 1763676072483, 37919
pause-pod-5-69, 1763676034627, 1763676072588, 37961
pause-pod-5-70, 1763676034698, 1763676072692, 37994
pause-pod-5-71, 1763676034797, 1763676072799, 38002
pause-pod-5-72, 1763676034813, 1763676078431, 43618
pause-pod-5-73, 1763676034839, 1763676078525, 43686
pause-pod-5-74, 1763676034863, 1763676078621, 43758
pause-pod-5-75, 1763676034966, 1763676078832, 43866
pause-pod-5-76, 1763676034988, 1763676078931, 43943
pause-pod-5-77, 1763676035046, 1763676079022, 43976
pause-pod-5-78, 1763676035096, 1763676079124, 44028
pause-pod-5-79, 1763676035164, 1763676079222, 44058
pause-pod-5-80, 1763676035204, 1763676079323, 44119
pause-pod-5-81, 1763676035239, 1763676079421, 44182
pause-pod-5-82, 1763676035293, 1763676079519, 44226
pause-pod-5-83, 1763676035301, 1763676079618, 44317
pause-pod-5-84, 1763676035345, 1763676079709, 44364
pause-pod-5-85, 1763676035388, 1763676079810, 44422
pause-pod-5-86, 1763676035460, 1763676079903, 44443
pause-pod-5-87, 1763676035502, 1763676080009, 44507
pause-pod-5-88, 1763676035544, 1763676080120, 44576
pause-pod-5-89, 1763676035607, 1763676080219, 44612
pause-pod-5-90, 1763676035639, 1763676080320, 44681
pause-pod-5-91, 1763676035696, 1763676080413, 44717
pause-pod-5-92, 1763676035729, 1763676080531, 44802
pause-pod-5-93, 1763676035792, 1763676080626, 44834
pause-pod-5-94, 1763676035847, 1763676080727, 44880
pause-pod-5-95, 1763676035973, 1763676080818, 44845
pause-pod-5-96, 1763676036026, 1763676080916, 44890
pause-pod-5-97, 1763676036059, 1763676081011, 44952
pause-pod-5-98, 1763676036078, 1763676081110, 45032
pause-pod-5-99, 1763676036210, 1763676081201, 44991
pause-pod-5-100, 1763676036292, 1763676081300, 45008
pause-pod-5-101, 1763676036325, 1763676081388, 45063
pause-pod-5-102, 1763676036331, 1763676081476, 45145
pause-pod-5-103, 1763676036385, 1763676081577, 45192
pause-pod-5-104, 1763676036408, 1763676081670, 45262
pause-pod-5-105, 1763676036510, 1763676081761, 45251
pause-pod-5-106, 1763676036541, 1763676081860, 45319
pause-pod-5-107, 1763676036565, 1763676081958, 45393
pause-pod-5-108, 1763676036621, 1763676082051, 45430
pause-pod-5-109, 1763676036633, 1763676082147, 45514
pause-pod-5-110, 1763676036696, 1763676082242, 45546
pause-pod-5-111, 1763676036728, 1763676082339, 45611
pause-pod-5-112, 1763676036747, 1763676082434, 45687
pause-pod-5-113, 1763676036783, 1763676083253, 46470
pause-pod-5-114, 1763676036795, 1763676083341, 46546
pause-pod-5-115, 1763676036821, 1763676083430, 46609
pause-pod-5-116, 1763676036856, 1763676083527, 46671
pause-pod-5-117, 1763676036864, 1763676083639, 46775
pause-pod-5-118, 1763676036897, 1763676083727, 46830
pause-pod-5-119, 1763676036976, 1763676083821, 46845
pause-pod-5-120, 1763676037011, 1763676083915, 46904
pause-pod-5-121, 1763676037054, 1763676084010, 46956
pause-pod-5-122, 1763676037076, 1763676084098, 47022
pause-pod-5-123, 1763676037086, 1763676084194, 47108
pause-pod-5-124, 1763676037122, 1763676084302, 47180
pause-pod-5-125, 1763676037174, 1763676084394, 47220
pause-pod-5-126, 1763676037252, 1763676084493, 47241
pause-pod-5-127, 1763676037303, 1763676084585, 47282
pause-pod-5-128, 1763676037327, 1763676084677, 47350
pause-pod-5-129, 1763676037334, 1763676084770, 47436
pause-pod-5-130, 1763676037341, 1763676084861, 47520
pause-pod-5-131, 1763676037347, 1763676084956, 47609
pause-pod-5-132, 1763676037380, 1763676085044, 47664
pause-pod-5-133, 1763676037426, 1763676085138, 47712
pause-pod-5-134, 1763676037440, 1763676085225, 47785
pause-pod-5-135, 1763676037502, 1763676085330, 47828
pause-pod-5-136, 1763676037518, 1763676085423, 47905
pause-pod-5-137, 1763676037540, 1763676085512, 47972
pause-pod-5-138, 1763676037647, 1763676085601, 47954
pause-pod-5-139, 1763676037678, 1763676085690, 48012
pause-pod-5-140, 1763676037743, 1763676085784, 48041
pause-pod-5-141, 1763676037803, 1763676085872, 48069
pause-pod-5-142, 1763676037837, 1763676085963, 48126
pause-pod-5-143, 1763676037867, 1763676086057, 48190
pause-pod-5-144, 1763676037883, 1763676086144, 48261
pause-pod-5-145, 1763676037933, 1763676086240, 48307
pause-pod-5-146, 1763676037954, 1763676086326, 48372
pause-pod-5-147, 1763676038015, 1763676086418, 48403
pause-pod-5-148, 1763676038102, 1763676086509, 48407
pause-pod-5-149, 1763676038135, 1763676086601, 48466
pause-pod-5-150, 1763676038148, 1763676086696, 48548
pause-pod-6-1, 1763676230020, 1763676237120, 7100
pause-pod-6-2, 1763676230022, 1763676237231, 7209
pause-pod-6-3, 1763676230025, 1763676237349, 7324
pause-pod-6-4, 1763676230038, 1763676237465, 7427
pause-pod-6-5, 1763676230042, 1763676237568, 7526
pause-pod-6-6, 1763676230047, 1763676245709, 15662
pause-pod-6-7, 1763676230061, 1763676245850, 15789
pause-pod-6-8, 1763676230104, 1763676245960, 15856
pause-pod-6-9, 1763676230128, 1763676246062, 15934
pause-pod-6-10, 1763676230141, 1763676246167, 16026
pause-pod-6-11, 1763676230193, 1763676246270, 16077
pause-pod-6-12, 1763676230215, 1763676246376, 16161
pause-pod-6-13, 1763676230254, 1763676246473, 16219
pause-pod-6-14, 1763676230274, 1763676249772, 19498
pause-pod-6-15, 1763676230320, 1763676250654, 20334
pause-pod-6-16, 1763676230361, 1763676250802, 20441
pause-pod-6-17, 1763676230395, 1763676250922, 20527
pause-pod-6-18, 1763676230465, 1763676251012, 20547
pause-pod-6-19, 1763676230495, 1763676251108, 20613
pause-pod-6-20, 1763676230518, 1763676251206, 20688
pause-pod-6-21, 1763676230530, 1763676251315, 20785
pause-pod-6-22, 1763676230578, 1763676251409, 20831
pause-pod-6-23, 1763676230624, 1763676251499, 20875
pause-pod-6-24, 1763676230671, 1763676251592, 20921
pause-pod-6-25, 1763676230684, 1763676251684, 21000
pause-pod-6-26, 1763676230742, 1763676251801, 21059
pause-pod-6-27, 1763676230766, 1763676251892, 21126
pause-pod-6-28, 1763676230808, 1763676252004, 21196
pause-pod-6-29, 1763676230863, 1763676252096, 21233
pause-pod-6-30, 1763676230877, 1763676252198, 21321
pause-pod-6-31, 1763676230961, 1763676252302, 21341
pause-pod-6-32, 1763676230993, 1763676252811, 21818
pause-pod-6-33, 1763676231082, 1763676252903, 21821
pause-pod-6-34, 1763676231101, 1763676253798, 22697
pause-pod-6-35, 1763676231170, 1763676253892, 22722
pause-pod-6-36, 1763676231203, 1763676253996, 22793
pause-pod-6-37, 1763676231216, 1763676254089, 22873
pause-pod-6-38, 1763676231268, 1763676254192, 22924
pause-pod-6-39, 1763676231317, 1763676257829, 26512
pause-pod-6-40, 1763676231373, 1763676257937, 26564
pause-pod-6-41, 1763676231396, 1763676258051, 26655
pause-pod-6-42, 1763676231493, 1763676258149, 26656
pause-pod-6-43, 1763676231549, 1763676258237, 26688
pause-pod-6-44, 1763676231590, 1763676258324, 26734
pause-pod-6-45, 1763676231619, 1763676259901, 28282
pause-pod-6-46, 1763676231642, 1763676260005, 28363
pause-pod-6-47, 1763676231667, 1763676260103, 28436
pause-pod-6-48, 1763676231778, 1763676260207, 28429
pause-pod-6-49, 1763676231836, 1763676260309, 28473
pause-pod-6-50, 1763676231903, 1763676260412, 28509
pause-pod-6-51, 1763676231923, 1763676260866, 28943
pause-pod-6-52, 1763676231950, 1763676260989, 29039
pause-pod-6-53, 1763676231965, 1763676261079, 29114
pause-pod-6-54, 1763676232061, 1763676261167, 29106
pause-pod-6-55, 1763676232099, 1763676261264, 29165
pause-pod-6-56, 1763676232142, 1763676261356, 29214
pause-pod-6-57, 1763676232204, 1763676261445, 29241
pause-pod-6-58, 1763676232307, 1763676261540, 29233
pause-pod-6-59, 1763676232331, 1763676261632, 29301
pause-pod-6-60, 1763676232353, 1763676261728, 29375
pause-pod-6-61, 1763676232429, 1763676261823, 29394
pause-pod-6-62, 1763676232504, 1763676261912, 29408
pause-pod-6-63, 1763676232533, 1763676262131, 29598
pause-pod-6-64, 1763676232597, 1763676262240, 29643
pause-pod-6-65, 1763676232617, 1763676262359, 29742
pause-pod-6-66, 1763676232646, 1763676262460, 29814
pause-pod-6-67, 1763676232661, 1763676262559, 29898
pause-pod-6-68, 1763676232713, 1763676262654, 29941
pause-pod-6-69, 1763676232764, 1763676262753, 29989
pause-pod-6-70, 1763676232811, 1763676262852, 30041
pause-pod-6-71, 1763676232846, 1763676262952, 30106
pause-pod-6-72, 1763676232890, 1763676263046, 30156
pause-pod-6-73, 1763676232915, 1763676263145, 30230
pause-pod-6-74, 1763676232953, 1763676263248, 30295
pause-pod-6-75, 1763676232968, 1763676263344, 30376
pause-pod-6-76, 1763676232983, 1763676263442, 30459
pause-pod-6-77, 1763676233011, 1763676263544, 30533
pause-pod-6-78, 1763676233027, 1763676265042, 32015
pause-pod-6-79, 1763676233031, 1763676272047, 39016
pause-pod-6-80, 1763676233070, 1763676273677, 40607
pause-pod-6-81, 1763676233120, 1763676273810, 40690
pause-pod-6-82, 1763676233179, 1763676273939, 40760
pause-pod-6-83, 1763676233233, 1763676274036, 40803
pause-pod-6-84, 1763676233315, 1763676276130, 42815
pause-pod-6-85, 1763676233331, 1763676276265, 42934
pause-pod-6-86, 1763676233336, 1763676276361, 43025
pause-pod-6-87, 1763676233440, 1763676276452, 43012
pause-pod-6-88, 1763676233476, 1763676276544, 43068
pause-pod-6-89, 1763676233585, 1763676276643, 43058
pause-pod-6-90, 1763676233632, 1763676276744, 43112
pause-pod-6-91, 1763676233772, 1763676276837, 43065
pause-pod-6-92, 1763676233829, 1763676276936, 43107
pause-pod-6-93, 1763676233903, 1763676277038, 43135
pause-pod-6-94, 1763676233984, 1763676277129, 43145
pause-pod-6-95, 1763676233998, 1763676277222, 43224
pause-pod-6-96, 1763676234051, 1763676277316, 43265
pause-pod-6-97, 1763676234125, 1763676277415, 43290
pause-pod-6-98, 1763676234197, 1763676277505, 43308
pause-pod-6-99, 1763676234256, 1763676277591, 43335
pause-pod-6-100, 1763676234368, 1763676277688, 43320
pause-pod-6-101, 1763676234429, 1763676277782, 43353
pause-pod-6-102, 1763676234463, 1763676277873, 43410
pause-pod-6-103, 1763676234468, 1763676277961, 43493
pause-pod-6-104, 1763676234487, 1763676278048, 43561
pause-pod-6-105, 1763676234523, 1763676278145, 43622
pause-pod-6-106, 1763676234559, 1763676278740, 44181
pause-pod-6-107, 1763676234585, 1763676278830, 44245
pause-pod-6-108, 1763676234675, 1763676278921, 44246
pause-pod-6-109, 1763676234710, 1763676279006, 44296
pause-pod-6-110, 1763676234729, 1763676279095, 44366
pause-pod-6-111, 1763676234815, 1763676279181, 44366
pause-pod-6-112, 1763676234834, 1763676279273, 44439
pause-pod-6-113, 1763676234921, 1763676279365, 44444
pause-pod-6-114, 1763676234928, 1763676279454, 44526
pause-pod-6-115, 1763676234932, 1763676279542, 44610
pause-pod-6-116, 1763676234945, 1763676279634, 44689
pause-pod-6-117, 1763676234977, 1763676279726, 44749
pause-pod-6-118, 1763676234998, 1763676279817, 44819
pause-pod-6-119, 1763676235033, 1763676279909, 44876
pause-pod-6-120, 1763676235055, 1763676280002, 44947
pause-pod-6-121, 1763676235068, 1763676280096, 45028
pause-pod-6-122, 1763676235103, 1763676280185, 45082
pause-pod-6-123, 1763676235132, 1763676280280, 45148
pause-pod-6-124, 1763676235145, 1763676280365, 45220
pause-pod-6-125, 1763676235173, 1763676280454, 45281
pause-pod-6-126, 1763676235223, 1763676280541, 45318
pause-pod-6-127, 1763676235248, 1763676280634, 45386
pause-pod-6-128, 1763676235271, 1763676280721, 45450
pause-pod-6-129, 1763676235328, 1763676280810, 45482
pause-pod-6-130, 1763676235356, 1763676280909, 45553
pause-pod-6-131, 1763676235378, 1763676280998, 45620
pause-pod-6-132, 1763676235412, 1763676281087, 45675
pause-pod-6-133, 1763676235442, 1763676281180, 45738
pause-pod-6-134, 1763676235503, 1763676281277, 45774
pause-pod-6-135, 1763676235541, 1763676281369, 45828
pause-pod-6-136, 1763676235593, 1763676281455, 45862
pause-pod-6-137, 1763676235657, 1763676281544, 45887
pause-pod-6-138, 1763676235672, 1763676281637, 45965
pause-pod-6-139, 1763676235699, 1763676281732, 46033
pause-pod-6-140, 1763676235742, 1763676281836, 46094
pause-pod-6-141, 1763676235771, 1763676281933, 46162
pause-pod-6-142, 1763676235796, 1763676282027, 46231
pause-pod-6-143, 1763676235836, 1763676282116, 46280
pause-pod-6-144, 1763676235854, 1763676282207, 46353
pause-pod-6-145, 1763676235881, 1763676282304, 46423
pause-pod-6-146, 1763676235916, 1763676282397, 46481
pause-pod-6-147, 1763676235947, 1763676282489, 46542
pause-pod-6-148, 1763676235992, 1763676282581, 46589
pause-pod-6-149, 1763676236029, 1763676282671, 46642
pause-pod-6-150, 1763676236137, 1763676282758, 46621
