Pod Name, Delete Start Timestamp, Deleted Confirmed Timestamp, Delete Latency (milliseconds)
pause-pod-1-1, 1763673679318, 1763673683970, 4652
pause-pod-1-2, 1763673679320, 1763673684107, 4787
pause-pod-1-3, 1763673679322, 1763673685032, 5710
pause-pod-1-4, 1763673679324, 1763673685145, 5821
pause-pod-1-5, 1763673679327, 1763673685974, 6647
pause-pod-1-6, 1763673679332, 1763673686065, 6733
pause-pod-1-7, 1763673679336, 1763673686153, 6817
pause-pod-1-8, 1763673679357, 1763673686261, 6904
pause-pod-1-9, 1763673679371, 1763673686365, 6994
pause-pod-1-10, 1763673679383, 1763673686449, 7066
pause-pod-1-11, 1763673679389, 1763673686549, 7160
pause-pod-1-12, 1763673679406, 1763673686644, 7238
pause-pod-1-13, 1763673679414, 1763673686737, 7323
pause-pod-1-14, 1763673679435, 1763673686828, 7393
pause-pod-1-15, 1763673679448, 1763673686920, 7472
pause-pod-1-16, 1763673679485, 1763673687019, 7534
pause-pod-1-17, 1763673679531, 1763673687115, 7584
pause-pod-1-18, 1763673679574, 1763673687201, 7627
pause-pod-1-19, 1763673679597, 1763673687313, 7716
pause-pod-1-20, 1763673679650, 1763673687399, 7749
pause-pod-1-21, 1763673679668, 1763673690755, 11087
pause-pod-1-22, 1763673679705, 1763673690912, 11207
pause-pod-1-23, 1763673679721, 1763673691142, 11421
pause-pod-1-24, 1763673679786, 1763673691229, 11443
pause-pod-1-25, 1763673679797, 1763673691328, 11531
pause-pod-1-26, 1763673679831, 1763673691415, 11584
pause-pod-1-27, 1763673679874, 1763673691511, 11637
pause-pod-1-28, 1763673680002, 1763673691594, 11592
pause-pod-1-29, 1763673680045, 1763673691694, 11649
pause-pod-1-30, 1763673680051, 1763673691788, 11737
pause-pod-1-31, 1763673680066, 1763673691876, 11810
pause-pod-1-32, 1763673680122, 1763673691968, 11846
pause-pod-1-33, 1763673680149, 1763673692062, 11913
pause-pod-1-34, 1763673680193, 1763673692154, 11961
pause-pod-1-35, 1763673680200, 1763673692241, 12041
pause-pod-1-36, 1763673680211, 1763673692329, 12118
pause-pod-1-37, 1763673680298, 1763673692418, 12120
pause-pod-1-38, 1763673680306, 1763673692511, 12205
pause-pod-1-39, 1763673680313, 1763673692603, 12290
pause-pod-1-40, 1763673680329, 1763673692696, 12367
pause-pod-1-41, 1763673680382, 1763673692780, 12398
pause-pod-1-42, 1763673680450, 1763673692873, 12423
pause-pod-1-43, 1763673680475, 1763673692970, 12495
pause-pod-1-44, 1763673680493, 1763673693064, 12571
pause-pod-1-45, 1763673680525, 1763673693157, 12632
pause-pod-1-46, 1763673680539, 1763673693244, 12705
pause-pod-1-47, 1763673680627, 1763673693334, 12707
pause-pod-1-48, 1763673680687, 1763673693419, 12732
pause-pod-1-49, 1763673680768, 1763673693513, 12745
pause-pod-1-50, 1763673680804, 1763673693605, 12801
pause-pod-2-1, 1763673775647, 1763673779894, 4247
pause-pod-2-2, 1763673775649, 1763673780609, 4960
pause-pod-2-3, 1763673775651, 1763673780697, 5046
pause-pod-2-4, 1763673775665, 1763673781624, 5959
pause-pod-2-5, 1763673775668, 1763673781719, 6051
pause-pod-2-6, 1763673775685, 1763673781808, 6123
pause-pod-2-7, 1763673775693, 1763673781900, 6207
pause-pod-2-8, 1763673775712, 1763673785741, 10029
pause-pod-2-9, 1763673775747, 1763673785957, 10210
pause-pod-2-10, 1763673775760, 1763673786070, 10310
pause-pod-2-11, 1763673775778, 1763673786160, 10382
pause-pod-2-12, 1763673775805, 1763673786255, 10450
pause-pod-2-13, 1763673775844, 1763673786345, 10501
pause-pod-2-14, 1763673775864, 1763673786442, 10578
pause-pod-2-15, 1763673775897, 1763673786534, 10637
pause-pod-2-16, 1763673775935, 1763673786772, 10837
pause-pod-2-17, 1763673775957, 1763673786882, 10925
pause-pod-2-18, 1763673775992, 1763673787001, 11009
pause-pod-2-19, 1763673776055, 1763673787098, 11043
pause-pod-2-20, 1763673776098, 1763673787191, 11093
pause-pod-2-21, 1763673776145, 1763673787281, 11136
pause-pod-2-22, 1763673776174, 1763673787373, 11199
pause-pod-2-23, 1763673776209, 1763673787467, 11258
pause-pod-2-24, 1763673776239, 1763673787551, 11312
pause-pod-2-25, 1763673776267, 1763673787659, 11392
pause-pod-2-26, 1763673776330, 1763673787749, 11419
pause-pod-2-27, 1763673776350, 1763673787838, 11488
pause-pod-2-28, 1763673776426, 1763673787929, 11503
pause-pod-2-29, 1763673776460, 1763673788020, 11560
pause-pod-2-30, 1763673776467, 1763673788112, 11645
pause-pod-2-31, 1763673776482, 1763673788200, 11718
pause-pod-2-32, 1763673776549, 1763673788287, 11738
pause-pod-2-33, 1763673776601, 1763673788376, 11775
pause-pod-2-34, 1763673776606, 1763673788473, 11867
pause-pod-2-35, 1763673776610, 1763673788571, 11961
pause-pod-2-36, 1763673776628, 1763673788670, 12042
pause-pod-2-37, 1763673776645, 1763673788760, 12115
pause-pod-2-38, 1763673776666, 1763673788846, 12180
pause-pod-2-39, 1763673776715, 1763673788941, 12226
pause-pod-2-40, 1763673776751, 1763673789028, 12277
pause-pod-2-41, 1763673776780, 1763673789120, 12340
pause-pod-2-42, 1763673776820, 1763673789212, 12392
pause-pod-2-43, 1763673776913, 1763673789307, 12394
pause-pod-2-44, 1763673776941, 1763673789393, 12452
pause-pod-2-45, 1763673777010, 1763673789482, 12472
pause-pod-2-46, 1763673777029, 1763673789575, 12546
pause-pod-2-47, 1763673777190, 1763673789668, 12478
pause-pod-2-48, 1763673777265, 1763673789758, 12493
pause-pod-2-49, 1763673777340, 1763673789847, 12507
pause-pod-2-50, 1763673777385, 1763673789943, 12558
pause-pod-3-1, 1763673873028, 1763673877253, 4225
pause-pod-3-2, 1763673873030, 1763673877383, 4353
pause-pod-3-3, 1763673873032, 1763673877525, 4493
pause-pod-3-4, 1763673873045, 1763673877646, 4601
pause-pod-3-5, 1763673873074, 1763673877748, 4674
pause-pod-3-6, 1763673873090, 1763673878499, 5409
pause-pod-3-7, 1763673873104, 1763673878607, 5503
pause-pod-3-8, 1763673873119, 1763673878694, 5575
pause-pod-3-9, 1763673873141, 1763673878784, 5643
pause-pod-3-10, 1763673873172, 1763673878872, 5700
pause-pod-3-11, 1763673873181, 1763673881598, 8417
pause-pod-3-12, 1763673873210, 1763673881700, 8490
pause-pod-3-13, 1763673873239, 1763673881803, 8564
pause-pod-3-14, 1763673873262, 1763673882310, 9048
pause-pod-3-15, 1763673873285, 1763673882426, 9141
pause-pod-3-16, 1763673873294, 1763673882529, 9235
pause-pod-3-17, 1763673873318, 1763673882626, 9308
pause-pod-3-18, 1763673873323, 1763673882721, 9398
pause-pod-3-19, 1763673873341, 1763673883304, 9963
pause-pod-3-20, 1763673873384, 1763673883412, 10028
pause-pod-3-21, 1763673873411, 1763673883768, 10357
pause-pod-3-22, 1763673873479, 1763673883979, 10500
pause-pod-3-23, 1763673873516, 1763673884369, 10853
pause-pod-3-24, 1763673873520, 1763673884476, 10956
pause-pod-3-25, 1763673873553, 1763673884574, 11021
pause-pod-3-26, 1763673873587, 1763673884669, 11082
pause-pod-3-27, 1763673873597, 1763673884758, 11161
pause-pod-3-28, 1763673873659, 1763673884849, 11190
pause-pod-3-29, 1763673873740, 1763673884941, 11201
pause-pod-3-30, 1763673873772, 1763673885031, 11259
pause-pod-3-31, 1763673873820, 1763673885353, 11533
pause-pod-3-32, 1763673873859, 1763673885454, 11595
pause-pod-3-33, 1763673873882, 1763673885542, 11660
pause-pod-3-34, 1763673873928, 1763673885632, 11704
pause-pod-3-35, 1763673873964, 1763673885720, 11756
pause-pod-3-36, 1763673874021, 1763673885823, 11802
pause-pod-3-37, 1763673874025, 1763673885914, 11889
pause-pod-3-38, 1763673874052, 1763673886002, 11950
pause-pod-3-39, 1763673874058, 1763673886088, 12030
pause-pod-3-40, 1763673874171, 1763673886175, 12004
pause-pod-3-41, 1763673874263, 1763673886265, 12002
pause-pod-3-42, 1763673874316, 1763673886351, 12035
pause-pod-3-43, 1763673874330, 1763673886440, 12110
pause-pod-3-44, 1763673874342, 1763673886539, 12197
pause-pod-3-45, 1763673874370, 1763673886630, 12260
pause-pod-3-46, 1763673874390, 1763673886722, 12332
pause-pod-3-47, 1763673874436, 1763673886819, 12383
pause-pod-3-48, 1763673874511, 1763673886920, 12409
pause-pod-3-49, 1763673874638, 1763673887016, 12378
pause-pod-3-50, 1763673874723, 1763673887117, 12394
pause-pod-4-1, 1763673971622, 1763673974294, 2672
pause-pod-4-2, 1763673971624, 1763673979579, 7955
pause-pod-4-3, 1763673971626, 1763673979719, 8093
pause-pod-4-4, 1763673971632, 1763673979812, 8180
pause-pod-4-5, 1763673971646, 1763673980235, 8589
pause-pod-4-6, 1763673971666, 1763673980348, 8682
pause-pod-4-7, 1763673971682, 1763673980448, 8766
pause-pod-4-8, 1763673971697, 1763673980542, 8845
pause-pod-4-9, 1763673971701, 1763673980629, 8928
pause-pod-4-10, 1763673971730, 1763673980729, 8999
pause-pod-4-11, 1763673971745, 1763673980842, 9097
pause-pod-4-12, 1763673971764, 1763673980938, 9174
pause-pod-4-13, 1763673971776, 1763673981538, 9762
pause-pod-4-14, 1763673971807, 1763673981643, 9836
pause-pod-4-15, 1763673971820, 1763673981741, 9921
pause-pod-4-16, 1763673971881, 1763673981832, 9951
pause-pod-4-17, 1763673971923, 1763673981933, 10010
pause-pod-4-18, 1763673971952, 1763673982039, 10087
pause-pod-4-19, 1763673971972, 1763673982136, 10164
pause-pod-4-20, 1763673972050, 1763673982346, 10296
pause-pod-4-21, 1763673972078, 1763673982448, 10370
pause-pod-4-22, 1763673972157, 1763673982546, 10389
pause-pod-4-23, 1763673972183, 1763673982643, 10460
pause-pod-4-24, 1763673972244, 1763673982736, 10492
pause-pod-4-25, 1763673972327, 1763673982829, 10502
pause-pod-4-26, 1763673972369, 1763673982936, 10567
pause-pod-4-27, 1763673972446, 1763673983036, 10590
pause-pod-4-28, 1763673972472, 1763673983127, 10655
pause-pod-4-29, 1763673972515, 1763673983217, 10702
pause-pod-4-30, 1763673972551, 1763673983350, 10799
pause-pod-4-31, 1763673972609, 1763673983449, 10840
pause-pod-4-32, 1763673972675, 1763673983539, 10864
pause-pod-4-33, 1763673972729, 1763673983648, 10919
pause-pod-4-34, 1763673972738, 1763673983735, 10997
pause-pod-4-35, 1763673972743, 1763673983829, 11086
pause-pod-4-36, 1763673972785, 1763673983949, 11164
pause-pod-4-37, 1763673972797, 1763673984039, 11242
pause-pod-4-38, 1763673972831, 1763673984127, 11296
pause-pod-4-39, 1763673972866, 1763673984217, 11351
pause-pod-4-40, 1763673972924, 1763673984311, 11387
pause-pod-4-41, 1763673972962, 1763673984401, 11439
pause-pod-4-42, 1763673973044, 1763673984488, 11444
pause-pod-4-43, 1763673973069, 1763673984575, 11506
pause-pod-4-44, 1763673973162, 1763673984666, 11504
pause-pod-4-45, 1763673973168, 1763673984757, 11589
pause-pod-4-46, 1763673973263, 1763673984856, 11593
pause-pod-4-47, 1763673973290, 1763673984949, 11659
pause-pod-4-48, 1763673973312, 1763673985038, 11726
pause-pod-4-49, 1763673973321, 1763673985134, 11813
pause-pod-4-50, 1763673973341, 1763673985222, 11881
pause-pod-5-1, 1763674068678, 1763674076885, 8207
pause-pod-5-2, 1763674068680, 1763674076977, 8297
pause-pod-5-3, 1763674068683, 1763674077074, 8391
pause-pod-5-4, 1763674068685, 1763674077194, 8509
pause-pod-5-5, 1763674068690, 1763674077284, 8594
pause-pod-5-6, 1763674068698, 1763674077383, 8685
pause-pod-5-7, 1763674068719, 1763674077473, 8754
pause-pod-5-8, 1763674068730, 1763674077571, 8841
pause-pod-5-9, 1763674068749, 1763674077673, 8924
pause-pod-5-10, 1763674068768, 1763674078156, 9388
pause-pod-5-11, 1763674068776, 1763674078259, 9483
pause-pod-5-12, 1763674068795, 1763674079056, 10261
pause-pod-5-13, 1763674068817, 1763674079204, 10387
pause-pod-5-14, 1763674068832, 1763674079325, 10493
pause-pod-5-15, 1763674068894, 1763674079414, 10520
pause-pod-5-16, 1763674068953, 1763674080217, 11264
pause-pod-5-17, 1763674068980, 1763674080382, 11402
pause-pod-5-18, 1763674069073, 1763674080898, 11825
pause-pod-5-19, 1763674069089, 1763674080990, 11901
pause-pod-5-20, 1763674069114, 1763674081076, 11962
pause-pod-5-21, 1763674069131, 1763674081165, 12034
pause-pod-5-22, 1763674069143, 1763674081258, 12115
pause-pod-5-23, 1763674069162, 1763674081345, 12183
pause-pod-5-24, 1763674069167, 1763674081437, 12270
pause-pod-5-25, 1763674069197, 1763674081535, 12338
pause-pod-5-26, 1763674069245, 1763674081626, 12381
pause-pod-5-27, 1763674069294, 1763674081713, 12419
pause-pod-5-28, 1763674069388, 1763674081807, 12419
pause-pod-5-29, 1763674069408, 1763674081901, 12493
pause-pod-5-30, 1763674069431, 1763674082004, 12573
pause-pod-5-31, 1763674069503, 1763674082093, 12590
pause-pod-5-32, 1763674069529, 1763674082182, 12653
pause-pod-5-33, 1763674069565, 1763674082276, 12711
pause-pod-5-34, 1763674069616, 1763674082364, 12748
pause-pod-5-35, 1763674069666, 1763674082452, 12786
pause-pod-5-36, 1763674069691, 1763674082547, 12856
pause-pod-5-37, 1763674069738, 1763674082636, 12898
pause-pod-5-38, 1763674069801, 1763674082729, 12928
pause-pod-5-39, 1763674069838, 1763674082820, 12982
pause-pod-5-40, 1763674069885, 1763674082914, 13029
pause-pod-5-41, 1763674069919, 1763674083006, 13087
pause-pod-5-42, 1763674069939, 1763674083094, 13155
pause-pod-5-43, 1763674070107, 1763674083196, 13089
pause-pod-5-44, 1763674070137, 1763674083284, 13147
pause-pod-5-45, 1763674070159, 1763674083383, 13224
pause-pod-5-46, 1763674070269, 1763674083480, 13211
pause-pod-5-47, 1763674070293, 1763674083573, 13280
pause-pod-5-48, 1763674070318, 1763674083665, 13347
pause-pod-5-49, 1763674070346, 1763674083752, 13406
pause-pod-5-50, 1763674070366, 1763674083845, 13479
pause-pod-6-1, 1763674166394, 1763674170791, 4397
pause-pod-6-2, 1763674166396, 1763674173383, 6987
pause-pod-6-3, 1763674166397, 1763674173494, 7097
pause-pod-6-4, 1763674166400, 1763674175830, 9430
pause-pod-6-5, 1763674166425, 1763674175934, 9509
pause-pod-6-6, 1763674166436, 1763674176029, 9593
pause-pod-6-7, 1763674166448, 1763674177928, 11480
pause-pod-6-8, 1763674166466, 1763674178032, 11566
pause-pod-6-9, 1763674166484, 1763674178123, 11639
pause-pod-6-10, 1763674166496, 1763674178217, 11721
pause-pod-6-11, 1763674166526, 1763674178308, 11782
pause-pod-6-12, 1763674166581, 1763674178401, 11820
pause-pod-6-13, 1763674166598, 1763674178489, 11891
pause-pod-6-14, 1763674166620, 1763674178576, 11956
pause-pod-6-15, 1763674166652, 1763674178664, 12012
pause-pod-6-16, 1763674166670, 1763674178758, 12088
pause-pod-6-17, 1763674166746, 1763674178853, 12107
pause-pod-6-18, 1763674166758, 1763674178942, 12184
pause-pod-6-19, 1763674166829, 1763674179032, 12203
pause-pod-6-20, 1763674166931, 1763674179118, 12187
pause-pod-6-21, 1763674166995, 1763674179211, 12216
pause-pod-6-22, 1763674167018, 1763674179298, 12280
pause-pod-6-23, 1763674167035, 1763674179393, 12358
pause-pod-6-24, 1763674167068, 1763674179491, 12423
pause-pod-6-25, 1763674167080, 1763674179584, 12504
pause-pod-6-26, 1763674167097, 1763674179683, 12586
pause-pod-6-27, 1763674167125, 1763674179772, 12647
pause-pod-6-28, 1763674167143, 1763674179866, 12723
pause-pod-6-29, 1763674167206, 1763674179957, 12751
pause-pod-6-30, 1763674167218, 1763674180044, 12826
pause-pod-6-31, 1763674167225, 1763674180136, 12911
pause-pod-6-32, 1763674167267, 1763674180235, 12968
pause-pod-6-33, 1763674167311, 1763674180328, 13017
pause-pod-6-34, 1763674167330, 1763674180426, 13096
pause-pod-6-35, 1763674167365, 1763674180526, 13161
pause-pod-6-36, 1763674167397, 1763674180624, 13227
pause-pod-6-37, 1763674167419, 1763674180714, 13295
pause-pod-6-38, 1763674167491, 1763674180807, 13316
pause-pod-6-39, 1763674167510, 1763674180897, 13387
pause-pod-6-40, 1763674167518, 1763674180985, 13467
pause-pod-6-41, 1763674167525, 1763674181073, 13548
pause-pod-6-42, 1763674167539, 1763674181161, 13622
pause-pod-6-43, 1763674167584, 1763674181250, 13666
pause-pod-6-44, 1763674167619, 1763674181341, 13722
pause-pod-6-45, 1763674167750, 1763674181435, 13685
pause-pod-6-46, 1763674167820, 1763674181523, 13703
pause-pod-6-47, 1763674167846, 1763674181613, 13767
pause-pod-6-48, 1763674167911, 1763674181700, 13789
pause-pod-6-49, 1763674167964, 1763674181788, 13824
pause-pod-6-50, 1763674168057, 1763674181875, 13818
