Pod Name, Creation Timestamp, Ready Timestamp, Latency (milliseconds)
pause-pod-1-1, 1763674241898, 1763674252587, 10689
pause-pod-1-2, 1763674241901, 1763674252799, 10898
pause-pod-1-3, 1763674241913, 1763674253040, 11127
pause-pod-1-4, 1763674241923, 1763674253249, 11326
pause-pod-1-5, 1763674241929, 1763674267714, 25785
pause-pod-1-6, 1763674241947, 1763674267901, 25954
pause-pod-1-7, 1763674241961, 1763674268097, 26136
pause-pod-1-8, 1763674241975, 1763674268290, 26315
pause-pod-1-9, 1763674241994, 1763674268492, 26498
pause-pod-1-10, 1763674242003, 1763674268698, 26695
pause-pod-1-11, 1763674242017, 1763674274829, 32812
pause-pod-1-12, 1763674242065, 1763674275035, 32970
pause-pod-1-13, 1763674242083, 1763674275235, 33152
pause-pod-1-14, 1763674242120, 1763674275431, 33311
pause-pod-1-15, 1763674242177, 1763674275619, 33442
pause-pod-1-16, 1763674242192, 1763674275827, 33635
pause-pod-1-17, 1763674242226, 1763674276041, 33815
pause-pod-1-18, 1763674242240, 1763674276229, 33989
pause-pod-1-19, 1763674242293, 1763674276422, 34129
pause-pod-1-20, 1763674242348, 1763674276616, 34268
pause-pod-1-21, 1763674242397, 1763674276811, 34414
pause-pod-1-22, 1763674242459, 1763674277004, 34545
pause-pod-1-23, 1763674242484, 1763674277198, 34714
pause-pod-1-24, 1763674242513, 1763674277387, 34874
pause-pod-1-25, 1763674242553, 1763674277594, 35041
pause-pod-1-26, 1763674242610, 1763674277790, 35180
pause-pod-1-27, 1763674242656, 1763674277993, 35337
pause-pod-1-28, 1763674242744, 1763674278185, 35441
pause-pod-1-29, 1763674242790, 1763674278378, 35588
pause-pod-1-30, 1763674242826, 1763674278569, 35743
pause-pod-1-31, 1763674242947, 1763674278766, 35819
pause-pod-1-32, 1763674243027, 1763674278966, 35939
pause-pod-1-33, 1763674243112, 1763674279183, 36071
pause-pod-1-34, 1763674243160, 1763674283891, 40731
pause-pod-1-35, 1763674243196, 1763674284116, 40920
pause-pod-1-36, 1763674243290, 1763674284308, 41018
pause-pod-1-37, 1763674243377, 1763674284500, 41123
pause-pod-1-38, 1763674243420, 1763674284692, 41272
pause-pod-1-39, 1763674243516, 1763674284918, 41402
pause-pod-1-40, 1763674243596, 1763674285113, 41517
pause-pod-1-41, 1763674243677, 1763674285303, 41626
pause-pod-1-42, 1763674243737, 1763674285488, 41751
pause-pod-1-43, 1763674243786, 1763674285679, 41893
pause-pod-1-44, 1763674243934, 1763674285869, 41935
pause-pod-1-45, 1763674243966, 1763674286497, 42531
pause-pod-1-46, 1763674244124, 1763674286700, 42576
pause-pod-1-47, 1763674244161, 1763674286889, 42728
pause-pod-1-48, 1763674244224, 1763674287079, 42855
pause-pod-1-49, 1763674244282, 1763674287264, 42982
pause-pod-1-50, 1763674244398, 1763674287455, 43057
pause-pod-1-51, 1763674244461, 1763674287652, 43191
pause-pod-1-52, 1763674244559, 1763674287843, 43284
pause-pod-1-53, 1763674244679, 1763674288038, 43359
pause-pod-1-54, 1763674244715, 1763674288227, 43512
pause-pod-1-55, 1763674244723, 1763674288426, 43703
pause-pod-1-56, 1763674244775, 1763674288618, 43843
pause-pod-1-57, 1763674244866, 1763674288811, 43945
pause-pod-1-58, 1763674245151, 1763674289005, 43854
pause-pod-1-59, 1763674245160, 1763674289200, 44040
pause-pod-1-60, 1763674245430, 1763674289395, 43965
pause-pod-1-61, 1763674245580, 1763674289587, 44007
pause-pod-1-62, 1763674245677, 1763674289782, 44105
pause-pod-1-63, 1763674245860, 1763674289976, 44116
pause-pod-1-64, 1763674246002, 1763674290166, 44164
pause-pod-1-65, 1763674246256, 1763674290356, 44100
pause-pod-1-66, 1763674246331, 1763674290550, 44219
pause-pod-1-67, 1763674246369, 1763674290742, 44373
pause-pod-1-68, 1763674246435, 1763674290928, 44493
pause-pod-1-69, 1763674246493, 1763674291122, 44629
pause-pod-1-70, 1763674246517, 1763674291312, 44795
pause-pod-1-71, 1763674246716, 1763674291504, 44788
pause-pod-1-72, 1763674246890, 1763674291690, 44800
pause-pod-1-73, 1763674246939, 1763674291879, 44940
pause-pod-1-74, 1763674247260, 1763674292068, 44808
pause-pod-1-75, 1763674247363, 1763674292262, 44899
pause-pod-1-76, 1763674247445, 1763674292448, 45003
pause-pod-1-77, 1763674247486, 1763674292652, 45166
pause-pod-1-78, 1763674247585, 1763674292843, 45258
pause-pod-1-79, 1763674247664, 1763674293033, 45369
pause-pod-1-80, 1763674247742, 1763674293233, 45491
pause-pod-1-81, 1763674247915, 1763674293427, 45512
pause-pod-1-82, 1763674247994, 1763674293621, 45627
pause-pod-1-83, 1763674248029, 1763674293816, 45787
pause-pod-1-84, 1763674248086, 1763674294021, 45935
pause-pod-1-85, 1763674248204, 1763674294210, 46006
pause-pod-1-86, 1763674248298, 1763674294406, 46108
pause-pod-1-87, 1763674248486, 1763674294599, 46113
pause-pod-1-88, 1763674248513, 1763674294802, 46289
pause-pod-1-89, 1763674248524, 1763674294995, 46471
pause-pod-1-90, 1763674248623, 1763674295199, 46576
pause-pod-1-91, 1763674248741, 1763674295389, 46648
pause-pod-1-92, 1763674248833, 1763674295585, 46752
pause-pod-1-93, 1763674249094, 1763674295776, 46682
pause-pod-1-94, 1763674249122, 1763674295973, 46851
pause-pod-1-95, 1763674249185, 1763674296166, 46981
pause-pod-1-96, 1763674249263, 1763674296358, 47095
pause-pod-1-97, 1763674249286, 1763674296550, 47264
pause-pod-1-98, 1763674249364, 1763674296747, 47383
pause-pod-1-99, 1763674249486, 1763674296938, 47452
pause-pod-1-100, 1763674249500, 1763674297136, 47636
pause-pod-2-1, 1763674392509, 1763674402626, 10117
pause-pod-2-2, 1763674392512, 1763674402831, 10319
pause-pod-2-3, 1763674392524, 1763674403024, 10500
pause-pod-2-4, 1763674392529, 1763674403211, 10682
pause-pod-2-5, 1763674392539, 1763674403415, 10876
pause-pod-2-6, 1763674392545, 1763674403610, 11065
pause-pod-2-7, 1763674392567, 1763674403812, 11245
pause-pod-2-8, 1763674392580, 1763674412309, 19729
pause-pod-2-9, 1763674392590, 1763674412509, 19919
pause-pod-2-10, 1763674392602, 1763674412706, 20104
pause-pod-2-11, 1763674392617, 1763674412899, 20282
pause-pod-2-12, 1763674392629, 1763674416656, 24027
pause-pod-2-13, 1763674392638, 1763674416845, 24207
pause-pod-2-14, 1763674392672, 1763674417040, 24368
pause-pod-2-15, 1763674392702, 1763674417233, 24531
pause-pod-2-16, 1763674392775, 1763674417431, 24656
pause-pod-2-17, 1763674392812, 1763674417620, 24808
pause-pod-2-18, 1763674392846, 1763674417810, 24964
pause-pod-2-19, 1763674392895, 1763674417996, 25101
pause-pod-2-20, 1763674392907, 1763674418189, 25282
pause-pod-2-21, 1763674392951, 1763674418388, 25437
pause-pod-2-22, 1763674392982, 1763674418581, 25599
pause-pod-2-23, 1763674393020, 1763674418772, 25752
pause-pod-2-24, 1763674393045, 1763674418975, 25930
pause-pod-2-25, 1763674393094, 1763674419166, 26072
pause-pod-2-26, 1763674393150, 1763674419473, 26323
pause-pod-2-27, 1763674393336, 1763674419673, 26337
pause-pod-2-28, 1763674393387, 1763674419868, 26481
pause-pod-2-29, 1763674393551, 1763674420068, 26517
pause-pod-2-30, 1763674393696, 1763674421184, 27488
pause-pod-2-31, 1763674393748, 1763674421373, 27625
pause-pod-2-32, 1763674393791, 1763674429536, 35745
pause-pod-2-33, 1763674393932, 1763674429752, 35820
pause-pod-2-34, 1763674393981, 1763674429963, 35982
pause-pod-2-35, 1763674394026, 1763674430171, 36145
pause-pod-2-36, 1763674394061, 1763674430378, 36317
pause-pod-2-37, 1763674394152, 1763674430591, 36439
pause-pod-2-38, 1763674394182, 1763674430819, 36637
pause-pod-2-39, 1763674394244, 1763674431026, 36782
pause-pod-2-40, 1763674394404, 1763674431232, 36828
pause-pod-2-41, 1763674394562, 1763674431456, 36894
pause-pod-2-42, 1763674394652, 1763674431666, 37014
pause-pod-2-43, 1763674394717, 1763674431878, 37161
pause-pod-2-44, 1763674394868, 1763674432066, 37198
pause-pod-2-45, 1763674395018, 1763674432266, 37248
pause-pod-2-46, 1763674395057, 1763674432457, 37400
pause-pod-2-47, 1763674395160, 1763674432651, 37491
pause-pod-2-48, 1763674395356, 1763674432843, 37487
pause-pod-2-49, 1763674395368, 1763674433032, 37664
pause-pod-2-50, 1763674395535, 1763674433222, 37687
pause-pod-2-51, 1763674395582, 1763674433418, 37836
pause-pod-2-52, 1763674395757, 1763674433610, 37853
pause-pod-2-53, 1763674395774, 1763674433799, 38025
pause-pod-2-54, 1763674395807, 1763674433988, 38181
pause-pod-2-55, 1763674395840, 1763674434188, 38348
pause-pod-2-56, 1763674395990, 1763674434382, 38392
pause-pod-2-57, 1763674395996, 1763674434579, 38583
pause-pod-2-58, 1763674396051, 1763674434772, 38721
pause-pod-2-59, 1763674396120, 1763674434965, 38845
pause-pod-2-60, 1763674396266, 1763674435159, 38893
pause-pod-2-61, 1763674396451, 1763674435357, 38906
pause-pod-2-62, 1763674396460, 1763674435547, 39087
pause-pod-2-63, 1763674396579, 1763674435743, 39164
pause-pod-2-64, 1763674396661, 1763674435933, 39272
pause-pod-2-65, 1763674396743, 1763674436127, 39384
pause-pod-2-66, 1763674396754, 1763674436317, 39563
pause-pod-2-67, 1763674396797, 1763674436508, 39711
pause-pod-2-68, 1763674396816, 1763674436699, 39883
pause-pod-2-69, 1763674396848, 1763674436895, 40047
pause-pod-2-70, 1763674396900, 1763674437082, 40182
pause-pod-2-71, 1763674396927, 1763674437273, 40346
pause-pod-2-72, 1763674397002, 1763674437475, 40473
pause-pod-2-73, 1763674397058, 1763674437667, 40609
pause-pod-2-74, 1763674397144, 1763674437863, 40719
pause-pod-2-75, 1763674397318, 1763674438066, 40748
pause-pod-2-76, 1763674397456, 1763674438257, 40801
pause-pod-2-77, 1763674397588, 1763674438452, 40864
pause-pod-2-78, 1763674397698, 1763674438645, 40947
pause-pod-2-79, 1763674397763, 1763674438845, 41082
pause-pod-2-80, 1763674397922, 1763674439046, 41124
pause-pod-2-81, 1763674397954, 1763674439238, 41284
pause-pod-2-82, 1763674398102, 1763674439429, 41327
pause-pod-2-83, 1763674398154, 1763674439625, 41471
pause-pod-2-84, 1763674398376, 1763674439817, 41441
pause-pod-2-85, 1763674398471, 1763674440008, 41537
pause-pod-2-86, 1763674398541, 1763674440205, 41664
pause-pod-2-87, 1763674398570, 1763674440398, 41828
pause-pod-2-88, 1763674398598, 1763674440592, 41994
pause-pod-2-89, 1763674398734, 1763674440789, 42055
pause-pod-2-90, 1763674398736, 1763674440982, 42246
pause-pod-2-91, 1763674398771, 1763674441173, 42402
pause-pod-2-92, 1763674398867, 1763674441373, 42506
pause-pod-2-93, 1763674398945, 1763674441562, 42617
pause-pod-2-94, 1763674398981, 1763674441749, 42768
pause-pod-2-95, 1763674399135, 1763674441938, 42803
pause-pod-2-96, 1763674399207, 1763674442127, 42920
pause-pod-2-97, 1763674399261, 1763674442316, 43055
pause-pod-2-98, 1763674399300, 1763674442508, 43208
pause-pod-2-99, 1763674399391, 1763674442698, 43307
pause-pod-2-100, 1763674399515, 1763674442889, 43374
pause-pod-3-1, 1763674540197, 1763674550350, 10153
pause-pod-3-2, 1763674540199, 1763674550546, 10347
pause-pod-3-3, 1763674540202, 1763674550742, 10540
pause-pod-3-4, 1763674540206, 1763674550946, 10740
pause-pod-3-5, 1763674540213, 1763674551160, 10947
pause-pod-3-6, 1763674540219, 1763674551365, 11146
pause-pod-3-7, 1763674540230, 1763674551577, 11347
pause-pod-3-8, 1763674540239, 1763674551788, 11549
pause-pod-3-9, 1763674540270, 1763674551983, 11713
pause-pod-3-10, 1763674540293, 1763674567588, 27295
pause-pod-3-11, 1763674540321, 1763674567787, 27466
pause-pod-3-12, 1763674540339, 1763674567979, 27640
pause-pod-3-13, 1763674540376, 1763674568179, 27803
pause-pod-3-14, 1763674540403, 1763674568372, 27969
pause-pod-3-15, 1763674540441, 1763674568569, 28128
pause-pod-3-16, 1763674540464, 1763674568768, 28304
pause-pod-3-17, 1763674540488, 1763674569938, 29450
pause-pod-3-18, 1763674540548, 1763674570154, 29606
pause-pod-3-19, 1763674540596, 1763674570351, 29755
pause-pod-3-20, 1763674540655, 1763674570545, 29890
pause-pod-3-21, 1763674540708, 1763674570738, 30030
pause-pod-3-22, 1763674540774, 1763674570938, 30164
pause-pod-3-23, 1763674540805, 1763674571125, 30320
pause-pod-3-24, 1763674540857, 1763674571782, 30925
pause-pod-3-25, 1763674540879, 1763674571978, 31099
pause-pod-3-26, 1763674540931, 1763674572175, 31244
pause-pod-3-27, 1763674541007, 1763674572376, 31369
pause-pod-3-28, 1763674541143, 1763674572568, 31425
pause-pod-3-29, 1763674541187, 1763674572770, 31583
pause-pod-3-30, 1763674541346, 1763674572969, 31623
pause-pod-3-31, 1763674541350, 1763674573162, 31812
pause-pod-3-32, 1763674541446, 1763674573367, 31921
pause-pod-3-33, 1763674541507, 1763674573561, 32054
pause-pod-3-34, 1763674541597, 1763674575994, 34397
pause-pod-3-35, 1763674541797, 1763674580644, 38847
pause-pod-3-36, 1763674541806, 1763674580865, 39059
pause-pod-3-37, 1763674541832, 1763674581075, 39243
pause-pod-3-38, 1763674541859, 1763674581277, 39418
pause-pod-3-39, 1763674541981, 1763674581475, 39494
pause-pod-3-40, 1763674542056, 1763674581784, 39728
pause-pod-3-41, 1763674542137, 1763674582007, 39870
pause-pod-3-42, 1763674542248, 1763674582238, 39990
pause-pod-3-43, 1763674542299, 1763674582437, 40138
pause-pod-3-44, 1763674542390, 1763674582629, 40239
pause-pod-3-45, 1763674542493, 1763674582831, 40338
pause-pod-3-46, 1763674542738, 1763674583044, 40306
pause-pod-3-47, 1763674542945, 1763674583233, 40288
pause-pod-3-48, 1763674543092, 1763674583422, 40330
pause-pod-3-49, 1763674543180, 1763674583620, 40440
pause-pod-3-50, 1763674543238, 1763674583816, 40578
pause-pod-3-51, 1763674543309, 1763674584011, 40702
pause-pod-3-52, 1763674543350, 1763674584205, 40855
pause-pod-3-53, 1763674543384, 1763674584410, 41026
pause-pod-3-54, 1763674543607, 1763674584608, 41001
pause-pod-3-55, 1763674543640, 1763674584797, 41157
pause-pod-3-56, 1763674543755, 1763674584989, 41234
pause-pod-3-57, 1763674543827, 1763674585182, 41355
pause-pod-3-58, 1763674543868, 1763674585388, 41520
pause-pod-3-59, 1763674543878, 1763674585584, 41706
pause-pod-3-60, 1763674543978, 1763674585776, 41798
pause-pod-3-61, 1763674544089, 1763674585967, 41878
pause-pod-3-62, 1763674544195, 1763674586159, 41964
pause-pod-3-63, 1763674544259, 1763674586354, 42095
pause-pod-3-64, 1763674544334, 1763674588091, 43757
pause-pod-3-65, 1763674544412, 1763674588282, 43870
pause-pod-3-66, 1763674544460, 1763674588471, 44011
pause-pod-3-67, 1763674544637, 1763674588658, 44021
pause-pod-3-68, 1763674544684, 1763674588854, 44170
pause-pod-3-69, 1763674544751, 1763674589046, 44295
pause-pod-3-70, 1763674544869, 1763674589245, 44376
pause-pod-3-71, 1763674545086, 1763674589436, 44350
pause-pod-3-72, 1763674545133, 1763674589627, 44494
pause-pod-3-73, 1763674545261, 1763674589816, 44555
pause-pod-3-74, 1763674545321, 1763674590009, 44688
pause-pod-3-75, 1763674545335, 1763674590196, 44861
pause-pod-3-76, 1763674545456, 1763674590386, 44930
pause-pod-3-77, 1763674545514, 1763674590580, 45066
pause-pod-3-78, 1763674545622, 1763674590771, 45149
pause-pod-3-79, 1763674545650, 1763674590965, 45315
pause-pod-3-80, 1763674545770, 1763674591158, 45388
pause-pod-3-81, 1763674545800, 1763674591355, 45555
pause-pod-3-82, 1763674545956, 1763674591550, 45594
pause-pod-3-83, 1763674546052, 1763674591741, 45689
pause-pod-3-84, 1763674546089, 1763674591930, 45841
pause-pod-3-85, 1763674546166, 1763674592122, 45956
pause-pod-3-86, 1763674546225, 1763674592316, 46091
pause-pod-3-87, 1763674546234, 1763674592506, 46272
pause-pod-3-88, 1763674546278, 1763674592695, 46417
pause-pod-3-89, 1763674546334, 1763674592889, 46555
pause-pod-3-90, 1763674546347, 1763674593079, 46732
pause-pod-3-91, 1763674546369, 1763674593265, 46896
pause-pod-3-92, 1763674546397, 1763674593456, 47059
pause-pod-3-93, 1763674546442, 1763674593653, 47211
pause-pod-3-94, 1763674546488, 1763674593846, 47358
pause-pod-3-95, 1763674546542, 1763674594044, 47502
pause-pod-3-96, 1763674546649, 1763674594234, 47585
pause-pod-3-97, 1763674546718, 1763674594840, 48122
pause-pod-3-98, 1763674546772, 1763674595034, 48262
pause-pod-3-99, 1763674546832, 1763674595227, 48395
pause-pod-3-100, 1763674546858, 1763674595424, 48566
pause-pod-4-1, 1763674691223, 1763674701699, 10476
pause-pod-4-2, 1763674691226, 1763674701899, 10673
pause-pod-4-3, 1763674691242, 1763674702108, 10866
pause-pod-4-4, 1763674691249, 1763674702299, 11050
pause-pod-4-5, 1763674691275, 1763674702494, 11219
pause-pod-4-6, 1763674691278, 1763674702692, 11414
pause-pod-4-7, 1763674691290, 1763674702886, 11596
pause-pod-4-8, 1763674691305, 1763674703086, 11781
pause-pod-4-9, 1763674691322, 1763674703281, 11959
pause-pod-4-10, 1763674691338, 1763674705032, 13694
pause-pod-4-11, 1763674691372, 1763674705232, 13860
pause-pod-4-12, 1763674691430, 1763674725428, 33998
pause-pod-4-13, 1763674691456, 1763674725626, 34170
pause-pod-4-14, 1763674691475, 1763674725842, 34367
pause-pod-4-15, 1763674691509, 1763674726049, 34540
pause-pod-4-16, 1763674691589, 1763674726243, 34654
pause-pod-4-17, 1763674691619, 1763674726459, 34840
pause-pod-4-18, 1763674691636, 1763674726672, 35036
pause-pod-4-19, 1763674691662, 1763674726903, 35241
pause-pod-4-20, 1763674691747, 1763674727129, 35382
pause-pod-4-21, 1763674691812, 1763674728928, 37116
pause-pod-4-22, 1763674691834, 1763674729157, 37323
pause-pod-4-23, 1763674691884, 1763674729426, 37542
pause-pod-4-24, 1763674691981, 1763674729637, 37656
pause-pod-4-25, 1763674691987, 1763674729850, 37863
pause-pod-4-26, 1763674692034, 1763674730207, 38173
pause-pod-4-27, 1763674692116, 1763674730448, 38332
pause-pod-4-28, 1763674692132, 1763674730655, 38523
pause-pod-4-29, 1763674692184, 1763674730873, 38689
pause-pod-4-30, 1763674692271, 1763674731068, 38797
pause-pod-4-31, 1763674692419, 1763674731289, 38870
pause-pod-4-32, 1763674692511, 1763674731532, 39021
pause-pod-4-33, 1763674692554, 1763674731725, 39171
pause-pod-4-34, 1763674692670, 1763674731928, 39258
pause-pod-4-35, 1763674692704, 1763674732132, 39428
pause-pod-4-36, 1763674692723, 1763674732316, 39593
pause-pod-4-37, 1763674692746, 1763674732506, 39760
pause-pod-4-38, 1763674692830, 1763674732696, 39866
pause-pod-4-39, 1763674692876, 1763674732888, 40012
pause-pod-4-40, 1763674692939, 1763674733083, 40144
pause-pod-4-41, 1763674692977, 1763674733277, 40300
pause-pod-4-42, 1763674693065, 1763674733464, 40399
pause-pod-4-43, 1763674693275, 1763674733655, 40380
pause-pod-4-44, 1763674693372, 1763674733842, 40470
pause-pod-4-45, 1763674693581, 1763674734057, 40476
pause-pod-4-46, 1763674693608, 1763674734251, 40643
pause-pod-4-47, 1763674693612, 1763674734442, 40830
pause-pod-4-48, 1763674693618, 1763674734630, 41012
pause-pod-4-49, 1763674693624, 1763674734823, 41199
pause-pod-4-50, 1763674693743, 1763674735016, 41273
pause-pod-4-51, 1763674693907, 1763674735236, 41329
pause-pod-4-52, 1763674693983, 1763674735432, 41449
pause-pod-4-53, 1763674694090, 1763674736170, 42080
pause-pod-4-54, 1763674694142, 1763674736364, 42222
pause-pod-4-55, 1763674694215, 1763674736561, 42346
pause-pod-4-56, 1763674694362, 1763674736757, 42395
pause-pod-4-57, 1763674694430, 1763674736949, 42519
pause-pod-4-58, 1763674694485, 1763674737138, 42653
pause-pod-4-59, 1763674694557, 1763674737330, 42773
pause-pod-4-60, 1763674694581, 1763674737522, 42941
pause-pod-4-61, 1763674694618, 1763674737716, 43098
pause-pod-4-62, 1763674694845, 1763674737907, 43062
pause-pod-4-63, 1763674694902, 1763674738101, 43199
pause-pod-4-64, 1763674694960, 1763674738292, 43332
pause-pod-4-65, 1763674694992, 1763674738483, 43491
pause-pod-4-66, 1763674695104, 1763674738680, 43576
pause-pod-4-67, 1763674695213, 1763674738870, 43657
pause-pod-4-68, 1763674695311, 1763674739075, 43764
pause-pod-4-69, 1763674695381, 1763674739265, 43884
pause-pod-4-70, 1763674695430, 1763674739456, 44026
pause-pod-4-71, 1763674695482, 1763674739645, 44163
pause-pod-4-72, 1763674695530, 1763674739835, 44305
pause-pod-4-73, 1763674695535, 1763674740023, 44488
pause-pod-4-74, 1763674695632, 1763674740221, 44589
pause-pod-4-75, 1763674695689, 1763674740416, 44727
pause-pod-4-76, 1763674695737, 1763674740605, 44868
pause-pod-4-77, 1763674696079, 1763674740798, 44719
pause-pod-4-78, 1763674696095, 1763674740990, 44895
pause-pod-4-79, 1763674696149, 1763674741180, 45031
pause-pod-4-80, 1763674696163, 1763674741378, 45215
pause-pod-4-81, 1763674696205, 1763674741566, 45361
pause-pod-4-82, 1763674696321, 1763674741754, 45433
pause-pod-4-83, 1763674696339, 1763674741949, 45610
pause-pod-4-84, 1763674696481, 1763674742149, 45668
pause-pod-4-85, 1763674696514, 1763674742373, 45859
pause-pod-4-86, 1763674696517, 1763674742563, 46046
pause-pod-4-87, 1763674696540, 1763674742751, 46211
pause-pod-4-88, 1763674696649, 1763674742939, 46290
pause-pod-4-89, 1763674696799, 1763674743132, 46333
pause-pod-4-90, 1763674697028, 1763674743323, 46295
pause-pod-4-91, 1763674697075, 1763674743511, 46436
pause-pod-4-92, 1763674697169, 1763674743702, 46533
pause-pod-4-93, 1763674697283, 1763674743892, 46609
pause-pod-4-94, 1763674697505, 1763674744109, 46604
pause-pod-4-95, 1763674697683, 1763674744302, 46619
pause-pod-4-96, 1763674697904, 1763674744494, 46590
pause-pod-4-97, 1763674697971, 1763674744687, 46716
pause-pod-4-98, 1763674698047, 1763674744874, 46827
pause-pod-4-99, 1763674698121, 1763674745064, 46943
pause-pod-4-100, 1763674698276, 1763674745266, 46990
pause-pod-5-1, 1763674842613, 1763674852849, 10236
pause-pod-5-2, 1763674842615, 1763674853051, 10436
pause-pod-5-3, 1763674842618, 1763674853239, 10621
pause-pod-5-4, 1763674842621, 1763674853435, 10814
pause-pod-5-5, 1763674842631, 1763674853637, 11006
pause-pod-5-6, 1763674842645, 1763674854872, 12227
pause-pod-5-7, 1763674842658, 1763674855088, 12430
pause-pod-5-8, 1763674842687, 1763674855278, 12591
pause-pod-5-9, 1763674842696, 1763674855483, 12787
pause-pod-5-10, 1763674842702, 1763674857956, 15254
pause-pod-5-11, 1763674842718, 1763674858182, 15464
pause-pod-5-12, 1763674842734, 1763674858379, 15645
pause-pod-5-13, 1763674842757, 1763674858587, 15830
pause-pod-5-14, 1763674842799, 1763674858799, 16000
pause-pod-5-15, 1763674842832, 1763674859005, 16173
pause-pod-5-16, 1763674842859, 1763674859228, 16369
pause-pod-5-17, 1763674842894, 1763674859427, 16533
pause-pod-5-18, 1763674842957, 1763674859627, 16670
pause-pod-5-19, 1763674842963, 1763674871006, 28043
pause-pod-5-20, 1763674842971, 1763674871204, 28233
pause-pod-5-21, 1763674842997, 1763674871397, 28400
pause-pod-5-22, 1763674843035, 1763674871589, 28554
pause-pod-5-23, 1763674843097, 1763674871791, 28694
pause-pod-5-24, 1763674843180, 1763674871989, 28809
pause-pod-5-25, 1763674843246, 1763674878292, 35046
pause-pod-5-26, 1763674843266, 1763674878502, 35236
pause-pod-5-27, 1763674843312, 1763674878710, 35398
pause-pod-5-28, 1763674843407, 1763674878932, 35525
pause-pod-5-29, 1763674843416, 1763674879174, 35758
pause-pod-5-30, 1763674843509, 1763674879404, 35895
pause-pod-5-31, 1763674843714, 1763674879610, 35896
pause-pod-5-32, 1763674843773, 1763674879815, 36042
pause-pod-5-33, 1763674843875, 1763674880017, 36142
pause-pod-5-34, 1763674843955, 1763674880225, 36270
pause-pod-5-35, 1763674844007, 1763674883065, 39058
pause-pod-5-36, 1763674844098, 1763674883259, 39161
pause-pod-5-37, 1763674844220, 1763674883452, 39232
pause-pod-5-38, 1763674844253, 1763674883644, 39391
pause-pod-5-39, 1763674844297, 1763674883836, 39539
pause-pod-5-40, 1763674844401, 1763674884050, 39649
pause-pod-5-41, 1763674844431, 1763674884249, 39818
pause-pod-5-42, 1763674844534, 1763674884442, 39908
pause-pod-5-43, 1763674844648, 1763674884633, 39985
pause-pod-5-44, 1763674844665, 1763674884828, 40163
pause-pod-5-45, 1763674844735, 1763674885018, 40283
pause-pod-5-46, 1763674844821, 1763674885211, 40390
pause-pod-5-47, 1763674844861, 1763674885405, 40544
pause-pod-5-48, 1763674844900, 1763674885598, 40698
pause-pod-5-49, 1763674844959, 1763674885787, 40828
pause-pod-5-50, 1763674844984, 1763674885983, 40999
pause-pod-5-51, 1763674845033, 1763674886187, 41154
pause-pod-5-52, 1763674845254, 1763674887074, 41820
pause-pod-5-53, 1763674845350, 1763674887270, 41920
pause-pod-5-54, 1763674845538, 1763674887463, 41925
pause-pod-5-55, 1763674845580, 1763674887655, 42075
pause-pod-5-56, 1763674845614, 1763674887848, 42234
pause-pod-5-57, 1763674845634, 1763674888036, 42402
pause-pod-5-58, 1763674845666, 1763674888220, 42554
pause-pod-5-59, 1763674845751, 1763674888414, 42663
pause-pod-5-60, 1763674845979, 1763674888604, 42625
pause-pod-5-61, 1763674846101, 1763674888800, 42699
pause-pod-5-62, 1763674846224, 1763674888988, 42764
pause-pod-5-63, 1763674846317, 1763674889180, 42863
pause-pod-5-64, 1763674846400, 1763674889372, 42972
pause-pod-5-65, 1763674846656, 1763674889565, 42909
pause-pod-5-66, 1763674846691, 1763674889766, 43075
pause-pod-5-67, 1763674846764, 1763674889960, 43196
pause-pod-5-68, 1763674846768, 1763674890149, 43381
pause-pod-5-69, 1763674846874, 1763674890339, 43465
pause-pod-5-70, 1763674846992, 1763674890529, 43537
pause-pod-5-71, 1763674847057, 1763674890718, 43661
pause-pod-5-72, 1763674847090, 1763674890907, 43817
pause-pod-5-73, 1763674847145, 1763674891101, 43956
pause-pod-5-74, 1763674847207, 1763674891289, 44082
pause-pod-5-75, 1763674847280, 1763674891484, 44204
pause-pod-5-76, 1763674847363, 1763674891677, 44314
pause-pod-5-77, 1763674847414, 1763674891873, 44459
pause-pod-5-78, 1763674847519, 1763674892068, 44549
pause-pod-5-79, 1763674847553, 1763674892258, 44705
pause-pod-5-80, 1763674847593, 1763674892446, 44853
pause-pod-5-81, 1763674847619, 1763674892642, 45023
pause-pod-5-82, 1763674847671, 1763674892837, 45166
pause-pod-5-83, 1763674847695, 1763674893040, 45345
pause-pod-5-84, 1763674847756, 1763674893230, 45474
pause-pod-5-85, 1763674847777, 1763674893423, 45646
pause-pod-5-86, 1763674847857, 1763674893621, 45764
pause-pod-5-87, 1763674847954, 1763674893812, 45858
pause-pod-5-88, 1763674847996, 1763674894012, 46016
pause-pod-5-89, 1763674848016, 1763674894203, 46187
pause-pod-5-90, 1763674848071, 1763674894397, 46326
pause-pod-5-91, 1763674848486, 1763674894584, 46098
pause-pod-5-92, 1763674848615, 1763674894781, 46166
pause-pod-5-93, 1763674848878, 1763674894974, 46096
pause-pod-5-94, 1763674849114, 1763674895167, 46053
pause-pod-5-95, 1763674849302, 1763674895364, 46062
pause-pod-5-96, 1763674849500, 1763674895560, 46060
pause-pod-5-97, 1763674849526, 1763674895756, 46230
pause-pod-5-98, 1763674849549, 1763674895947, 46398
pause-pod-5-99, 1763674849595, 1763674896140, 46545
pause-pod-5-100, 1763674849671, 1763674896331, 46660
pause-pod-6-1, 1763674990813, 1763675000775, 9962
pause-pod-6-2, 1763674990817, 1763675001832, 11015
pause-pod-6-3, 1763674990819, 1763675002032, 11213
pause-pod-6-4, 1763674990822, 1763675002239, 11417
pause-pod-6-5, 1763674990830, 1763675002453, 11623
pause-pod-6-6, 1763674990841, 1763675002668, 11827
pause-pod-6-7, 1763674990851, 1763675002861, 12010
pause-pod-6-8, 1763674990865, 1763675003055, 12190
pause-pod-6-9, 1763674990878, 1763675004492, 13614
pause-pod-6-10, 1763674990911, 1763675004703, 13792
pause-pod-6-11, 1763674990935, 1763675004919, 13984
pause-pod-6-12, 1763674990949, 1763675005130, 14181
pause-pod-6-13, 1763674990978, 1763675005880, 14902
pause-pod-6-14, 1763674991011, 1763675006095, 15084
pause-pod-6-15, 1763674991069, 1763675006315, 15246
pause-pod-6-16, 1763674991127, 1763675017930, 26803
pause-pod-6-17, 1763674991202, 1763675018124, 26922
pause-pod-6-18, 1763674991252, 1763675018316, 27064
pause-pod-6-19, 1763674991277, 1763675018509, 27232
pause-pod-6-20, 1763674991280, 1763675018706, 27426
pause-pod-6-21, 1763674991357, 1763675018898, 27541
pause-pod-6-22, 1763674991433, 1763675019088, 27655
pause-pod-6-23, 1763674991485, 1763675021952, 30467
pause-pod-6-24, 1763674991554, 1763675022151, 30597
pause-pod-6-25, 1763674991656, 1763675026132, 34476
pause-pod-6-26, 1763674991698, 1763675026350, 34652
pause-pod-6-27, 1763674991787, 1763675026546, 34759
pause-pod-6-28, 1763674991924, 1763675026770, 34846
pause-pod-6-29, 1763674992118, 1763675026999, 34881
pause-pod-6-30, 1763674992164, 1763675027201, 35037
pause-pod-6-31, 1763674992291, 1763675027395, 35104
pause-pod-6-32, 1763674992446, 1763675027615, 35169
pause-pod-6-33, 1763674992505, 1763675027836, 35331
pause-pod-6-34, 1763674992549, 1763675029175, 36626
pause-pod-6-35, 1763674992621, 1763675029395, 36774
pause-pod-6-36, 1763674992744, 1763675029604, 36860
pause-pod-6-37, 1763674992841, 1763675029803, 36962
pause-pod-6-38, 1763674992939, 1763675030058, 37119
pause-pod-6-39, 1763674992983, 1763675030261, 37278
pause-pod-6-40, 1763674993035, 1763675030495, 37460
pause-pod-6-41, 1763674993064, 1763675030707, 37643
pause-pod-6-42, 1763674993273, 1763675030905, 37632
pause-pod-6-43, 1763674993348, 1763675031095, 37747
pause-pod-6-44, 1763674993399, 1763675031293, 37894
pause-pod-6-45, 1763674993416, 1763675031515, 38099
pause-pod-6-46, 1763674993501, 1763675031708, 38207
pause-pod-6-47, 1763674993555, 1763675031911, 38356
pause-pod-6-48, 1763674993621, 1763675032106, 38485
pause-pod-6-49, 1763674993699, 1763675032302, 38603
pause-pod-6-50, 1763674993853, 1763675032490, 38637
pause-pod-6-51, 1763674993873, 1763675032679, 38806
pause-pod-6-52, 1763674993888, 1763675032869, 38981
pause-pod-6-53, 1763674993945, 1763675033064, 39119
pause-pod-6-54, 1763674994141, 1763675033258, 39117
pause-pod-6-55, 1763674994165, 1763675033447, 39282
pause-pod-6-56, 1763674994170, 1763675033641, 39471
pause-pod-6-57, 1763674994191, 1763675033827, 39636
pause-pod-6-58, 1763674994307, 1763675034026, 39719
pause-pod-6-59, 1763674994460, 1763675034221, 39761
pause-pod-6-60, 1763674994533, 1763675034412, 39879
pause-pod-6-61, 1763674994543, 1763675034604, 40061
pause-pod-6-62, 1763674994582, 1763675034794, 40212
pause-pod-6-63, 1763674994695, 1763675034987, 40292
pause-pod-6-64, 1763674994741, 1763675035199, 40458
pause-pod-6-65, 1763674994788, 1763675035399, 40611
pause-pod-6-66, 1763674994821, 1763675035591, 40770
pause-pod-6-67, 1763674994942, 1763675035782, 40840
pause-pod-6-68, 1763674995128, 1763675035971, 40843
pause-pod-6-69, 1763674995237, 1763675036163, 40926
pause-pod-6-70, 1763674995275, 1763675036357, 41082
pause-pod-6-71, 1763674995322, 1763675036548, 41226
pause-pod-6-72, 1763674995351, 1763675036739, 41388
pause-pod-6-73, 1763674995375, 1763675036930, 41555
pause-pod-6-74, 1763674995471, 1763675037124, 41653
pause-pod-6-75, 1763674995530, 1763675037316, 41786
pause-pod-6-76, 1763674995560, 1763675037515, 41955
pause-pod-6-77, 1763674995817, 1763675037719, 41902
pause-pod-6-78, 1763674995836, 1763675037918, 42082
pause-pod-6-79, 1763674995911, 1763675038115, 42204
pause-pod-6-80, 1763674996065, 1763675038305, 42240
pause-pod-6-81, 1763674996274, 1763675038497, 42223
pause-pod-6-82, 1763674996304, 1763675038688, 42384
pause-pod-6-83, 1763674996428, 1763675038878, 42450
pause-pod-6-84, 1763674996459, 1763675039079, 42620
pause-pod-6-85, 1763674996519, 1763675039276, 42757
pause-pod-6-86, 1763674996530, 1763675040382, 43852
pause-pod-6-87, 1763674996561, 1763675040575, 44014
pause-pod-6-88, 1763674996818, 1763675040770, 43952
pause-pod-6-89, 1763674996876, 1763675040961, 44085
pause-pod-6-90, 1763674996966, 1763675041155, 44189
pause-pod-6-91, 1763674996974, 1763675041345, 44371
pause-pod-6-92, 1763674997025, 1763675041541, 44516
pause-pod-6-93, 1763674997186, 1763675041729, 44543
pause-pod-6-94, 1763674997250, 1763675041925, 44675
pause-pod-6-95, 1763674997312, 1763675042124, 44812
pause-pod-6-96, 1763674997414, 1763675042317, 44903
pause-pod-6-97, 1763674997443, 1763675042510, 45067
pause-pod-6-98, 1763674997483, 1763675042701, 45218
pause-pod-6-99, 1763674997505, 1763675042894, 45389
pause-pod-6-100, 1763674997548, 1763675043084, 45536
