Pod Name, Delete Start Timestamp, Deleted Confirmed Timestamp, Delete Latency (milliseconds)
pause-pod-1-1, 1763674297386, 1763674304618, 7232
pause-pod-1-2, 1763674297388, 1763674304729, 7341
pause-pod-1-3, 1763674297391, 1763674304844, 7453
pause-pod-1-4, 1763674297397, 1763674304939, 7542
pause-pod-1-5, 1763674297417, 1763674305036, 7619
pause-pod-1-6, 1763674297428, 1763674305146, 7718
pause-pod-1-7, 1763674297443, 1763674305249, 7806
pause-pod-1-8, 1763674297445, 1763674307613, 10168
pause-pod-1-9, 1763674297448, 1763674307743, 10295
pause-pod-1-10, 1763674297454, 1763674308518, 11064
pause-pod-1-11, 1763674297462, 1763674308626, 11164
pause-pod-1-12, 1763674297510, 1763674308716, 11206
pause-pod-1-13, 1763674297569, 1763674308841, 11272
pause-pod-1-14, 1763674297609, 1763674308944, 11335
pause-pod-1-15, 1763674297618, 1763674309061, 11443
pause-pod-1-16, 1763674297655, 1763674309819, 12164
pause-pod-1-17, 1763674297670, 1763674309935, 12265
pause-pod-1-18, 1763674297687, 1763674310048, 12361
pause-pod-1-19, 1763674297730, 1763674310137, 12407
pause-pod-1-20, 1763674297809, 1763674310228, 12419
pause-pod-1-21, 1763674297838, 1763674311018, 13180
pause-pod-1-22, 1763674297861, 1763674311107, 13246
pause-pod-1-23, 1763674297948, 1763674311193, 13245
pause-pod-1-24, 1763674297984, 1763674324186, 26202
pause-pod-1-25, 1763674298076, 1763674324307, 26231
pause-pod-1-26, 1763674298120, 1763674324406, 26286
pause-pod-1-27, 1763674298135, 1763674324500, 26365
pause-pod-1-28, 1763674298190, 1763674324611, 26421
pause-pod-1-29, 1763674298207, 1763674324705, 26498
pause-pod-1-30, 1763674298295, 1763674324805, 26510
pause-pod-1-31, 1763674298336, 1763674324893, 26557
pause-pod-1-32, 1763674298378, 1763674324984, 26606
pause-pod-1-33, 1763674298415, 1763674325081, 26666
pause-pod-1-34, 1763674298476, 1763674325178, 26702
pause-pod-1-35, 1763674298505, 1763674325274, 26769
pause-pod-1-36, 1763674298570, 1763674325363, 26793
pause-pod-1-37, 1763674298607, 1763674325460, 26853
pause-pod-1-38, 1763674298618, 1763674325555, 26937
pause-pod-1-39, 1763674298656, 1763674325668, 27012
pause-pod-1-40, 1763674298736, 1763674325762, 27026
pause-pod-1-41, 1763674298800, 1763674325856, 27056
pause-pod-1-42, 1763674298824, 1763674325954, 27130
pause-pod-1-43, 1763674298835, 1763674326049, 27214
pause-pod-1-44, 1763674298871, 1763674326164, 27293
pause-pod-1-45, 1763674298901, 1763674326277, 27376
pause-pod-1-46, 1763674298946, 1763674326367, 27421
pause-pod-1-47, 1763674298989, 1763674326456, 27467
pause-pod-1-48, 1763674299013, 1763674326569, 27556
pause-pod-1-49, 1763674299044, 1763674326663, 27619
pause-pod-1-50, 1763674299069, 1763674326764, 27695
pause-pod-1-51, 1763674299118, 1763674326860, 27742
pause-pod-1-52, 1763674299159, 1763674326949, 27790
pause-pod-1-53, 1763674299206, 1763674327041, 27835
pause-pod-1-54, 1763674299224, 1763674327145, 27921
pause-pod-1-55, 1763674299283, 1763674327267, 27984
pause-pod-1-56, 1763674299314, 1763674327361, 28047
pause-pod-1-57, 1763674299383, 1763674327455, 28072
pause-pod-1-58, 1763674299445, 1763674327555, 28110
pause-pod-1-59, 1763674299506, 1763674327649, 28143
pause-pod-1-60, 1763674299549, 1763674327739, 28190
pause-pod-1-61, 1763674299595, 1763674327838, 28243
pause-pod-1-62, 1763674299632, 1763674327938, 28306
pause-pod-1-63, 1763674299691, 1763674328040, 28349
pause-pod-1-64, 1763674299723, 1763674329205, 29482
pause-pod-1-65, 1763674299771, 1763674329302, 29531
pause-pod-1-66, 1763674299817, 1763674329394, 29577
pause-pod-1-67, 1763674299894, 1763674329484, 29590
pause-pod-1-68, 1763674299939, 1763674329582, 29643
pause-pod-1-69, 1763674299972, 1763674329670, 29698
pause-pod-1-70, 1763674300004, 1763674329754, 29750
pause-pod-1-71, 1763674300054, 1763674329840, 29786
pause-pod-1-72, 1763674300116, 1763674329926, 29810
pause-pod-1-73, 1763674300209, 1763674330017, 29808
pause-pod-1-74, 1763674300215, 1763674330106, 29891
pause-pod-1-75, 1763674300254, 1763674330202, 29948
pause-pod-1-76, 1763674300305, 1763674330295, 29990
pause-pod-1-77, 1763674300328, 1763674330385, 30057
pause-pod-1-78, 1763674300446, 1763674330480, 30034
pause-pod-1-79, 1763674300504, 1763674330574, 30070
pause-pod-1-80, 1763674300579, 1763674330659, 30080
pause-pod-1-81, 1763674300625, 1763674330749, 30124
pause-pod-1-82, 1763674300677, 1763674330838, 30161
pause-pod-1-83, 1763674300752, 1763674330935, 30183
pause-pod-1-84, 1763674300766, 1763674331029, 30263
pause-pod-1-85, 1763674300825, 1763674331122, 30297
pause-pod-1-86, 1763674300858, 1763674331212, 30354
pause-pod-1-87, 1763674300894, 1763674331315, 30421
pause-pod-1-88, 1763674300975, 1763674331399, 30424
pause-pod-1-89, 1763674301017, 1763674331489, 30472
pause-pod-1-90, 1763674301030, 1763674331584, 30554
pause-pod-1-91, 1763674301068, 1763674331674, 30606
pause-pod-1-92, 1763674301090, 1763674331765, 30675
pause-pod-1-93, 1763674301182, 1763674331857, 30675
pause-pod-1-94, 1763674301309, 1763674331948, 30639
pause-pod-1-95, 1763674301323, 1763674332036, 30713
pause-pod-1-96, 1763674301382, 1763674332129, 30747
pause-pod-1-97, 1763674301397, 1763674332217, 30820
pause-pod-1-98, 1763674301442, 1763674332305, 30863
pause-pod-1-99, 1763674301516, 1763674332389, 30873
pause-pod-1-100, 1763674301573, 1763674332481, 30908
pause-pod-2-1, 1763674443144, 1763674448897, 5753
pause-pod-2-2, 1763674443146, 1763674451802, 8656
pause-pod-2-3, 1763674443149, 1763674451912, 8763
pause-pod-2-4, 1763674443152, 1763674452004, 8852
pause-pod-2-5, 1763674443155, 1763674452138, 8983
pause-pod-2-6, 1763674443170, 1763674452233, 9063
pause-pod-2-7, 1763674443193, 1763674452336, 9143
pause-pod-2-8, 1763674443227, 1763674454893, 11666
pause-pod-2-9, 1763674443259, 1763674454990, 11731
pause-pod-2-10, 1763674443281, 1763674455082, 11801
pause-pod-2-11, 1763674443292, 1763674455199, 11907
pause-pod-2-12, 1763674443380, 1763674455326, 11946
pause-pod-2-13, 1763674443383, 1763674455446, 12063
pause-pod-2-14, 1763674443438, 1763674455567, 12129
pause-pod-2-15, 1763674443525, 1763674462906, 19381
pause-pod-2-16, 1763674443585, 1763674462997, 19412
pause-pod-2-17, 1763674443600, 1763674463092, 19492
pause-pod-2-18, 1763674443622, 1763674463177, 19555
pause-pod-2-19, 1763674443674, 1763674463268, 19594
pause-pod-2-20, 1763674443725, 1763674463356, 19631
pause-pod-2-21, 1763674443737, 1763674463447, 19710
pause-pod-2-22, 1763674443761, 1763674463548, 19787
pause-pod-2-23, 1763674443798, 1763674463666, 19868
pause-pod-2-24, 1763674443844, 1763674463751, 19907
pause-pod-2-25, 1763674443872, 1763674463847, 19975
pause-pod-2-26, 1763674443979, 1763674463960, 19981
pause-pod-2-27, 1763674444056, 1763674464049, 19993
pause-pod-2-28, 1763674444094, 1763674464145, 20051
pause-pod-2-29, 1763674444113, 1763674464236, 20123
pause-pod-2-30, 1763674444121, 1763674464326, 20205
pause-pod-2-31, 1763674444137, 1763674464416, 20279
pause-pod-2-32, 1763674444162, 1763674464506, 20344
pause-pod-2-33, 1763674444171, 1763674464600, 20429
pause-pod-2-34, 1763674444183, 1763674464694, 20511
pause-pod-2-35, 1763674444235, 1763674464793, 20558
pause-pod-2-36, 1763674444250, 1763674464883, 20633
pause-pod-2-37, 1763674444262, 1763674464985, 20723
pause-pod-2-38, 1763674444311, 1763674465084, 20773
pause-pod-2-39, 1763674444397, 1763674465177, 20780
pause-pod-2-40, 1763674444428, 1763674465277, 20849
pause-pod-2-41, 1763674444490, 1763674465366, 20876
pause-pod-2-42, 1763674444510, 1763674465452, 20942
pause-pod-2-43, 1763674444585, 1763674465538, 20953
pause-pod-2-44, 1763674444661, 1763674465630, 20969
pause-pod-2-45, 1763674444695, 1763674465719, 21024
pause-pod-2-46, 1763674444721, 1763674465808, 21087
pause-pod-2-47, 1763674444749, 1763674474072, 29323
pause-pod-2-48, 1763674444789, 1763674474162, 29373
pause-pod-2-49, 1763674444813, 1763674475104, 30291
pause-pod-2-50, 1763674444892, 1763674475200, 30308
pause-pod-2-51, 1763674444898, 1763674475296, 30398
pause-pod-2-52, 1763674444938, 1763674475388, 30450
pause-pod-2-53, 1763674444972, 1763674475479, 30507
pause-pod-2-54, 1763674445102, 1763674475573, 30471
pause-pod-2-55, 1763674445196, 1763674475664, 30468
pause-pod-2-56, 1763674445258, 1763674475751, 30493
pause-pod-2-57, 1763674445300, 1763674475840, 30540
pause-pod-2-58, 1763674445309, 1763674475932, 30623
pause-pod-2-59, 1763674445381, 1763674476025, 30644
pause-pod-2-60, 1763674445413, 1763674476112, 30699
pause-pod-2-61, 1763674445438, 1763674476200, 30762
pause-pod-2-62, 1763674445481, 1763674476289, 30808
pause-pod-2-63, 1763674445497, 1763674476376, 30879
pause-pod-2-64, 1763674445562, 1763674476463, 30901
pause-pod-2-65, 1763674445655, 1763674476556, 30901
pause-pod-2-66, 1763674445667, 1763674476644, 30977
pause-pod-2-67, 1763674445736, 1763674476733, 30997
pause-pod-2-68, 1763674445806, 1763674476832, 31026
pause-pod-2-69, 1763674445818, 1763674476922, 31104
pause-pod-2-70, 1763674445929, 1763674477011, 31082
pause-pod-2-71, 1763674445969, 1763674477097, 31128
pause-pod-2-72, 1763674446070, 1763674477185, 31115
pause-pod-2-73, 1763674446102, 1763674477280, 31178
pause-pod-2-74, 1763674446158, 1763674477368, 31210
pause-pod-2-75, 1763674446202, 1763674477468, 31266
pause-pod-2-76, 1763674446331, 1763674477556, 31225
pause-pod-2-77, 1763674446349, 1763674477643, 31294
pause-pod-2-78, 1763674446399, 1763674477730, 31331
pause-pod-2-79, 1763674446436, 1763674477825, 31389
pause-pod-2-80, 1763674446452, 1763674477917, 31465
pause-pod-2-81, 1763674446481, 1763674478009, 31528
pause-pod-2-82, 1763674446509, 1763674478097, 31588
pause-pod-2-83, 1763674446584, 1763674478195, 31611
pause-pod-2-84, 1763674446620, 1763674478291, 31671
pause-pod-2-85, 1763674446667, 1763674478375, 31708
pause-pod-2-86, 1763674446702, 1763674478467, 31765
pause-pod-2-87, 1763674446709, 1763674478559, 31850
pause-pod-2-88, 1763674446717, 1763674478648, 31931
pause-pod-2-89, 1763674446756, 1763674478736, 31980
pause-pod-2-90, 1763674446808, 1763674478890, 32082
pause-pod-2-91, 1763674446862, 1763674478980, 32118
pause-pod-2-92, 1763674446883, 1763674479080, 32197
pause-pod-2-93, 1763674446913, 1763674479174, 32261
pause-pod-2-94, 1763674446945, 1763674479277, 32332
pause-pod-2-95, 1763674446978, 1763674479368, 32390
pause-pod-2-96, 1763674447036, 1763674479454, 32418
pause-pod-2-97, 1763674447136, 1763674479543, 32407
pause-pod-2-98, 1763674447154, 1763674479630, 32476
pause-pod-2-99, 1763674447171, 1763674479720, 32549
pause-pod-2-100, 1763674447183, 1763674479812, 32629
pause-pod-3-1, 1763674595688, 1763674600542, 4854
pause-pod-3-2, 1763674595690, 1763674600835, 5145
pause-pod-3-3, 1763674595692, 1763674600942, 5250
pause-pod-3-4, 1763674595701, 1763674602226, 6525
pause-pod-3-5, 1763674595719, 1763674602325, 6606
pause-pod-3-6, 1763674595735, 1763674608791, 13056
pause-pod-3-7, 1763674595747, 1763674608955, 13208
pause-pod-3-8, 1763674595772, 1763674609096, 13324
pause-pod-3-9, 1763674595824, 1763674609213, 13389
pause-pod-3-10, 1763674595829, 1763674609310, 13481
pause-pod-3-11, 1763674595857, 1763674609414, 13557
pause-pod-3-12, 1763674595883, 1763674609518, 13635
pause-pod-3-13, 1763674595897, 1763674609609, 13712
pause-pod-3-14, 1763674595901, 1763674609702, 13801
pause-pod-3-15, 1763674595929, 1763674609789, 13860
pause-pod-3-16, 1763674595942, 1763674609877, 13935
pause-pod-3-17, 1763674595992, 1763674609967, 13975
pause-pod-3-18, 1763674596038, 1763674610057, 14019
pause-pod-3-19, 1763674596059, 1763674610148, 14089
pause-pod-3-20, 1763674596080, 1763674618623, 22543
pause-pod-3-21, 1763674596105, 1763674618723, 22618
pause-pod-3-22, 1763674596133, 1763674618827, 22694
pause-pod-3-23, 1763674596185, 1763674618928, 22743
pause-pod-3-24, 1763674596241, 1763674619028, 22787
pause-pod-3-25, 1763674596293, 1763674619136, 22843
pause-pod-3-26, 1763674596357, 1763674619230, 22873
pause-pod-3-27, 1763674596415, 1763674619323, 22908
pause-pod-3-28, 1763674596469, 1763674619428, 22959
pause-pod-3-29, 1763674596508, 1763674619521, 23013
pause-pod-3-30, 1763674596525, 1763674619627, 23102
pause-pod-3-31, 1763674596717, 1763674619728, 23011
pause-pod-3-32, 1763674596795, 1763674619818, 23023
pause-pod-3-33, 1763674596822, 1763674619910, 23088
pause-pod-3-34, 1763674596843, 1763674619999, 23156
pause-pod-3-35, 1763674596874, 1763674620085, 23211
pause-pod-3-36, 1763674596891, 1763674620175, 23284
pause-pod-3-37, 1763674596909, 1763674620284, 23375
pause-pod-3-38, 1763674596915, 1763674620396, 23481
pause-pod-3-39, 1763674596921, 1763674620502, 23581
pause-pod-3-40, 1763674596926, 1763674620595, 23669
pause-pod-3-41, 1763674596947, 1763674620690, 23743
pause-pod-3-42, 1763674597079, 1763674620779, 23700
pause-pod-3-43, 1763674597139, 1763674620867, 23728
pause-pod-3-44, 1763674597163, 1763674620960, 23797
pause-pod-3-45, 1763674597184, 1763674621050, 23866
pause-pod-3-46, 1763674597197, 1763674621160, 23963
pause-pod-3-47, 1763674597224, 1763674621257, 24033
pause-pod-3-48, 1763674597298, 1763674621348, 24050
pause-pod-3-49, 1763674597337, 1763674621471, 24134
pause-pod-3-50, 1763674597384, 1763674621570, 24186
pause-pod-3-51, 1763674597405, 1763674621665, 24260
pause-pod-3-52, 1763674597477, 1763674621758, 24281
pause-pod-3-53, 1763674597544, 1763674621853, 24309
pause-pod-3-54, 1763674597568, 1763674621951, 24383
pause-pod-3-55, 1763674597593, 1763674622053, 24460
pause-pod-3-56, 1763674597625, 1763674626626, 29001
pause-pod-3-57, 1763674597693, 1763674626724, 29031
pause-pod-3-58, 1763674597758, 1763674626837, 29079
pause-pod-3-59, 1763674597793, 1763674627446, 29653
pause-pod-3-60, 1763674597833, 1763674627548, 29715
pause-pod-3-61, 1763674597883, 1763674627640, 29757
pause-pod-3-62, 1763674597961, 1763674627731, 29770
pause-pod-3-63, 1763674598051, 1763674627816, 29765
pause-pod-3-64, 1763674598131, 1763674627908, 29777
pause-pod-3-65, 1763674598207, 1763674627999, 29792
pause-pod-3-66, 1763674598249, 1763674628086, 29837
pause-pod-3-67, 1763674598287, 1763674628174, 29887
pause-pod-3-68, 1763674598380, 1763674628265, 29885
pause-pod-3-69, 1763674598402, 1763674628353, 29951
pause-pod-3-70, 1763674598446, 1763674628444, 29998
pause-pod-3-71, 1763674598497, 1763674628532, 30035
pause-pod-3-72, 1763674598614, 1763674628619, 30005
pause-pod-3-73, 1763674598637, 1763674628707, 30070
pause-pod-3-74, 1763674598720, 1763674628808, 30088
pause-pod-3-75, 1763674598752, 1763674628897, 30145
pause-pod-3-76, 1763674598779, 1763674628985, 30206
pause-pod-3-77, 1763674598790, 1763674629077, 30287
pause-pod-3-78, 1763674598812, 1763674629168, 30356
pause-pod-3-79, 1763674598851, 1763674629259, 30408
pause-pod-3-80, 1763674598898, 1763674629350, 30452
pause-pod-3-81, 1763674598958, 1763674629445, 30487
pause-pod-3-82, 1763674599087, 1763674629533, 30446
pause-pod-3-83, 1763674599095, 1763674629637, 30542
pause-pod-3-84, 1763674599109, 1763674629727, 30618
pause-pod-3-85, 1763674599176, 1763674629818, 30642
pause-pod-3-86, 1763674599187, 1763674629909, 30722
pause-pod-3-87, 1763674599190, 1763674629999, 30809
pause-pod-3-88, 1763674599195, 1763674630085, 30890
pause-pod-3-89, 1763674599244, 1763674630177, 30933
pause-pod-3-90, 1763674599279, 1763674630280, 31001
pause-pod-3-91, 1763674599314, 1763674630374, 31060
pause-pod-3-92, 1763674599342, 1763674630469, 31127
pause-pod-3-93, 1763674599434, 1763674630560, 31126
pause-pod-3-94, 1763674599472, 1763674630652, 31180
pause-pod-3-95, 1763674599575, 1763674630740, 31165
pause-pod-3-96, 1763674599601, 1763674630838, 31237
pause-pod-3-97, 1763674599680, 1763674630939, 31259
pause-pod-3-98, 1763674599715, 1763674631027, 31312
pause-pod-3-99, 1763674599763, 1763674631115, 31352
pause-pod-3-100, 1763674599807, 1763674631204, 31397
pause-pod-4-1, 1763674745524, 1763674751448, 5924
pause-pod-4-2, 1763674745526, 1763674751574, 6048
pause-pod-4-3, 1763674745529, 1763674751684, 6155
pause-pod-4-4, 1763674745532, 1763674751777, 6245
pause-pod-4-5, 1763674745542, 1763674755432, 9890
pause-pod-4-6, 1763674745557, 1763674755694, 10137
pause-pod-4-7, 1763674745568, 1763674755821, 10253
pause-pod-4-8, 1763674745587, 1763674755930, 10343
pause-pod-4-9, 1763674745611, 1763674756029, 10418
pause-pod-4-10, 1763674745625, 1763674756134, 10509
pause-pod-4-11, 1763674745640, 1763674756237, 10597
pause-pod-4-12, 1763674745670, 1763674756333, 10663
pause-pod-4-13, 1763674745709, 1763674756435, 10726
pause-pod-4-14, 1763674745742, 1763674756543, 10801
pause-pod-4-15, 1763674745775, 1763674756638, 10863
pause-pod-4-16, 1763674745826, 1763674756738, 10912
pause-pod-4-17, 1763674745865, 1763674756829, 10964
pause-pod-4-18, 1763674745921, 1763674756928, 11007
pause-pod-4-19, 1763674745997, 1763674757018, 11021
pause-pod-4-20, 1763674746054, 1763674757109, 11055
pause-pod-4-21, 1763674746067, 1763674757202, 11135
pause-pod-4-22, 1763674746079, 1763674757305, 11226
pause-pod-4-23, 1763674746087, 1763674757408, 11321
pause-pod-4-24, 1763674746139, 1763674757514, 11375
pause-pod-4-25, 1763674746153, 1763674757603, 11450
pause-pod-4-26, 1763674746177, 1763674757695, 11518
pause-pod-4-27, 1763674746201, 1763674757789, 11588
pause-pod-4-28, 1763674746252, 1763674757904, 11652
pause-pod-4-29, 1763674746287, 1763674758015, 11728
pause-pod-4-30, 1763674746374, 1763674758547, 12173
pause-pod-4-31, 1763674746396, 1763674758664, 12268
pause-pod-4-32, 1763674746409, 1763674758759, 12350
pause-pod-4-33, 1763674746419, 1763674758857, 12438
pause-pod-4-34, 1763674746425, 1763674758956, 12531
pause-pod-4-35, 1763674746430, 1763674759053, 12623
pause-pod-4-36, 1763674746472, 1763674759141, 12669
pause-pod-4-37, 1763674746503, 1763674765160, 18657
pause-pod-4-38, 1763674746608, 1763674765265, 18657
pause-pod-4-39, 1763674746694, 1763674765363, 18669
pause-pod-4-40, 1763674746715, 1763674776035, 29320
pause-pod-4-41, 1763674746733, 1763674777081, 30348
pause-pod-4-42, 1763674746774, 1763674777178, 30404
pause-pod-4-43, 1763674746854, 1763674777270, 30416
pause-pod-4-44, 1763674746895, 1763674777356, 30461
pause-pod-4-45, 1763674746932, 1763674777448, 30516
pause-pod-4-46, 1763674746953, 1763674777544, 30591
pause-pod-4-47, 1763674747034, 1763674777636, 30602
pause-pod-4-48, 1763674747101, 1763674777731, 30630
pause-pod-4-49, 1763674747162, 1763674777829, 30667
pause-pod-4-50, 1763674747166, 1763674777934, 30768
pause-pod-4-51, 1763674747252, 1763674778020, 30768
pause-pod-4-52, 1763674747267, 1763674778109, 30842
pause-pod-4-53, 1763674747344, 1763674778196, 30852
pause-pod-4-54, 1763674747383, 1763674778285, 30902
pause-pod-4-55, 1763674747469, 1763674778374, 30905
pause-pod-4-56, 1763674747506, 1763674778464, 30958
pause-pod-4-57, 1763674747583, 1763674778554, 30971
pause-pod-4-58, 1763674747653, 1763674778649, 30996
pause-pod-4-59, 1763674747704, 1763674778742, 31038
pause-pod-4-60, 1763674747717, 1763674778833, 31116
pause-pod-4-61, 1763674747737, 1763674778922, 31185
pause-pod-4-62, 1763674747766, 1763674779012, 31246
pause-pod-4-63, 1763674747841, 1763674779103, 31262
pause-pod-4-64, 1763674747899, 1763674779201, 31302
pause-pod-4-65, 1763674747948, 1763674779294, 31346
pause-pod-4-66, 1763674748014, 1763674779387, 31373
pause-pod-4-67, 1763674748094, 1763674779479, 31385
pause-pod-4-68, 1763674748140, 1763674779569, 31429
pause-pod-4-69, 1763674748181, 1763674779662, 31481
pause-pod-4-70, 1763674748225, 1763674779751, 31526
pause-pod-4-71, 1763674748294, 1763674779836, 31542
pause-pod-4-72, 1763674748321, 1763674779939, 31618
pause-pod-4-73, 1763674748358, 1763674780034, 31676
pause-pod-4-74, 1763674748399, 1763674780143, 31744
pause-pod-4-75, 1763674748450, 1763674780231, 31781
pause-pod-4-76, 1763674748513, 1763674780320, 31807
pause-pod-4-77, 1763674748539, 1763674780416, 31877
pause-pod-4-78, 1763674748569, 1763674780507, 31938
pause-pod-4-79, 1763674748579, 1763674780613, 32034
pause-pod-4-80, 1763674748587, 1763674780704, 32117
pause-pod-4-81, 1763674748593, 1763674780802, 32209
pause-pod-4-82, 1763674748609, 1763674780900, 32291
pause-pod-4-83, 1763674748665, 1763674780991, 32326
pause-pod-4-84, 1763674748674, 1763674781080, 32406
pause-pod-4-85, 1763674748688, 1763674781169, 32481
pause-pod-4-86, 1763674748751, 1763674781260, 32509
pause-pod-4-87, 1763674748772, 1763674781356, 32584
pause-pod-4-88, 1763674748782, 1763674781453, 32671
pause-pod-4-89, 1763674748806, 1763674781547, 32741
pause-pod-4-90, 1763674748858, 1763674781640, 32782
pause-pod-4-91, 1763674748871, 1763674781732, 32861
pause-pod-4-92, 1763674748899, 1763674781832, 32933
pause-pod-4-93, 1763674748928, 1763674781932, 33004
pause-pod-4-94, 1763674748982, 1763674782026, 33044
pause-pod-4-95, 1763674749009, 1763674782131, 33122
pause-pod-4-96, 1763674749044, 1763674782226, 33182
pause-pod-4-97, 1763674749056, 1763674782323, 33267
pause-pod-4-98, 1763674749121, 1763674782415, 33294
pause-pod-4-99, 1763674749178, 1763674782503, 33325
pause-pod-4-100, 1763674749256, 1763674782593, 33337
pause-pod-5-1, 1763674896584, 1763674902355, 5771
pause-pod-5-2, 1763674896587, 1763674907582, 10995
pause-pod-5-3, 1763674896589, 1763674907695, 11106
pause-pod-5-4, 1763674896602, 1763674911278, 14676
pause-pod-5-5, 1763674896605, 1763674911368, 14763
pause-pod-5-6, 1763674896608, 1763674911468, 14860
pause-pod-5-7, 1763674896616, 1763674911560, 14944
pause-pod-5-8, 1763674896622, 1763674911650, 15028
pause-pod-5-9, 1763674896629, 1763674911740, 15111
pause-pod-5-10, 1763674896652, 1763674911833, 15181
pause-pod-5-11, 1763674896677, 1763674911924, 15247
pause-pod-5-12, 1763674896688, 1763674912016, 15328
pause-pod-5-13, 1763674896712, 1763674912102, 15390
pause-pod-5-14, 1763674896744, 1763674912197, 15453
pause-pod-5-15, 1763674896771, 1763674912295, 15524
pause-pod-5-16, 1763674896810, 1763674912383, 15573
pause-pod-5-17, 1763674896857, 1763674912474, 15617
pause-pod-5-18, 1763674896884, 1763674912562, 15678
pause-pod-5-19, 1763674896903, 1763674912653, 15750
pause-pod-5-20, 1763674896940, 1763674912745, 15805
pause-pod-5-21, 1763674896949, 1763674912835, 15886
pause-pod-5-22, 1763674897016, 1763674912935, 15919
pause-pod-5-23, 1763674897038, 1763674913025, 15987
pause-pod-5-24, 1763674897084, 1763674913114, 16030
pause-pod-5-25, 1763674897144, 1763674913203, 16059
pause-pod-5-26, 1763674897268, 1763674913299, 16031
pause-pod-5-27, 1763674897274, 1763674913387, 16113
pause-pod-5-28, 1763674897280, 1763674913483, 16203
pause-pod-5-29, 1763674897311, 1763674913573, 16262
pause-pod-5-30, 1763674897344, 1763674913673, 16329
pause-pod-5-31, 1763674897373, 1763674913760, 16387
pause-pod-5-32, 1763674897388, 1763674913857, 16469
pause-pod-5-33, 1763674897395, 1763674913974, 16579
pause-pod-5-34, 1763674897463, 1763674914071, 16608
pause-pod-5-35, 1763674897503, 1763674919342, 21839
pause-pod-5-36, 1763674897555, 1763674919446, 21891
pause-pod-5-37, 1763674897616, 1763674919537, 21921
pause-pod-5-38, 1763674897648, 1763674919627, 21979
pause-pod-5-39, 1763674897694, 1763674919719, 22025
pause-pod-5-40, 1763674897849, 1763674919807, 21958
pause-pod-5-41, 1763674897943, 1763674919900, 21957
pause-pod-5-42, 1763674897964, 1763674919996, 22032
pause-pod-5-43, 1763674897971, 1763674920088, 22117
pause-pod-5-44, 1763674898035, 1763674920179, 22144
pause-pod-5-45, 1763674898144, 1763674920268, 22124
pause-pod-5-46, 1763674898199, 1763674920372, 22173
pause-pod-5-47, 1763674898299, 1763674920459, 22160
pause-pod-5-48, 1763674898401, 1763674920557, 22156
pause-pod-5-49, 1763674898468, 1763674920650, 22182
pause-pod-5-50, 1763674898496, 1763674920744, 22248
pause-pod-5-51, 1763674898646, 1763674920832, 22186
pause-pod-5-52, 1763674898654, 1763674920923, 22269
pause-pod-5-53, 1763674898688, 1763674925657, 26969
pause-pod-5-54, 1763674898737, 1763674926415, 27678
pause-pod-5-55, 1763674898742, 1763674926508, 27766
pause-pod-5-56, 1763674898789, 1763674926597, 27808
pause-pod-5-57, 1763674898857, 1763674926698, 27841
pause-pod-5-58, 1763674898922, 1763674926788, 27866
pause-pod-5-59, 1763674898951, 1763674926876, 27925
pause-pod-5-60, 1763674898995, 1763674926965, 27970
pause-pod-5-61, 1763674899050, 1763674927076, 28026
pause-pod-5-62, 1763674899091, 1763674927181, 28090
pause-pod-5-63, 1763674899103, 1763674927308, 28205
pause-pod-5-64, 1763674899169, 1763674927521, 28352
pause-pod-5-65, 1763674899180, 1763674927618, 28438
pause-pod-5-66, 1763674899231, 1763674927714, 28483
pause-pod-5-67, 1763674899264, 1763674927804, 28540
pause-pod-5-68, 1763674899276, 1763674927894, 28618
pause-pod-5-69, 1763674899302, 1763674927984, 28682
pause-pod-5-70, 1763674899337, 1763674928079, 28742
pause-pod-5-71, 1763674899433, 1763674928163, 28730
pause-pod-5-72, 1763674899486, 1763674928256, 28770
pause-pod-5-73, 1763674899514, 1763674928343, 28829
pause-pod-5-74, 1763674899538, 1763674928432, 28894
pause-pod-5-75, 1763674899600, 1763674928521, 28921
pause-pod-5-76, 1763674899610, 1763674928613, 29003
pause-pod-5-77, 1763674899619, 1763674928704, 29085
pause-pod-5-78, 1763674899651, 1763674928792, 29141
pause-pod-5-79, 1763674899697, 1763674928889, 29192
pause-pod-5-80, 1763674899731, 1763674928974, 29243
pause-pod-5-81, 1763674899754, 1763674929061, 29307
pause-pod-5-82, 1763674899790, 1763674929152, 29362
pause-pod-5-83, 1763674899844, 1763674929245, 29401
pause-pod-5-84, 1763674899861, 1763674929335, 29474
pause-pod-5-85, 1763674899890, 1763674929432, 29542
pause-pod-5-86, 1763674899914, 1763674929525, 29611
pause-pod-5-87, 1763674899963, 1763674929617, 29654
pause-pod-5-88, 1763674900035, 1763674929704, 29669
pause-pod-5-89, 1763674900121, 1763674929792, 29671
pause-pod-5-90, 1763674900171, 1763674929876, 29705
pause-pod-5-91, 1763674900260, 1763674929974, 29714
pause-pod-5-92, 1763674900290, 1763674930072, 29782
pause-pod-5-93, 1763674900302, 1763674930162, 29860
pause-pod-5-94, 1763674900346, 1763674930253, 29907
pause-pod-5-95, 1763674900388, 1763674930341, 29953
pause-pod-5-96, 1763674900423, 1763674930427, 30004
pause-pod-5-97, 1763674900497, 1763674930514, 30017
pause-pod-5-98, 1763674900532, 1763674930618, 30086
pause-pod-5-99, 1763674900534, 1763674930705, 30171
pause-pod-5-100, 1763674900536, 1763674930794, 30258
pause-pod-6-1, 1763675043337, 1763675048111, 4774
pause-pod-6-2, 1763675043339, 1763675048218, 4879
pause-pod-6-3, 1763675043341, 1763675048323, 4982
pause-pod-6-4, 1763675043344, 1763675048439, 5095
pause-pod-6-5, 1763675043347, 1763675048565, 5218
pause-pod-6-6, 1763675043350, 1763675050232, 6882
pause-pod-6-7, 1763675043365, 1763675050438, 7073
pause-pod-6-8, 1763675043375, 1763675050534, 7159
pause-pod-6-9, 1763675043401, 1763675050640, 7239
pause-pod-6-10, 1763675043428, 1763675051750, 8322
pause-pod-6-11, 1763675043457, 1763675051853, 8396
pause-pod-6-12, 1763675043486, 1763675051951, 8465
pause-pod-6-13, 1763675043503, 1763675052040, 8537
pause-pod-6-14, 1763675043540, 1763675052134, 8594
pause-pod-6-15, 1763675043597, 1763675060993, 17396
pause-pod-6-16, 1763675043673, 1763675061097, 17424
pause-pod-6-17, 1763675043722, 1763675061184, 17462
pause-pod-6-18, 1763675043754, 1763675061278, 17524
pause-pod-6-19, 1763675043759, 1763675061369, 17610
pause-pod-6-20, 1763675043804, 1763675061460, 17656
pause-pod-6-21, 1763675043832, 1763675061567, 17735
pause-pod-6-22, 1763675043890, 1763675061657, 17767
pause-pod-6-23, 1763675044040, 1763675074147, 30107
pause-pod-6-24, 1763675044097, 1763675074627, 30530
pause-pod-6-25, 1763675044103, 1763675074738, 30635
pause-pod-6-26, 1763675044120, 1763675074832, 30712
pause-pod-6-27, 1763675044131, 1763675074926, 30795
pause-pod-6-28, 1763675044159, 1763675075019, 30860
pause-pod-6-29, 1763675044201, 1763675075118, 30917
pause-pod-6-30, 1763675044244, 1763675075213, 30969
pause-pod-6-31, 1763675044280, 1763675075308, 31028
pause-pod-6-32, 1763675044283, 1763675075397, 31114
pause-pod-6-33, 1763675044288, 1763675075494, 31206
pause-pod-6-34, 1763675044351, 1763675075583, 31232
pause-pod-6-35, 1763675044447, 1763675075669, 31222
pause-pod-6-36, 1763675044512, 1763675075756, 31244
pause-pod-6-37, 1763675044523, 1763675075868, 31345
pause-pod-6-38, 1763675044553, 1763675075997, 31444
pause-pod-6-39, 1763675044577, 1763675076088, 31511
pause-pod-6-40, 1763675044604, 1763675076180, 31576
pause-pod-6-41, 1763675044614, 1763675076276, 31662
pause-pod-6-42, 1763675044653, 1763675076374, 31721
pause-pod-6-43, 1763675044708, 1763675076461, 31753
pause-pod-6-44, 1763675044787, 1763675076551, 31764
pause-pod-6-45, 1763675044858, 1763675076644, 31786
pause-pod-6-46, 1763675044905, 1763675076730, 31825
pause-pod-6-47, 1763675044981, 1763675076818, 31837
pause-pod-6-48, 1763675045100, 1763675076903, 31803
pause-pod-6-49, 1763675045104, 1763675076990, 31886
pause-pod-6-50, 1763675045151, 1763675077088, 31937
pause-pod-6-51, 1763675045170, 1763675077177, 32007
pause-pod-6-52, 1763675045175, 1763675077269, 32094
pause-pod-6-53, 1763675045237, 1763675077359, 32122
pause-pod-6-54, 1763675045278, 1763675077454, 32176
pause-pod-6-55, 1763675045324, 1763675077547, 32223
pause-pod-6-56, 1763675045376, 1763675077640, 32264
pause-pod-6-57, 1763675045432, 1763675077731, 32299
pause-pod-6-58, 1763675045470, 1763675077819, 32349
pause-pod-6-59, 1763675045489, 1763675077910, 32421
pause-pod-6-60, 1763675045655, 1763675078001, 32346
pause-pod-6-61, 1763675045667, 1763675078090, 32423
pause-pod-6-62, 1763675045711, 1763675078180, 32469
pause-pod-6-63, 1763675045727, 1763675078271, 32544
pause-pod-6-64, 1763675045759, 1763675078360, 32601
pause-pod-6-65, 1763675045773, 1763675078450, 32677
pause-pod-6-66, 1763675045819, 1763675078539, 32720
pause-pod-6-67, 1763675045858, 1763675078627, 32769
pause-pod-6-68, 1763675045933, 1763675078715, 32782
pause-pod-6-69, 1763675045946, 1763675078804, 32858
pause-pod-6-70, 1763675045989, 1763675078889, 32900
pause-pod-6-71, 1763675045994, 1763675078972, 32978
pause-pod-6-72, 1763675046022, 1763675079059, 33037
pause-pod-6-73, 1763675046106, 1763675079149, 33043
pause-pod-6-74, 1763675046122, 1763675079238, 33116
pause-pod-6-75, 1763675046158, 1763675079326, 33168
pause-pod-6-76, 1763675046186, 1763675079417, 33231
pause-pod-6-77, 1763675046238, 1763675079507, 33269
pause-pod-6-78, 1763675046263, 1763675079598, 33335
pause-pod-6-79, 1763675046297, 1763675079684, 33387
pause-pod-6-80, 1763675046343, 1763675079776, 33433
pause-pod-6-81, 1763675046365, 1763675079864, 33499
pause-pod-6-82, 1763675046423, 1763675079951, 33528
pause-pod-6-83, 1763675046522, 1763675080043, 33521
pause-pod-6-84, 1763675046546, 1763675080132, 33586
pause-pod-6-85, 1763675046583, 1763675080223, 33640
pause-pod-6-86, 1763675046641, 1763675080319, 33678
pause-pod-6-87, 1763675046662, 1763675080409, 33747
pause-pod-6-88, 1763675046741, 1763675080502, 33761
pause-pod-6-89, 1763675046785, 1763675080593, 33808
pause-pod-6-90, 1763675046816, 1763675080688, 33872
pause-pod-6-91, 1763675046824, 1763675080778, 33954
pause-pod-6-92, 1763675046854, 1763675080873, 34019
pause-pod-6-93, 1763675046863, 1763675080962, 34099
pause-pod-6-94, 1763675046898, 1763675081051, 34153
pause-pod-6-95, 1763675046963, 1763675081155, 34192
pause-pod-6-96, 1763675047007, 1763675081251, 34244
pause-pod-6-97, 1763675047173, 1763675081345, 34172
pause-pod-6-98, 1763675047199, 1763675081435, 34236
pause-pod-6-99, 1763675047263, 1763675081535, 34272
pause-pod-6-100, 1763675047274, 1763675081622, 34348
