Pod Name, Creation Timestamp, Ready Timestamp, Latency (milliseconds)
pause-pod-1-1, 1764632695901, 1764632700752, 4851
pause-pod-1-2, 1764632695904, 1764632700961, 5057
pause-pod-1-3, 1764632695906, 1764632701143, 5237
pause-pod-1-4, 1764632695908, 1764632701342, 5434
pause-pod-1-5, 1764632695911, 1764632701524, 5613
pause-pod-1-6, 1764632695913, 1764632701683, 5770
pause-pod-1-7, 1764632695916, 1764632701844, 5928
pause-pod-1-8, 1764632695919, 1764632702006, 6087
pause-pod-1-9, 1764632695922, 1764632702165, 6243
pause-pod-1-10, 1764632695924, 1764632702324, 6400
pause-pod-1-11, 1764632695928, 1764632702485, 6557
pause-pod-1-12, 1764632695931, 1764632702643, 6712
pause-pod-1-13, 1764632695936, 1764632702802, 6866
pause-pod-1-14, 1764632695939, 1764632702962, 7023
pause-pod-1-15, 1764632695945, 1764632703121, 7176
pause-pod-1-16, 1764632695955, 1764632703279, 7324
pause-pod-1-17, 1764632695960, 1764632703438, 7478
pause-pod-1-18, 1764632695965, 1764632703596, 7631
pause-pod-1-19, 1764632695970, 1764632703754, 7784
pause-pod-1-20, 1764632696007, 1764632703913, 7906
pause-pod-1-21, 1764632696018, 1764632704074, 8056
pause-pod-1-22, 1764632696033, 1764632704232, 8199
pause-pod-1-23, 1764632696045, 1764632704391, 8346
pause-pod-1-24, 1764632696113, 1764632704550, 8437
pause-pod-1-25, 1764632696130, 1764632704709, 8579
pause-pod-1-26, 1764632696153, 1764632704870, 8717
pause-pod-1-27, 1764632696214, 1764632705028, 8814
pause-pod-1-28, 1764632696245, 1764632705188, 8943
pause-pod-1-29, 1764632696282, 1764632705347, 9065
pause-pod-1-30, 1764632696328, 1764632705505, 9177
pause-pod-1-31, 1764632696392, 1764632705662, 9270
pause-pod-1-32, 1764632696433, 1764632705820, 9387
pause-pod-1-33, 1764632696447, 1764632705978, 9531
pause-pod-1-34, 1764632696453, 1764632706136, 9683
pause-pod-1-35, 1764632696553, 1764632706294, 9741
pause-pod-1-36, 1764632696625, 1764632706453, 9828
pause-pod-1-37, 1764632696635, 1764632706609, 9974
pause-pod-1-38, 1764632696652, 1764632706767, 10115
pause-pod-1-39, 1764632696668, 1764632706926, 10258
pause-pod-1-40, 1764632696764, 1764632707084, 10320
pause-pod-1-41, 1764632696801, 1764632707242, 10441
pause-pod-1-42, 1764632696866, 1764632707401, 10535
pause-pod-1-43, 1764632696910, 1764632707558, 10648
pause-pod-1-44, 1764632696933, 1764632707715, 10782
pause-pod-1-45, 1764632697030, 1764632707873, 10843
pause-pod-1-46, 1764632697096, 1764632708031, 10935
pause-pod-1-47, 1764632697119, 1764632708189, 11070
pause-pod-1-48, 1764632697151, 1764632708352, 11201
pause-pod-1-49, 1764632697258, 1764632708510, 11252
pause-pod-1-50, 1764632697336, 1764632708670, 11334
pause-pod-1-51, 1764632697368, 1764632708827, 11459
pause-pod-1-52, 1764632697626, 1764632708985, 11359
pause-pod-1-53, 1764632697658, 1764632709145, 11487
pause-pod-1-54, 1764632697671, 1764632709304, 11633
pause-pod-1-55, 1764632697689, 1764632709462, 11773
pause-pod-1-56, 1764632697693, 1764632709619, 11926
pause-pod-1-57, 1764632697699, 1764632709779, 12080
pause-pod-1-58, 1764632697716, 1764632709937, 12221
pause-pod-1-59, 1764632697737, 1764632710095, 12358
pause-pod-1-60, 1764632697753, 1764632710263, 12510
pause-pod-1-61, 1764632697794, 1764632710423, 12629
pause-pod-1-62, 1764632697837, 1764632710582, 12745
pause-pod-1-63, 1764632697927, 1764632710746, 12819
pause-pod-1-64, 1764632698098, 1764632710904, 12806
pause-pod-1-65, 1764632698112, 1764632711062, 12950
pause-pod-1-66, 1764632698202, 1764632711220, 13018
pause-pod-1-67, 1764632698226, 1764632711380, 13154
pause-pod-1-68, 1764632698276, 1764632711538, 13262
pause-pod-1-69, 1764632698334, 1764632711697, 13363
pause-pod-1-70, 1764632698374, 1764632711855, 13481
pause-pod-1-71, 1764632698381, 1764632712013, 13632
pause-pod-1-72, 1764632698515, 1764632712171, 13656
pause-pod-1-73, 1764632698570, 1764632712329, 13759
pause-pod-1-74, 1764632698672, 1764632712488, 13816
pause-pod-1-75, 1764632698900, 1764632712648, 13748
pause-pod-1-76, 1764632698921, 1764632712806, 13885
pause-pod-1-77, 1764632698984, 1764632712965, 13981
pause-pod-1-78, 1764632699041, 1764632713124, 14083
pause-pod-1-79, 1764632699116, 1764632713282, 14166
pause-pod-1-80, 1764632699134, 1764632713440, 14306
pause-pod-1-81, 1764632699200, 1764632713599, 14399
pause-pod-1-82, 1764632699218, 1764632713758, 14540
pause-pod-1-83, 1764632699223, 1764632713917, 14694
pause-pod-1-84, 1764632699227, 1764632714076, 14849
pause-pod-1-85, 1764632699353, 1764632714244, 14891
pause-pod-1-86, 1764632699401, 1764632714403, 15002
pause-pod-1-87, 1764632699448, 1764632714562, 15114
pause-pod-1-88, 1764632699477, 1764632714727, 15250
pause-pod-1-89, 1764632699501, 1764632714885, 15384
pause-pod-1-90, 1764632699511, 1764632715044, 15533
pause-pod-1-91, 1764632699521, 1764632715203, 15682
pause-pod-1-92, 1764632699553, 1764632715362, 15809
pause-pod-1-93, 1764632699592, 1764632715521, 15929
pause-pod-1-94, 1764632699610, 1764632715679, 16069
pause-pod-1-95, 1764632699639, 1764632715840, 16201
pause-pod-1-96, 1764632699677, 1764632715999, 16322
pause-pod-1-97, 1764632699815, 1764632716157, 16342
pause-pod-1-98, 1764632699860, 1764632716316, 16456
pause-pod-1-99, 1764632699889, 1764632716475, 16586
pause-pod-1-100, 1764632699967, 1764632716634, 16667
pause-pod-2-1, 1764632784730, 1764632789983, 5253
pause-pod-2-2, 1764632784733, 1764632790178, 5445
pause-pod-2-3, 1764632784735, 1764632790349, 5614
pause-pod-2-4, 1764632784737, 1764632790510, 5773
pause-pod-2-5, 1764632784740, 1764632790668, 5928
pause-pod-2-6, 1764632784742, 1764632790830, 6088
pause-pod-2-7, 1764632784745, 1764632790989, 6244
pause-pod-2-8, 1764632784748, 1764632791154, 6406
pause-pod-2-9, 1764632784752, 1764632791313, 6561
pause-pod-2-10, 1764632784755, 1764632791474, 6719
pause-pod-2-11, 1764632784758, 1764632791633, 6875
pause-pod-2-12, 1764632784761, 1764632791790, 7029
pause-pod-2-13, 1764632784764, 1764632791950, 7186
pause-pod-2-14, 1764632784768, 1764632792110, 7342
pause-pod-2-15, 1764632784774, 1764632792271, 7497
pause-pod-2-16, 1764632784777, 1764632792429, 7652
pause-pod-2-17, 1764632784781, 1764632792588, 7807
pause-pod-2-18, 1764632784793, 1764632792748, 7955
pause-pod-2-19, 1764632784797, 1764632792907, 8110
pause-pod-2-20, 1764632784826, 1764632793065, 8239
pause-pod-2-21, 1764632784831, 1764632793226, 8395
pause-pod-2-22, 1764632784838, 1764632793386, 8548
pause-pod-2-23, 1764632784850, 1764632793543, 8693
pause-pod-2-24, 1764632784882, 1764632793701, 8819
pause-pod-2-25, 1764632784918, 1764632793860, 8942
pause-pod-2-26, 1764632784957, 1764632794020, 9063
pause-pod-2-27, 1764632784986, 1764632794178, 9192
pause-pod-2-28, 1764632785008, 1764632794336, 9328
pause-pod-2-29, 1764632785026, 1764632794496, 9470
pause-pod-2-30, 1764632785071, 1764632794654, 9583
pause-pod-2-31, 1764632785145, 1764632794814, 9669
pause-pod-2-32, 1764632785165, 1764632794973, 9808
pause-pod-2-33, 1764632785169, 1764632795131, 9962
pause-pod-2-34, 1764632785197, 1764632795290, 10093
pause-pod-2-35, 1764632785242, 1764632795449, 10207
pause-pod-2-36, 1764632785292, 1764632795607, 10315
pause-pod-2-37, 1764632785306, 1764632795765, 10459
pause-pod-2-38, 1764632785433, 1764632795923, 10490
pause-pod-2-39, 1764632785484, 1764632796082, 10598
pause-pod-2-40, 1764632785496, 1764632796240, 10744
pause-pod-2-41, 1764632785512, 1764632796399, 10887
pause-pod-2-42, 1764632785517, 1764632796557, 11040
pause-pod-2-43, 1764632785548, 1764632796716, 11168
pause-pod-2-44, 1764632785569, 1764632796875, 11306
pause-pod-2-45, 1764632785663, 1764632797033, 11370
pause-pod-2-46, 1764632785716, 1764632797191, 11475
pause-pod-2-47, 1764632785803, 1764632797350, 11547
pause-pod-2-48, 1764632785891, 1764632797508, 11617
pause-pod-2-49, 1764632785920, 1764632797667, 11747
pause-pod-2-50, 1764632785925, 1764632797825, 11900
pause-pod-2-51, 1764632786004, 1764632797984, 11980
pause-pod-2-52, 1764632786054, 1764632798142, 12088
pause-pod-2-53, 1764632786070, 1764632798304, 12234
pause-pod-2-54, 1764632786129, 1764632798463, 12334
pause-pod-2-55, 1764632786347, 1764632798625, 12278
pause-pod-2-56, 1764632786419, 1764632798784, 12365
pause-pod-2-57, 1764632786425, 1764632798941, 12516
pause-pod-2-58, 1764632786443, 1764632799100, 12657
pause-pod-2-59, 1764632786789, 1764632799258, 12469
pause-pod-2-60, 1764632786890, 1764632799416, 12526
pause-pod-2-61, 1764632787064, 1764632799574, 12510
pause-pod-2-62, 1764632787141, 1764632799732, 12591
pause-pod-2-63, 1764632787224, 1764632799893, 12669
pause-pod-2-64, 1764632787342, 1764632800051, 12709
pause-pod-2-65, 1764632787359, 1764632800209, 12850
pause-pod-2-66, 1764632787459, 1764632800367, 12908
pause-pod-2-67, 1764632787521, 1764632800528, 13007
pause-pod-2-68, 1764632787526, 1764632800687, 13161
pause-pod-2-69, 1764632787629, 1764632800846, 13217
pause-pod-2-70, 1764632787663, 1764632801004, 13341
pause-pod-2-71, 1764632787710, 1764632801164, 13454
pause-pod-2-72, 1764632787745, 1764632801322, 13577
pause-pod-2-73, 1764632787754, 1764632801481, 13727
pause-pod-2-74, 1764632787830, 1764632801641, 13811
pause-pod-2-75, 1764632787843, 1764632801799, 13956
pause-pod-2-76, 1764632787854, 1764632801958, 14104
pause-pod-2-77, 1764632787860, 1764632802117, 14257
pause-pod-2-78, 1764632787872, 1764632802275, 14403
pause-pod-2-79, 1764632787882, 1764632802432, 14550
pause-pod-2-80, 1764632787889, 1764632802591, 14702
pause-pod-2-81, 1764632787893, 1764632802750, 14857
pause-pod-2-82, 1764632787902, 1764632802908, 15006
pause-pod-2-83, 1764632787928, 1764632803068, 15140
pause-pod-2-84, 1764632787936, 1764632803227, 15291
pause-pod-2-85, 1764632787940, 1764632803385, 15445
pause-pod-2-86, 1764632787946, 1764632803543, 15597
pause-pod-2-87, 1764632787971, 1764632803702, 15731
pause-pod-2-88, 1764632787994, 1764632803861, 15867
pause-pod-2-89, 1764632788007, 1764632804019, 16012
pause-pod-2-90, 1764632788025, 1764632804180, 16155
pause-pod-2-91, 1764632788035, 1764632804339, 16304
pause-pod-2-92, 1764632788050, 1764632804496, 16446
pause-pod-2-93, 1764632788055, 1764632804654, 16599
pause-pod-2-94, 1764632788059, 1764632804823, 16764
pause-pod-2-95, 1764632788090, 1764632804982, 16892
pause-pod-2-96, 1764632788110, 1764632805140, 17030
pause-pod-2-97, 1764632788129, 1764632805297, 17168
pause-pod-2-98, 1764632788160, 1764632805455, 17295
pause-pod-2-99, 1764632788205, 1764632805613, 17408
pause-pod-2-100, 1764632788233, 1764632805772, 17539
pause-pod-3-1, 1764632874473, 1764632879381, 4908
pause-pod-3-2, 1764632874475, 1764632879869, 5394
pause-pod-3-3, 1764632874477, 1764632880041, 5564
pause-pod-3-4, 1764632874479, 1764632880206, 5727
pause-pod-3-5, 1764632874481, 1764632880366, 5885
pause-pod-3-6, 1764632874483, 1764632880525, 6042
pause-pod-3-7, 1764632874485, 1764632880683, 6198
pause-pod-3-8, 1764632874488, 1764632880845, 6357
pause-pod-3-9, 1764632874490, 1764632881007, 6517
pause-pod-3-10, 1764632874493, 1764632881168, 6675
pause-pod-3-11, 1764632874496, 1764632881326, 6830
pause-pod-3-12, 1764632874498, 1764632881485, 6987
pause-pod-3-13, 1764632874501, 1764632881643, 7142
pause-pod-3-14, 1764632874506, 1764632881800, 7294
pause-pod-3-15, 1764632874512, 1764632881958, 7446
pause-pod-3-16, 1764632874515, 1764632882119, 7604
pause-pod-3-17, 1764632874549, 1764632882285, 7736
pause-pod-3-18, 1764632874554, 1764632882444, 7890
pause-pod-3-19, 1764632874575, 1764632882602, 8027
pause-pod-3-20, 1764632874586, 1764632882759, 8173
pause-pod-3-21, 1764632874593, 1764632882918, 8325
pause-pod-3-22, 1764632874606, 1764632883076, 8470
pause-pod-3-23, 1764632874622, 1764632883236, 8614
pause-pod-3-24, 1764632874632, 1764632883395, 8763
pause-pod-3-25, 1764632874647, 1764632883552, 8905
pause-pod-3-26, 1764632874691, 1764632883709, 9018
pause-pod-3-27, 1764632874757, 1764632883867, 9110
pause-pod-3-28, 1764632874772, 1764632884025, 9253
pause-pod-3-29, 1764632874778, 1764632884183, 9405
pause-pod-3-30, 1764632874791, 1764632884341, 9550
pause-pod-3-31, 1764632874796, 1764632884498, 9702
pause-pod-3-32, 1764632874804, 1764632884657, 9853
pause-pod-3-33, 1764632874824, 1764632884815, 9991
pause-pod-3-34, 1764632874882, 1764632884973, 10091
pause-pod-3-35, 1764632874899, 1764632885141, 10242
pause-pod-3-36, 1764632874910, 1764632885298, 10388
pause-pod-3-37, 1764632874957, 1764632885457, 10500
pause-pod-3-38, 1764632874990, 1764632885617, 10627
pause-pod-3-39, 1764632875017, 1764632885776, 10759
pause-pod-3-40, 1764632875067, 1764632885935, 10868
pause-pod-3-41, 1764632875169, 1764632886094, 10925
pause-pod-3-42, 1764632875249, 1764632886254, 11005
pause-pod-3-43, 1764632875282, 1764632886413, 11131
pause-pod-3-44, 1764632875292, 1764632886572, 11280
pause-pod-3-45, 1764632875311, 1764632886731, 11420
pause-pod-3-46, 1764632875324, 1764632886890, 11566
pause-pod-3-47, 1764632875344, 1764632887049, 11705
pause-pod-3-48, 1764632875393, 1764632887211, 11818
pause-pod-3-49, 1764632875476, 1764632887369, 11893
pause-pod-3-50, 1764632875520, 1764632887528, 12008
pause-pod-3-51, 1764632875563, 1764632887687, 12124
pause-pod-3-52, 1764632875617, 1764632887844, 12227
pause-pod-3-53, 1764632875662, 1764632888003, 12341
pause-pod-3-54, 1764632875667, 1764632888162, 12495
pause-pod-3-55, 1764632875752, 1764632888320, 12568
pause-pod-3-56, 1764632875788, 1764632888481, 12693
pause-pod-3-57, 1764632875822, 1764632888643, 12821
pause-pod-3-58, 1764632875847, 1764632888801, 12954
pause-pod-3-59, 1764632875900, 1764632888959, 13059
pause-pod-3-60, 1764632875911, 1764632889118, 13207
pause-pod-3-61, 1764632875974, 1764632889276, 13302
pause-pod-3-62, 1764632876013, 1764632889435, 13422
pause-pod-3-63, 1764632876061, 1764632889593, 13532
pause-pod-3-64, 1764632876278, 1764632889751, 13473
pause-pod-3-65, 1764632876301, 1764632889910, 13609
pause-pod-3-66, 1764632876306, 1764632890069, 13763
pause-pod-3-67, 1764632876365, 1764632890227, 13862
pause-pod-3-68, 1764632876457, 1764632890386, 13929
pause-pod-3-69, 1764632876507, 1764632890576, 14069
pause-pod-3-70, 1764632876534, 1764632890736, 14202
pause-pod-3-71, 1764632876599, 1764632890895, 14296
pause-pod-3-72, 1764632876680, 1764632891053, 14373
pause-pod-3-73, 1764632876736, 1764632891212, 14476
pause-pod-3-74, 1764632876755, 1764632891369, 14614
pause-pod-3-75, 1764632876811, 1764632891530, 14719
pause-pod-3-76, 1764632876972, 1764632891689, 14717
pause-pod-3-77, 1764632877029, 1764632891848, 14819
pause-pod-3-78, 1764632877187, 1764632892006, 14819
pause-pod-3-79, 1764632877234, 1764632892165, 14931
pause-pod-3-80, 1764632877275, 1764632892324, 15049
pause-pod-3-81, 1764632877286, 1764632892483, 15197
pause-pod-3-82, 1764632877293, 1764632892641, 15348
pause-pod-3-83, 1764632877314, 1764632892800, 15486
pause-pod-3-84, 1764632877389, 1764632892957, 15568
pause-pod-3-85, 1764632877424, 1764632893117, 15693
pause-pod-3-86, 1764632877473, 1764632893275, 15802
pause-pod-3-87, 1764632877503, 1764632893434, 15931
pause-pod-3-88, 1764632877594, 1764632893593, 15999
pause-pod-3-89, 1764632877606, 1764632893753, 16147
pause-pod-3-90, 1764632877694, 1764632893912, 16218
pause-pod-3-91, 1764632877785, 1764632894070, 16285
pause-pod-3-92, 1764632877818, 1764632894231, 16413
pause-pod-3-93, 1764632877854, 1764632894390, 16536
pause-pod-3-94, 1764632877916, 1764632894548, 16632
pause-pod-3-95, 1764632877929, 1764632894707, 16778
pause-pod-3-96, 1764632877938, 1764632894865, 16927
pause-pod-3-97, 1764632877964, 1764632895023, 17059
pause-pod-3-98, 1764632878313, 1764632895181, 16868
pause-pod-3-99, 1764632878407, 1764632895340, 16933
pause-pod-3-100, 1764632878496, 1764632895499, 17003
pause-pod-4-1, 1764632992268, 1764632997217, 4949
pause-pod-4-2, 1764632992271, 1764632997421, 5150
pause-pod-4-3, 1764632992273, 1764632997608, 5335
pause-pod-4-4, 1764632992276, 1764632997776, 5500
pause-pod-4-5, 1764632992278, 1764632997934, 5656
pause-pod-4-6, 1764632992281, 1764632998095, 5814
pause-pod-4-7, 1764632992284, 1764632998254, 5970
pause-pod-4-8, 1764632992287, 1764632998413, 6126
pause-pod-4-9, 1764632992290, 1764632998575, 6285
pause-pod-4-10, 1764632992294, 1764632998738, 6444
pause-pod-4-11, 1764632992297, 1764632998897, 6600
pause-pod-4-12, 1764632992301, 1764632999055, 6754
pause-pod-4-13, 1764632992304, 1764632999215, 6911
pause-pod-4-14, 1764632992312, 1764632999373, 7061
pause-pod-4-15, 1764632992317, 1764632999531, 7214
pause-pod-4-16, 1764632992321, 1764632999690, 7369
pause-pod-4-17, 1764632992370, 1764632999850, 7480
pause-pod-4-18, 1764632992379, 1764633000009, 7630
pause-pod-4-19, 1764632992395, 1764633000168, 7773
pause-pod-4-20, 1764632992420, 1764633000325, 7905
pause-pod-4-21, 1764632992456, 1764633000483, 8027
pause-pod-4-22, 1764632992498, 1764633000646, 8148
pause-pod-4-23, 1764632992511, 1764633000805, 8294
pause-pod-4-24, 1764632992587, 1764633000966, 8379
pause-pod-4-25, 1764632992597, 1764633001125, 8528
pause-pod-4-26, 1764632992631, 1764633001284, 8653
pause-pod-4-27, 1764632992709, 1764633001443, 8734
pause-pod-4-28, 1764632992713, 1764633001602, 8889
pause-pod-4-29, 1764632992724, 1764633001762, 9038
pause-pod-4-30, 1764632992764, 1764633001921, 9157
pause-pod-4-31, 1764632992820, 1764633002079, 9259
pause-pod-4-32, 1764632992910, 1764633002238, 9328
pause-pod-4-33, 1764632993050, 1764633002396, 9346
pause-pod-4-34, 1764632993059, 1764633002554, 9495
pause-pod-4-35, 1764632993107, 1764633002712, 9605
pause-pod-4-36, 1764632993118, 1764633002874, 9756
pause-pod-4-37, 1764632993178, 1764633003032, 9854
pause-pod-4-38, 1764632993238, 1764633003191, 9953
pause-pod-4-39, 1764632993262, 1764633003349, 10087
pause-pod-4-40, 1764632993275, 1764633003507, 10232
pause-pod-4-41, 1764632993351, 1764633003666, 10315
pause-pod-4-42, 1764632993388, 1764633003824, 10436
pause-pod-4-43, 1764632993412, 1764633003982, 10570
pause-pod-4-44, 1764632993502, 1764633004141, 10639
pause-pod-4-45, 1764632993533, 1764633004300, 10767
pause-pod-4-46, 1764632993602, 1764633004457, 10855
pause-pod-4-47, 1764632993634, 1764633004616, 10982
pause-pod-4-48, 1764632993642, 1764633004775, 11133
pause-pod-4-49, 1764632993704, 1764633004934, 11230
pause-pod-4-50, 1764632993749, 1764633005092, 11343
pause-pod-4-51, 1764632993763, 1764633005251, 11488
pause-pod-4-52, 1764632993828, 1764633005409, 11581
pause-pod-4-53, 1764632993865, 1764633005568, 11703
pause-pod-4-54, 1764632993872, 1764633005727, 11855
pause-pod-4-55, 1764632993915, 1764633005886, 11971
pause-pod-4-56, 1764632993969, 1764633006043, 12074
pause-pod-4-57, 1764632994011, 1764633006200, 12189
pause-pod-4-58, 1764632994181, 1764633006357, 12176
pause-pod-4-59, 1764632994332, 1764633006516, 12184
pause-pod-4-60, 1764632994429, 1764633006675, 12246
pause-pod-4-61, 1764632994448, 1764633006835, 12387
pause-pod-4-62, 1764632994460, 1764633006994, 12534
pause-pod-4-63, 1764632994489, 1764633007153, 12664
pause-pod-4-64, 1764632994506, 1764633007311, 12805
pause-pod-4-65, 1764632994585, 1764633007468, 12883
pause-pod-4-66, 1764632994643, 1764633007627, 12984
pause-pod-4-67, 1764632994651, 1764633007785, 13134
pause-pod-4-68, 1764632994673, 1764633007943, 13270
pause-pod-4-69, 1764632994802, 1764633008102, 13300
pause-pod-4-70, 1764632994860, 1764633008260, 13400
pause-pod-4-71, 1764632994903, 1764633008419, 13516
pause-pod-4-72, 1764632994944, 1764633008579, 13635
pause-pod-4-73, 1764632995013, 1764633008737, 13724
pause-pod-4-74, 1764632995165, 1764633008895, 13730
pause-pod-4-75, 1764632995250, 1764633009054, 13804
pause-pod-4-76, 1764632995296, 1764633009213, 13917
pause-pod-4-77, 1764632995321, 1764633009371, 14050
pause-pod-4-78, 1764632995374, 1764633009529, 14155
pause-pod-4-79, 1764632995380, 1764633009687, 14307
pause-pod-4-80, 1764632995485, 1764633009845, 14360
pause-pod-4-81, 1764632995517, 1764633010005, 14488
pause-pod-4-82, 1764632995590, 1764633010163, 14573
pause-pod-4-83, 1764632995604, 1764633010320, 14716
pause-pod-4-84, 1764632995625, 1764633010478, 14853
pause-pod-4-85, 1764632995661, 1764633010638, 14977
pause-pod-4-86, 1764632995690, 1764633010800, 15110
pause-pod-4-87, 1764632995752, 1764633010960, 15208
pause-pod-4-88, 1764632995804, 1764633011118, 15314
pause-pod-4-89, 1764632995829, 1764633011278, 15449
pause-pod-4-90, 1764632995894, 1764633011436, 15542
pause-pod-4-91, 1764632995925, 1764633011595, 15670
pause-pod-4-92, 1764632996001, 1764633011753, 15752
pause-pod-4-93, 1764632996017, 1764633011912, 15895
pause-pod-4-94, 1764632996023, 1764633012070, 16047
pause-pod-4-95, 1764632996104, 1764633012229, 16125
pause-pod-4-96, 1764632996149, 1764633012387, 16238
pause-pod-4-97, 1764632996153, 1764633012546, 16393
pause-pod-4-98, 1764632996162, 1764633012704, 16542
pause-pod-4-99, 1764632996275, 1764633012862, 16587
pause-pod-4-100, 1764632996306, 1764633013021, 16715
pause-pod-5-1, 1764633081500, 1764633086166, 4666
pause-pod-5-2, 1764633081502, 1764633086386, 4884
pause-pod-5-3, 1764633081504, 1764633086616, 5112
pause-pod-5-4, 1764633081507, 1764633086821, 5314
pause-pod-5-5, 1764633081510, 1764633087001, 5491
pause-pod-5-6, 1764633081512, 1764633087162, 5650
pause-pod-5-7, 1764633081515, 1764633087322, 5807
pause-pod-5-8, 1764633081517, 1764633087492, 5975
pause-pod-5-9, 1764633081521, 1764633087651, 6130
pause-pod-5-10, 1764633081524, 1764633087811, 6287
pause-pod-5-11, 1764633081528, 1764633087971, 6443
pause-pod-5-12, 1764633081531, 1764633088128, 6597
pause-pod-5-13, 1764633081536, 1764633088286, 6750
pause-pod-5-14, 1764633081540, 1764633088445, 6905
pause-pod-5-15, 1764633081545, 1764633088603, 7058
pause-pod-5-16, 1764633081548, 1764633088761, 7213
pause-pod-5-17, 1764633081559, 1764633088922, 7363
pause-pod-5-18, 1764633081563, 1764633089079, 7516
pause-pod-5-19, 1764633081580, 1764633089239, 7659
pause-pod-5-20, 1764633081619, 1764633089396, 7777
pause-pod-5-21, 1764633081625, 1764633089555, 7930
pause-pod-5-22, 1764633081649, 1764633089714, 8065
pause-pod-5-23, 1764633081670, 1764633089872, 8202
pause-pod-5-24, 1764633081677, 1764633090030, 8353
pause-pod-5-25, 1764633081697, 1764633090188, 8491
pause-pod-5-26, 1764633081700, 1764633090346, 8646
pause-pod-5-27, 1764633081716, 1764633090504, 8788
pause-pod-5-28, 1764633081737, 1764633090662, 8925
pause-pod-5-29, 1764633081790, 1764633090821, 9031
pause-pod-5-30, 1764633081796, 1764633090980, 9184
pause-pod-5-31, 1764633081811, 1764633091139, 9328
pause-pod-5-32, 1764633081818, 1764633091297, 9479
pause-pod-5-33, 1764633081837, 1764633091455, 9618
pause-pod-5-34, 1764633081852, 1764633091614, 9762
pause-pod-5-35, 1764633081882, 1764633091773, 9891
pause-pod-5-36, 1764633081925, 1764633091931, 10006
pause-pod-5-37, 1764633081945, 1764633092089, 10144
pause-pod-5-38, 1764633081958, 1764633092250, 10292
pause-pod-5-39, 1764633081975, 1764633092410, 10435
pause-pod-5-40, 1764633082008, 1764633092569, 10561
pause-pod-5-41, 1764633082019, 1764633092727, 10708
pause-pod-5-42, 1764633082058, 1764633092886, 10828
pause-pod-5-43, 1764633082139, 1764633093043, 10904
pause-pod-5-44, 1764633082172, 1764633093206, 11034
pause-pod-5-45, 1764633082310, 1764633093364, 11054
pause-pod-5-46, 1764633082367, 1764633093522, 11155
pause-pod-5-47, 1764633082455, 1764633093680, 11225
pause-pod-5-48, 1764633082587, 1764633093839, 11252
pause-pod-5-49, 1764633082614, 1764633093996, 11382
pause-pod-5-50, 1764633082711, 1764633094154, 11443
pause-pod-5-51, 1764633082777, 1764633094311, 11534
pause-pod-5-52, 1764633082842, 1764633094469, 11627
pause-pod-5-53, 1764633082943, 1764633094627, 11684
pause-pod-5-54, 1764633083011, 1764633094785, 11774
pause-pod-5-55, 1764633083049, 1764633094943, 11894
pause-pod-5-56, 1764633083177, 1764633095101, 11924
pause-pod-5-57, 1764633083265, 1764633095258, 11993
pause-pod-5-58, 1764633083380, 1764633095423, 12043
pause-pod-5-59, 1764633083539, 1764633095582, 12043
pause-pod-5-60, 1764633083551, 1764633095741, 12190
pause-pod-5-61, 1764633083559, 1764633095900, 12341
pause-pod-5-62, 1764633083588, 1764633096058, 12470
pause-pod-5-63, 1764633083639, 1764633096217, 12578
pause-pod-5-64, 1764633083737, 1764633096375, 12638
pause-pod-5-65, 1764633083838, 1764633096533, 12695
pause-pod-5-66, 1764633083901, 1764633096691, 12790
pause-pod-5-67, 1764633083946, 1764633096849, 12903
pause-pod-5-68, 1764633084029, 1764633097008, 12979
pause-pod-5-69, 1764633084060, 1764633097167, 13107
pause-pod-5-70, 1764633084093, 1764633097326, 13233
pause-pod-5-71, 1764633084120, 1764633097486, 13366
pause-pod-5-72, 1764633084125, 1764633097645, 13520
pause-pod-5-73, 1764633084164, 1764633097804, 13640
pause-pod-5-74, 1764633084183, 1764633097963, 13780
pause-pod-5-75, 1764633084198, 1764633098121, 13923
pause-pod-5-76, 1764633084223, 1764633098280, 14057
pause-pod-5-77, 1764633084279, 1764633098438, 14159
pause-pod-5-78, 1764633084295, 1764633098599, 14304
pause-pod-5-79, 1764633084308, 1764633098757, 14449
pause-pod-5-80, 1764633084329, 1764633098915, 14586
pause-pod-5-81, 1764633084346, 1764633099073, 14727
pause-pod-5-82, 1764633084371, 1764633099232, 14861
pause-pod-5-83, 1764633084378, 1764633099390, 15012
pause-pod-5-84, 1764633084385, 1764633099548, 15163
pause-pod-5-85, 1764633084411, 1764633099708, 15297
pause-pod-5-86, 1764633084508, 1764633099868, 15360
pause-pod-5-87, 1764633084580, 1764633100026, 15446
pause-pod-5-88, 1764633084602, 1764633100185, 15583
pause-pod-5-89, 1764633084625, 1764633100343, 15718
pause-pod-5-90, 1764633084668, 1764633100501, 15833
pause-pod-5-91, 1764633084683, 1764633100659, 15976
pause-pod-5-92, 1764633084769, 1764633100818, 16049
pause-pod-5-93, 1764633084804, 1764633100977, 16173
pause-pod-5-94, 1764633084813, 1764633101135, 16322
pause-pod-5-95, 1764633084848, 1764633101292, 16444
pause-pod-5-96, 1764633084853, 1764633101449, 16596
pause-pod-5-97, 1764633084857, 1764633101607, 16750
pause-pod-5-98, 1764633084867, 1764633101765, 16898
pause-pod-5-99, 1764633084894, 1764633101923, 17029
pause-pod-5-100, 1764633084936, 1764633102080, 17144
pause-pod-6-1, 1764633170111, 1764633175229, 5118
pause-pod-6-2, 1764633170113, 1764633175416, 5303
pause-pod-6-3, 1764633170115, 1764633175589, 5474
pause-pod-6-4, 1764633170117, 1764633175747, 5630
pause-pod-6-5, 1764633170119, 1764633175907, 5788
pause-pod-6-6, 1764633170122, 1764633176065, 5943
pause-pod-6-7, 1764633170124, 1764633176226, 6102
pause-pod-6-8, 1764633170127, 1764633176388, 6261
pause-pod-6-9, 1764633170130, 1764633176547, 6417
pause-pod-6-10, 1764633170132, 1764633176705, 6573
pause-pod-6-11, 1764633170135, 1764633176864, 6729
pause-pod-6-12, 1764633170138, 1764633177029, 6891
pause-pod-6-13, 1764633170141, 1764633177186, 7045
pause-pod-6-14, 1764633170145, 1764633177343, 7198
pause-pod-6-15, 1764633170151, 1764633177501, 7350
pause-pod-6-16, 1764633170154, 1764633177659, 7505
pause-pod-6-17, 1764633170189, 1764633177817, 7628
pause-pod-6-18, 1764633170192, 1764633177976, 7784
pause-pod-6-19, 1764633170212, 1764633178134, 7922
pause-pod-6-20, 1764633170217, 1764633178291, 8074
pause-pod-6-21, 1764633170222, 1764633178450, 8228
pause-pod-6-22, 1764633170249, 1764633178608, 8359
pause-pod-6-23, 1764633170260, 1764633178766, 8506
pause-pod-6-24, 1764633170268, 1764633178924, 8656
pause-pod-6-25, 1764633170318, 1764633179087, 8769
pause-pod-6-26, 1764633170329, 1764633179245, 8916
pause-pod-6-27, 1764633170339, 1764633179404, 9065
pause-pod-6-28, 1764633170361, 1764633179562, 9201
pause-pod-6-29, 1764633170473, 1764633179720, 9247
pause-pod-6-30, 1764633170513, 1764633179879, 9366
pause-pod-6-31, 1764633170523, 1764633180038, 9515
pause-pod-6-32, 1764633170533, 1764633180196, 9663
pause-pod-6-33, 1764633170541, 1764633180354, 9813
pause-pod-6-34, 1764633170585, 1764633180512, 9927
pause-pod-6-35, 1764633170611, 1764633180671, 10060
pause-pod-6-36, 1764633170630, 1764633180830, 10200
pause-pod-6-37, 1764633170649, 1764633180989, 10340
pause-pod-6-38, 1764633170660, 1764633181147, 10487
pause-pod-6-39, 1764633170730, 1764633181314, 10584
pause-pod-6-40, 1764633170783, 1764633181473, 10690
pause-pod-6-41, 1764633170837, 1764633181632, 10795
pause-pod-6-42, 1764633170893, 1764633181790, 10897
pause-pod-6-43, 1764633170954, 1764633181949, 10995
pause-pod-6-44, 1764633170995, 1764633182109, 11114
pause-pod-6-45, 1764633171020, 1764633182267, 11247
pause-pod-6-46, 1764633171057, 1764633182426, 11369
pause-pod-6-47, 1764633171142, 1764633182585, 11443
pause-pod-6-48, 1764633171173, 1764633182744, 11571
pause-pod-6-49, 1764633171202, 1764633182902, 11700
pause-pod-6-50, 1764633171280, 1764633183060, 11780
pause-pod-6-51, 1764633171360, 1764633183220, 11860
pause-pod-6-52, 1764633171379, 1764633183381, 12002
pause-pod-6-53, 1764633171385, 1764633183539, 12154
pause-pod-6-54, 1764633171530, 1764633183696, 12166
pause-pod-6-55, 1764633171539, 1764633183854, 12315
pause-pod-6-56, 1764633171627, 1764633184013, 12386
pause-pod-6-57, 1764633171717, 1764633184172, 12455
pause-pod-6-58, 1764633171739, 1764633184331, 12592
pause-pod-6-59, 1764633171785, 1764633184490, 12705
pause-pod-6-60, 1764633171829, 1764633184649, 12820
pause-pod-6-61, 1764633171887, 1764633184807, 12920
pause-pod-6-62, 1764633171894, 1764633184966, 13072
pause-pod-6-63, 1764633171910, 1764633185124, 13214
pause-pod-6-64, 1764633171950, 1764633185282, 13332
pause-pod-6-65, 1764633172080, 1764633185440, 13360
pause-pod-6-66, 1764633172134, 1764633185600, 13466
pause-pod-6-67, 1764633172328, 1764633185757, 13429
pause-pod-6-68, 1764633172347, 1764633185915, 13568
pause-pod-6-69, 1764633172402, 1764633186074, 13672
pause-pod-6-70, 1764633172426, 1764633186231, 13805
pause-pod-6-71, 1764633172505, 1764633186390, 13885
pause-pod-6-72, 1764633172511, 1764633186548, 14037
pause-pod-6-73, 1764633172612, 1764633186706, 14094
pause-pod-6-74, 1764633172744, 1764633186864, 14120
pause-pod-6-75, 1764633172843, 1764633187022, 14179
pause-pod-6-76, 1764633172870, 1764633187180, 14310
pause-pod-6-77, 1764633172958, 1764633187339, 14381
pause-pod-6-78, 1764633172997, 1764633187498, 14501
pause-pod-6-79, 1764633173002, 1764633187668, 14666
pause-pod-6-80, 1764633173053, 1764633187826, 14773
pause-pod-6-81, 1764633173187, 1764633187985, 14798
pause-pod-6-82, 1764633173193, 1764633188145, 14952
pause-pod-6-83, 1764633173198, 1764633188302, 15104
pause-pod-6-84, 1764633173219, 1764633188465, 15246
pause-pod-6-85, 1764633173233, 1764633188626, 15393
pause-pod-6-86, 1764633173324, 1764633188785, 15461
pause-pod-6-87, 1764633173329, 1764633188943, 15614
pause-pod-6-88, 1764633173338, 1764633189101, 15763
pause-pod-6-89, 1764633173367, 1764633189260, 15893
pause-pod-6-90, 1764633173487, 1764633189419, 15932
pause-pod-6-91, 1764633173491, 1764633189578, 16087
pause-pod-6-92, 1764633173494, 1764633189739, 16245
pause-pod-6-93, 1764633173503, 1764633189898, 16395
pause-pod-6-94, 1764633173522, 1764633190056, 16534
pause-pod-6-95, 1764633173535, 1764633190215, 16680
pause-pod-6-96, 1764633173556, 1764633190373, 16817
pause-pod-6-97, 1764633173574, 1764633190531, 16957
pause-pod-6-98, 1764633173614, 1764633190691, 17077
pause-pod-6-99, 1764633173633, 1764633190850, 17217
pause-pod-6-100, 1764633173681, 1764633191008, 17327
