Pod Name, Delete Start Timestamp, Deleted Confirmed Timestamp, Delete Latency (milliseconds)
pause-pod-1-1, 1764633291682, 1764633294169, 2487
pause-pod-1-2, 1764633291684, 1764633294265, 2581
pause-pod-1-3, 1764633291687, 1764633294386, 2699
pause-pod-1-4, 1764633291689, 1764633294540, 2851
pause-pod-1-5, 1764633291691, 1764633294632, 2941
pause-pod-1-6, 1764633291694, 1764633294752, 3058
pause-pod-1-7, 1764633291697, 1764633294843, 3146
pause-pod-1-8, 1764633291700, 1764633294973, 3273
pause-pod-1-9, 1764633291703, 1764633295046, 3343
pause-pod-1-10, 1764633291705, 1764633295188, 3483
pause-pod-1-11, 1764633291708, 1764633295265, 3557
pause-pod-1-12, 1764633291711, 1764633295340, 3629
pause-pod-1-13, 1764633291716, 1764633296087, 4371
pause-pod-1-14, 1764633291719, 1764633296159, 4440
pause-pod-1-15, 1764633291722, 1764633296240, 4518
pause-pod-1-16, 1764633291725, 1764633296359, 4634
pause-pod-1-17, 1764633291730, 1764633296426, 4696
pause-pod-1-18, 1764633291736, 1764633296493, 4757
pause-pod-1-19, 1764633291739, 1764633296557, 4818
pause-pod-1-20, 1764633291742, 1764633296620, 4878
pause-pod-1-21, 1764633291746, 1764633296688, 4942
pause-pod-1-22, 1764633291749, 1764633296748, 4999
pause-pod-1-23, 1764633291753, 1764633296808, 5055
pause-pod-1-24, 1764633291779, 1764633296872, 5093
pause-pod-1-25, 1764633291785, 1764633296933, 5148
pause-pod-1-26, 1764633291789, 1764633296996, 5207
pause-pod-1-27, 1764633291814, 1764633297054, 5240
pause-pod-1-28, 1764633291826, 1764633297117, 5291
pause-pod-1-29, 1764633291834, 1764633297178, 5344
pause-pod-1-30, 1764633291847, 1764633297237, 5390
pause-pod-1-31, 1764633291872, 1764633297296, 5424
pause-pod-1-32, 1764633291894, 1764633297357, 5463
pause-pod-1-33, 1764633291907, 1764633297417, 5510
pause-pod-1-34, 1764633291926, 1764633297480, 5554
pause-pod-1-35, 1764633291933, 1764633297543, 5610
pause-pod-1-36, 1764633291938, 1764633297606, 5668
pause-pod-1-37, 1764633291953, 1764633297664, 5711
pause-pod-1-38, 1764633291958, 1764633297723, 5765
pause-pod-1-39, 1764633291963, 1764633297783, 5820
pause-pod-1-40, 1764633291967, 1764633297844, 5877
pause-pod-1-41, 1764633291973, 1764633297903, 5930
pause-pod-1-42, 1764633292000, 1764633297962, 5962
pause-pod-1-43, 1764633292012, 1764633298020, 6008
pause-pod-1-44, 1764633292021, 1764633298078, 6057
pause-pod-1-45, 1764633292040, 1764633298140, 6100
pause-pod-1-46, 1764633292045, 1764633298199, 6154
pause-pod-1-47, 1764633292049, 1764633298257, 6208
pause-pod-1-48, 1764633292057, 1764633298315, 6258
pause-pod-1-49, 1764633292069, 1764633298377, 6308
pause-pod-1-50, 1764633292088, 1764633298441, 6353
pause-pod-1-51, 1764633292097, 1764633298501, 6404
pause-pod-1-52, 1764633292147, 1764633298560, 6413
pause-pod-1-53, 1764633292170, 1764633298618, 6448
pause-pod-1-54, 1764633292187, 1764633298676, 6489
pause-pod-1-55, 1764633292192, 1764633298733, 6541
pause-pod-1-56, 1764633292206, 1764633298790, 6584
pause-pod-1-57, 1764633292236, 1764633298847, 6611
pause-pod-1-58, 1764633292243, 1764633298906, 6663
pause-pod-1-59, 1764633292255, 1764633298964, 6709
pause-pod-1-60, 1764633292270, 1764633299022, 6752
pause-pod-1-61, 1764633292278, 1764633299080, 6802
pause-pod-1-62, 1764633292300, 1764633299138, 6838
pause-pod-1-63, 1764633292303, 1764633299196, 6893
pause-pod-1-64, 1764633292343, 1764633299253, 6910
pause-pod-1-65, 1764633292351, 1764633299310, 6959
pause-pod-1-66, 1764633292363, 1764633299367, 7004
pause-pod-1-67, 1764633292381, 1764633299425, 7044
pause-pod-1-68, 1764633292393, 1764633299484, 7091
pause-pod-1-69, 1764633292405, 1764633299541, 7136
pause-pod-1-70, 1764633292409, 1764633299598, 7189
pause-pod-1-71, 1764633292419, 1764633299656, 7237
pause-pod-1-72, 1764633292426, 1764633299713, 7287
pause-pod-1-73, 1764633292436, 1764633299770, 7334
pause-pod-1-74, 1764633292446, 1764633299828, 7382
pause-pod-1-75, 1764633292472, 1764633299885, 7413
pause-pod-1-76, 1764633292476, 1764633299944, 7468
pause-pod-1-77, 1764633292504, 1764633300002, 7498
pause-pod-1-78, 1764633292509, 1764633300058, 7549
pause-pod-1-79, 1764633292526, 1764633300116, 7590
pause-pod-1-80, 1764633292533, 1764633300173, 7640
pause-pod-1-81, 1764633292545, 1764633300232, 7687
pause-pod-1-82, 1764633292557, 1764633300289, 7732
pause-pod-1-83, 1764633292622, 1764633300347, 7725
pause-pod-1-84, 1764633292632, 1764633300404, 7772
pause-pod-1-85, 1764633292641, 1764633300462, 7821
pause-pod-1-86, 1764633292648, 1764633300525, 7877
pause-pod-1-87, 1764633292659, 1764633300583, 7924
pause-pod-1-88, 1764633292665, 1764633300640, 7975
pause-pod-1-89, 1764633292680, 1764633300698, 8018
pause-pod-1-90, 1764633292737, 1764633300756, 8019
pause-pod-1-91, 1764633292752, 1764633300814, 8062
pause-pod-1-92, 1764633292770, 1764633300872, 8102
pause-pod-1-93, 1764633292778, 1764633300930, 8152
pause-pod-1-94, 1764633292790, 1764633300987, 8197
pause-pod-1-95, 1764633292797, 1764633301044, 8247
pause-pod-1-96, 1764633292806, 1764633301101, 8295
pause-pod-1-97, 1764633292870, 1764633301158, 8288
pause-pod-1-98, 1764633292875, 1764633301216, 8341
pause-pod-1-99, 1764633292892, 1764633301276, 8384
pause-pod-1-100, 1764633292899, 1764633301334, 8435
pause-pod-1-101, 1764633292919, 1764633301391, 8472
pause-pod-1-102, 1764633292926, 1764633301449, 8523
pause-pod-1-103, 1764633292956, 1764633301505, 8549
pause-pod-1-104, 1764633292976, 1764633301563, 8587
pause-pod-1-105, 1764633292985, 1764633301620, 8635
pause-pod-1-106, 1764633293000, 1764633301678, 8678
pause-pod-1-107, 1764633293004, 1764633301739, 8735
pause-pod-1-108, 1764633293038, 1764633301795, 8757
pause-pod-1-109, 1764633293043, 1764633301850, 8807
pause-pod-1-110, 1764633293069, 1764633301908, 8839
pause-pod-1-111, 1764633293094, 1764633301964, 8870
pause-pod-1-112, 1764633293115, 1764633302022, 8907
pause-pod-1-113, 1764633293139, 1764633302079, 8940
pause-pod-1-114, 1764633293143, 1764633302138, 8995
pause-pod-1-115, 1764633293150, 1764633302195, 9045
pause-pod-1-116, 1764633293165, 1764633302253, 9088
pause-pod-1-117, 1764633293200, 1764633302311, 9111
pause-pod-1-118, 1764633293205, 1764633302368, 9163
pause-pod-1-119, 1764633293217, 1764633302426, 9209
pause-pod-1-120, 1764633293224, 1764633302482, 9258
pause-pod-1-121, 1764633293238, 1764633302540, 9302
pause-pod-1-122, 1764633293292, 1764633302597, 9305
pause-pod-1-123, 1764633293298, 1764633302657, 9359
pause-pod-1-124, 1764633293321, 1764633302714, 9393
pause-pod-1-125, 1764633293326, 1764633302771, 9445
pause-pod-1-126, 1764633293341, 1764633302827, 9486
pause-pod-1-127, 1764633293361, 1764633302885, 9524
pause-pod-1-128, 1764633293380, 1764633302942, 9562
pause-pod-1-129, 1764633293397, 1764633303000, 9603
pause-pod-1-130, 1764633293411, 1764633303058, 9647
pause-pod-1-131, 1764633293457, 1764633303116, 9659
pause-pod-1-132, 1764633293475, 1764633303173, 9698
pause-pod-1-133, 1764633293483, 1764633303232, 9749
pause-pod-1-134, 1764633293489, 1764633303289, 9800
pause-pod-1-135, 1764633293510, 1764633303346, 9836
pause-pod-1-136, 1764633293517, 1764633303404, 9887
pause-pod-1-137, 1764633293529, 1764633303462, 9933
pause-pod-1-138, 1764633293538, 1764633303519, 9981
pause-pod-1-139, 1764633293543, 1764633303577, 10034
pause-pod-1-140, 1764633293561, 1764633303634, 10073
pause-pod-1-141, 1764633293601, 1764633303692, 10091
pause-pod-1-142, 1764633293635, 1764633303750, 10115
pause-pod-1-143, 1764633293648, 1764633303806, 10158
pause-pod-1-144, 1764633293656, 1764633303863, 10207
pause-pod-1-145, 1764633293681, 1764633303922, 10241
pause-pod-1-146, 1764633293693, 1764633303979, 10286
pause-pod-1-147, 1764633293737, 1764633304037, 10300
pause-pod-1-148, 1764633293766, 1764633304094, 10328
pause-pod-1-149, 1764633293789, 1764633304150, 10361
pause-pod-1-150, 1764633293796, 1764633304207, 10411
pause-pod-2-1, 1764633396845, 1764633399491, 2646
pause-pod-2-2, 1764633396848, 1764633399621, 2773
pause-pod-2-3, 1764633396850, 1764633400060, 3210
pause-pod-2-4, 1764633396852, 1764633400178, 3326
pause-pod-2-5, 1764633396854, 1764633400257, 3403
pause-pod-2-6, 1764633396857, 1764633400330, 3473
pause-pod-2-7, 1764633396860, 1764633400425, 3565
pause-pod-2-8, 1764633396863, 1764633400510, 3647
pause-pod-2-9, 1764633396866, 1764633400577, 3711
pause-pod-2-10, 1764633396868, 1764633400656, 3788
pause-pod-2-11, 1764633396871, 1764633400728, 3857
pause-pod-2-12, 1764633396875, 1764633400795, 3920
pause-pod-2-13, 1764633396879, 1764633400862, 3983
pause-pod-2-14, 1764633396882, 1764633400924, 4042
pause-pod-2-15, 1764633396885, 1764633400985, 4100
pause-pod-2-16, 1764633396889, 1764633401043, 4154
pause-pod-2-17, 1764633396893, 1764633401105, 4212
pause-pod-2-18, 1764633396899, 1764633401164, 4265
pause-pod-2-19, 1764633396921, 1764633401221, 4300
pause-pod-2-20, 1764633396924, 1764633401280, 4356
pause-pod-2-21, 1764633396928, 1764633401337, 4409
pause-pod-2-22, 1764633396934, 1764633401394, 4460
pause-pod-2-23, 1764633396937, 1764633401452, 4515
pause-pod-2-24, 1764633396950, 1764633401517, 4567
pause-pod-2-25, 1764633396955, 1764633401578, 4623
pause-pod-2-26, 1764633396966, 1764633401636, 4670
pause-pod-2-27, 1764633396985, 1764633401694, 4709
pause-pod-2-28, 1764633397026, 1764633401752, 4726
pause-pod-2-29, 1764633397039, 1764633401811, 4772
pause-pod-2-30, 1764633397071, 1764633401870, 4799
pause-pod-2-31, 1764633397101, 1764633401931, 4830
pause-pod-2-32, 1764633397107, 1764633401992, 4885
pause-pod-2-33, 1764633397124, 1764633402049, 4925
pause-pod-2-34, 1764633397135, 1764633402109, 4974
pause-pod-2-35, 1764633397141, 1764633402167, 5026
pause-pod-2-36, 1764633397173, 1764633402225, 5052
pause-pod-2-37, 1764633397178, 1764633402284, 5106
pause-pod-2-38, 1764633397183, 1764633402344, 5161
pause-pod-2-39, 1764633397195, 1764633402401, 5206
pause-pod-2-40, 1764633397206, 1764633402462, 5256
pause-pod-2-41, 1764633397214, 1764633402520, 5306
pause-pod-2-42, 1764633397230, 1764633402579, 5349
pause-pod-2-43, 1764633397244, 1764633402638, 5394
pause-pod-2-44, 1764633397247, 1764633402695, 5448
pause-pod-2-45, 1764633397285, 1764633402754, 5469
pause-pod-2-46, 1764633397296, 1764633402812, 5516
pause-pod-2-47, 1764633397329, 1764633402870, 5541
pause-pod-2-48, 1764633397333, 1764633402928, 5595
pause-pod-2-49, 1764633397339, 1764633402986, 5647
pause-pod-2-50, 1764633397346, 1764633403045, 5699
pause-pod-2-51, 1764633397366, 1764633403105, 5739
pause-pod-2-52, 1764633397377, 1764633403166, 5789
pause-pod-2-53, 1764633397381, 1764633403232, 5851
pause-pod-2-54, 1764633397414, 1764633403289, 5875
pause-pod-2-55, 1764633397438, 1764633403346, 5908
pause-pod-2-56, 1764633397490, 1764633403404, 5914
pause-pod-2-57, 1764633397497, 1764633403463, 5966
pause-pod-2-58, 1764633397523, 1764633403522, 5999
pause-pod-2-59, 1764633397558, 1764633403581, 6023
pause-pod-2-60, 1764633397562, 1764633403640, 6078
pause-pod-2-61, 1764633397568, 1764633403700, 6132
pause-pod-2-62, 1764633397576, 1764633403759, 6183
pause-pod-2-63, 1764633397586, 1764633403818, 6232
pause-pod-2-64, 1764633397608, 1764633403877, 6269
pause-pod-2-65, 1764633397613, 1764633403937, 6324
pause-pod-2-66, 1764633397619, 1764633403995, 6376
pause-pod-2-67, 1764633397626, 1764633404056, 6430
pause-pod-2-68, 1764633397630, 1764633404117, 6487
pause-pod-2-69, 1764633397643, 1764633404177, 6534
pause-pod-2-70, 1764633397658, 1764633404235, 6577
pause-pod-2-71, 1764633397671, 1764633404293, 6622
pause-pod-2-72, 1764633397704, 1764633404352, 6648
pause-pod-2-73, 1764633397715, 1764633404412, 6697
pause-pod-2-74, 1764633397741, 1764633404471, 6730
pause-pod-2-75, 1764633397750, 1764633404529, 6779
pause-pod-2-76, 1764633397788, 1764633404587, 6799
pause-pod-2-77, 1764633397805, 1764633404644, 6839
pause-pod-2-78, 1764633397812, 1764633404705, 6893
pause-pod-2-79, 1764633397832, 1764633404788, 6956
pause-pod-2-80, 1764633397839, 1764633404847, 7008
pause-pod-2-81, 1764633397849, 1764633404905, 7056
pause-pod-2-82, 1764633397873, 1764633404963, 7090
pause-pod-2-83, 1764633397880, 1764633405021, 7141
pause-pod-2-84, 1764633397931, 1764633405079, 7148
pause-pod-2-85, 1764633397937, 1764633405136, 7199
pause-pod-2-86, 1764633397956, 1764633405193, 7237
pause-pod-2-87, 1764633397962, 1764633405252, 7290
pause-pod-2-88, 1764633397969, 1764633405310, 7341
pause-pod-2-89, 1764633398000, 1764633405368, 7368
pause-pod-2-90, 1764633398019, 1764633405425, 7406
pause-pod-2-91, 1764633398030, 1764633405484, 7454
pause-pod-2-92, 1764633398042, 1764633405541, 7499
pause-pod-2-93, 1764633398070, 1764633405599, 7529
pause-pod-2-94, 1764633398093, 1764633405657, 7564
pause-pod-2-95, 1764633398153, 1764633405716, 7563
pause-pod-2-96, 1764633398164, 1764633405774, 7610
pause-pod-2-97, 1764633398168, 1764633405834, 7666
pause-pod-2-98, 1764633398178, 1764633405892, 7714
pause-pod-2-99, 1764633398196, 1764633405950, 7754
pause-pod-2-100, 1764633398210, 1764633406007, 7797
pause-pod-2-101, 1764633398260, 1764633406064, 7804
pause-pod-2-102, 1764633398276, 1764633406122, 7846
pause-pod-2-103, 1764633398281, 1764633406181, 7900
pause-pod-2-104, 1764633398287, 1764633406239, 7952
pause-pod-2-105, 1764633398304, 1764633406297, 7993
pause-pod-2-106, 1764633398313, 1764633406356, 8043
pause-pod-2-107, 1764633398331, 1764633406413, 8082
pause-pod-2-108, 1764633398353, 1764633406471, 8118
pause-pod-2-109, 1764633398364, 1764633406528, 8164
pause-pod-2-110, 1764633398375, 1764633406585, 8210
pause-pod-2-111, 1764633398390, 1764633406643, 8253
pause-pod-2-112, 1764633398403, 1764633406700, 8297
pause-pod-2-113, 1764633398424, 1764633406757, 8333
pause-pod-2-114, 1764633398436, 1764633406816, 8380
pause-pod-2-115, 1764633398444, 1764633406873, 8429
pause-pod-2-116, 1764633398455, 1764633406930, 8475
pause-pod-2-117, 1764633398469, 1764633406988, 8519
pause-pod-2-118, 1764633398477, 1764633407045, 8568
pause-pod-2-119, 1764633398481, 1764633407104, 8623
pause-pod-2-120, 1764633398492, 1764633407161, 8669
pause-pod-2-121, 1764633398502, 1764633407221, 8719
pause-pod-2-122, 1764633398521, 1764633407280, 8759
pause-pod-2-123, 1764633398536, 1764633407338, 8802
pause-pod-2-124, 1764633398562, 1764633407395, 8833
pause-pod-2-125, 1764633398592, 1764633407452, 8860
pause-pod-2-126, 1764633398614, 1764633407510, 8896
pause-pod-2-127, 1764633398621, 1764633407569, 8948
pause-pod-2-128, 1764633398641, 1764633407627, 8986
pause-pod-2-129, 1764633398651, 1764633407685, 9034
pause-pod-2-130, 1764633398657, 1764633407742, 9085
pause-pod-2-131, 1764633398671, 1764633407800, 9129
pause-pod-2-132, 1764633398690, 1764633407858, 9168
pause-pod-2-133, 1764633398694, 1764633407916, 9222
pause-pod-2-134, 1764633398714, 1764633407974, 9260
pause-pod-2-135, 1764633398738, 1764633408031, 9293
pause-pod-2-136, 1764633398818, 1764633408089, 9271
pause-pod-2-137, 1764633398837, 1764633408148, 9311
pause-pod-2-138, 1764633398852, 1764633408206, 9354
pause-pod-2-139, 1764633398880, 1764633408280, 9400
pause-pod-2-140, 1764633398918, 1764633408339, 9421
pause-pod-2-141, 1764633398932, 1764633408396, 9464
pause-pod-2-142, 1764633398937, 1764633408454, 9517
pause-pod-2-143, 1764633398945, 1764633408513, 9568
pause-pod-2-144, 1764633398953, 1764633408570, 9617
pause-pod-2-145, 1764633398971, 1764633408627, 9656
pause-pod-2-146, 1764633398991, 1764633408686, 9695
pause-pod-2-147, 1764633399015, 1764633408744, 9729
pause-pod-2-148, 1764633399025, 1764633408802, 9777
pause-pod-2-149, 1764633399052, 1764633408861, 9809
pause-pod-2-150, 1764633399078, 1764633408919, 9841
pause-pod-3-1, 1764633501632, 1764633504189, 2557
pause-pod-3-2, 1764633501636, 1764633504285, 2649
pause-pod-3-3, 1764633501638, 1764633505141, 3503
pause-pod-3-4, 1764633501641, 1764633505230, 3589
pause-pod-3-5, 1764633501643, 1764633505301, 3658
pause-pod-3-6, 1764633501648, 1764633505369, 3721
pause-pod-3-7, 1764633501655, 1764633505434, 3779
pause-pod-3-8, 1764633501658, 1764633505504, 3846
pause-pod-3-9, 1764633501662, 1764633505576, 3914
pause-pod-3-10, 1764633501668, 1764633505658, 3990
pause-pod-3-11, 1764633501672, 1764633505730, 4058
pause-pod-3-12, 1764633501675, 1764633505801, 4126
pause-pod-3-13, 1764633501679, 1764633505864, 4185
pause-pod-3-14, 1764633501684, 1764633505953, 4269
pause-pod-3-15, 1764633501688, 1764633506024, 4336
pause-pod-3-16, 1764633501691, 1764633506094, 4403
pause-pod-3-17, 1764633501694, 1764633506165, 4471
pause-pod-3-18, 1764633501709, 1764633506235, 4526
pause-pod-3-19, 1764633501733, 1764633506296, 4563
pause-pod-3-20, 1764633501747, 1764633506359, 4612
pause-pod-3-21, 1764633501751, 1764633506421, 4670
pause-pod-3-22, 1764633501754, 1764633506483, 4729
pause-pod-3-23, 1764633501759, 1764633506549, 4790
pause-pod-3-24, 1764633501774, 1764633506612, 4838
pause-pod-3-25, 1764633501792, 1764633506673, 4881
pause-pod-3-26, 1764633501811, 1764633506734, 4923
pause-pod-3-27, 1764633501817, 1764633506797, 4980
pause-pod-3-28, 1764633501852, 1764633506859, 5007
pause-pod-3-29, 1764633501878, 1764633506920, 5042
pause-pod-3-30, 1764633501885, 1764633506984, 5099
pause-pod-3-31, 1764633501898, 1764633507044, 5146
pause-pod-3-32, 1764633501911, 1764633507106, 5195
pause-pod-3-33, 1764633501925, 1764633507181, 5256
pause-pod-3-34, 1764633501934, 1764633507240, 5306
pause-pod-3-35, 1764633501950, 1764633507299, 5349
pause-pod-3-36, 1764633501971, 1764633507357, 5386
pause-pod-3-37, 1764633501982, 1764633507416, 5434
pause-pod-3-38, 1764633501999, 1764633507474, 5475
pause-pod-3-39, 1764633502013, 1764633507532, 5519
pause-pod-3-40, 1764633502026, 1764633507589, 5563
pause-pod-3-41, 1764633502040, 1764633507648, 5608
pause-pod-3-42, 1764633502050, 1764633507707, 5657
pause-pod-3-43, 1764633502054, 1764633507769, 5715
pause-pod-3-44, 1764633502066, 1764633507828, 5762
pause-pod-3-45, 1764633502070, 1764633507885, 5815
pause-pod-3-46, 1764633502074, 1764633507944, 5870
pause-pod-3-47, 1764633502077, 1764633508002, 5925
pause-pod-3-48, 1764633502096, 1764633508061, 5965
pause-pod-3-49, 1764633502101, 1764633508125, 6024
pause-pod-3-50, 1764633502113, 1764633508185, 6072
pause-pod-3-51, 1764633502129, 1764633508243, 6114
pause-pod-3-52, 1764633502137, 1764633508301, 6164
pause-pod-3-53, 1764633502144, 1764633508365, 6221
pause-pod-3-54, 1764633502163, 1764633508423, 6260
pause-pod-3-55, 1764633502182, 1764633508481, 6299
pause-pod-3-56, 1764633502190, 1764633508542, 6352
pause-pod-3-57, 1764633502209, 1764633508600, 6391
pause-pod-3-58, 1764633502220, 1764633508658, 6438
pause-pod-3-59, 1764633502227, 1764633508718, 6491
pause-pod-3-60, 1764633502255, 1764633508776, 6521
pause-pod-3-61, 1764633502283, 1764633508836, 6553
pause-pod-3-62, 1764633502312, 1764633508892, 6580
pause-pod-3-63, 1764633502366, 1764633508949, 6583
pause-pod-3-64, 1764633502392, 1764633509007, 6615
pause-pod-3-65, 1764633502415, 1764633509065, 6650
pause-pod-3-66, 1764633502424, 1764633509130, 6706
pause-pod-3-67, 1764633502428, 1764633509189, 6761
pause-pod-3-68, 1764633502442, 1764633509247, 6805
pause-pod-3-69, 1764633502448, 1764633509306, 6858
pause-pod-3-70, 1764633502472, 1764633509364, 6892
pause-pod-3-71, 1764633502479, 1764633509422, 6943
pause-pod-3-72, 1764633502486, 1764633509480, 6994
pause-pod-3-73, 1764633502502, 1764633509538, 7036
pause-pod-3-74, 1764633502512, 1764633509596, 7084
pause-pod-3-75, 1764633502516, 1764633509654, 7138
pause-pod-3-76, 1764633502538, 1764633509712, 7174
pause-pod-3-77, 1764633502567, 1764633509771, 7204
pause-pod-3-78, 1764633502574, 1764633509830, 7256
pause-pod-3-79, 1764633502585, 1764633509887, 7302
pause-pod-3-80, 1764633502591, 1764633509946, 7355
pause-pod-3-81, 1764633502616, 1764633510004, 7388
pause-pod-3-82, 1764633502624, 1764633510063, 7439
pause-pod-3-83, 1764633502671, 1764633510122, 7451
pause-pod-3-84, 1764633502678, 1764633510180, 7502
pause-pod-3-85, 1764633502693, 1764633510241, 7548
pause-pod-3-86, 1764633502708, 1764633510299, 7591
pause-pod-3-87, 1764633502719, 1764633510357, 7638
pause-pod-3-88, 1764633502733, 1764633510416, 7683
pause-pod-3-89, 1764633502764, 1764633510476, 7712
pause-pod-3-90, 1764633502771, 1764633510534, 7763
pause-pod-3-91, 1764633502775, 1764633510591, 7816
pause-pod-3-92, 1764633502786, 1764633510650, 7864
pause-pod-3-93, 1764633502794, 1764633510708, 7914
pause-pod-3-94, 1764633502803, 1764633510772, 7969
pause-pod-3-95, 1764633502811, 1764633510845, 8034
pause-pod-3-96, 1764633502829, 1764633510902, 8073
pause-pod-3-97, 1764633502850, 1764633510959, 8109
pause-pod-3-98, 1764633502866, 1764633511021, 8155
pause-pod-3-99, 1764633502873, 1764633511079, 8206
pause-pod-3-100, 1764633502880, 1764633511136, 8256
pause-pod-3-101, 1764633502885, 1764633511194, 8309
pause-pod-3-102, 1764633502889, 1764633511251, 8362
pause-pod-3-103, 1764633502895, 1764633511311, 8416
pause-pod-3-104, 1764633502914, 1764633511369, 8455
pause-pod-3-105, 1764633502926, 1764633511430, 8504
pause-pod-3-106, 1764633502939, 1764633511496, 8557
pause-pod-3-107, 1764633502950, 1764633511559, 8609
pause-pod-3-108, 1764633502974, 1764633511617, 8643
pause-pod-3-109, 1764633502983, 1764633511677, 8694
pause-pod-3-110, 1764633503011, 1764633511737, 8726
pause-pod-3-111, 1764633503057, 1764633511795, 8738
pause-pod-3-112, 1764633503094, 1764633511852, 8758
pause-pod-3-113, 1764633503110, 1764633511910, 8800
pause-pod-3-114, 1764633503123, 1764633511968, 8845
pause-pod-3-115, 1764633503165, 1764633512027, 8862
pause-pod-3-116, 1764633503184, 1764633512085, 8901
pause-pod-3-117, 1764633503209, 1764633512144, 8935
pause-pod-3-118, 1764633503217, 1764633512203, 8986
pause-pod-3-119, 1764633503234, 1764633512261, 9027
pause-pod-3-120, 1764633503238, 1764633512318, 9080
pause-pod-3-121, 1764633503242, 1764633512375, 9133
pause-pod-3-122, 1764633503247, 1764633512433, 9186
pause-pod-3-123, 1764633503264, 1764633512491, 9227
pause-pod-3-124, 1764633503277, 1764633512549, 9272
pause-pod-3-125, 1764633503287, 1764633512613, 9326
pause-pod-3-126, 1764633503326, 1764633512672, 9346
pause-pod-3-127, 1764633503339, 1764633512732, 9393
pause-pod-3-128, 1764633503400, 1764633512791, 9391
pause-pod-3-129, 1764633503444, 1764633512851, 9407
pause-pod-3-130, 1764633503447, 1764633512911, 9464
pause-pod-3-131, 1764633503454, 1764633512969, 9515
pause-pod-3-132, 1764633503467, 1764633513028, 9561
pause-pod-3-133, 1764633503481, 1764633513088, 9607
pause-pod-3-134, 1764633503500, 1764633513145, 9645
pause-pod-3-135, 1764633503507, 1764633513206, 9699
pause-pod-3-136, 1764633503529, 1764633513264, 9735
pause-pod-3-137, 1764633503552, 1764633513323, 9771
pause-pod-3-138, 1764633503578, 1764633513381, 9803
pause-pod-3-139, 1764633503591, 1764633513441, 9850
pause-pod-3-140, 1764633503613, 1764633513500, 9887
pause-pod-3-141, 1764633503636, 1764633513558, 9922
pause-pod-3-142, 1764633503687, 1764633513615, 9928
pause-pod-3-143, 1764633503695, 1764633513673, 9978
pause-pod-3-144, 1764633503712, 1764633513733, 10021
pause-pod-3-145, 1764633503730, 1764633513793, 10063
pause-pod-3-146, 1764633503761, 1764633513852, 10091
pause-pod-3-147, 1764633503812, 1764633513916, 10104
pause-pod-3-148, 1764633503839, 1764633513989, 10150
pause-pod-3-149, 1764633503845, 1764633514047, 10202
pause-pod-3-150, 1764633503853, 1764633514126, 10273
pause-pod-4-1, 1764633606669, 1764633609220, 2551
pause-pod-4-2, 1764633606671, 1764633609337, 2666
pause-pod-4-3, 1764633606674, 1764633609413, 2739
pause-pod-4-4, 1764633606676, 1764633609521, 2845
pause-pod-4-5, 1764633606678, 1764633609595, 2917
pause-pod-4-6, 1764633606681, 1764633609679, 2998
pause-pod-4-7, 1764633606683, 1764633609774, 3091
pause-pod-4-8, 1764633606685, 1764633609846, 3161
pause-pod-4-9, 1764633606688, 1764633609910, 3222
pause-pod-4-10, 1764633606691, 1764633609975, 3284
pause-pod-4-11, 1764633606694, 1764633610035, 3341
pause-pod-4-12, 1764633606697, 1764633610096, 3399
pause-pod-4-13, 1764633606701, 1764633610163, 3462
pause-pod-4-14, 1764633606705, 1764633610238, 3533
pause-pod-4-15, 1764633606709, 1764633610312, 3603
pause-pod-4-16, 1764633606713, 1764633610383, 3670
pause-pod-4-17, 1764633606720, 1764633610455, 3735
pause-pod-4-18, 1764633606723, 1764633610522, 3799
pause-pod-4-19, 1764633606727, 1764633610592, 3865
pause-pod-4-20, 1764633606731, 1764633610657, 3926
pause-pod-4-21, 1764633606740, 1764633610719, 3979
pause-pod-4-22, 1764633606750, 1764633610780, 4030
pause-pod-4-23, 1764633606755, 1764633610841, 4086
pause-pod-4-24, 1764633606762, 1764633610900, 4138
pause-pod-4-25, 1764633606775, 1764633610958, 4183
pause-pod-4-26, 1764633606781, 1764633611017, 4236
pause-pod-4-27, 1764633606786, 1764633611075, 4289
pause-pod-4-28, 1764633606790, 1764633611143, 4353
pause-pod-4-29, 1764633606827, 1764633611204, 4377
pause-pod-4-30, 1764633606834, 1764633611268, 4434
pause-pod-4-31, 1764633606863, 1764633611329, 4466
pause-pod-4-32, 1764633606893, 1764633611388, 4495
pause-pod-4-33, 1764633606900, 1764633611483, 4583
pause-pod-4-34, 1764633606908, 1764633611543, 4635
pause-pod-4-35, 1764633606933, 1764633611601, 4668
pause-pod-4-36, 1764633606943, 1764633611659, 4716
pause-pod-4-37, 1764633606948, 1764633611717, 4769
pause-pod-4-38, 1764633606951, 1764633611780, 4829
pause-pod-4-39, 1764633606962, 1764633611839, 4877
pause-pod-4-40, 1764633606972, 1764633611897, 4925
pause-pod-4-41, 1764633606983, 1764633611955, 4972
pause-pod-4-42, 1764633606987, 1764633612014, 5027
pause-pod-4-43, 1764633607008, 1764633612073, 5065
pause-pod-4-44, 1764633607022, 1764633612132, 5110
pause-pod-4-45, 1764633607033, 1764633612192, 5159
pause-pod-4-46, 1764633607053, 1764633612250, 5197
pause-pod-4-47, 1764633607070, 1764633612311, 5241
pause-pod-4-48, 1764633607089, 1764633612368, 5279
pause-pod-4-49, 1764633607095, 1764633612427, 5332
pause-pod-4-50, 1764633607105, 1764633612488, 5383
pause-pod-4-51, 1764633607143, 1764633612548, 5405
pause-pod-4-52, 1764633607170, 1764633612607, 5437
pause-pod-4-53, 1764633607194, 1764633612665, 5471
pause-pod-4-54, 1764633607207, 1764633612724, 5517
pause-pod-4-55, 1764633607215, 1764633612783, 5568
pause-pod-4-56, 1764633607225, 1764633612841, 5616
pause-pod-4-57, 1764633607228, 1764633612901, 5673
pause-pod-4-58, 1764633607233, 1764633612962, 5729
pause-pod-4-59, 1764633607270, 1764633613021, 5751
pause-pod-4-60, 1764633607278, 1764633613079, 5801
pause-pod-4-61, 1764633607283, 1764633613137, 5854
pause-pod-4-62, 1764633607296, 1764633613195, 5899
pause-pod-4-63, 1764633607328, 1764633613253, 5925
pause-pod-4-64, 1764633607360, 1764633613311, 5951
pause-pod-4-65, 1764633607388, 1764633613369, 5981
pause-pod-4-66, 1764633607398, 1764633613429, 6031
pause-pod-4-67, 1764633607406, 1764633613488, 6082
pause-pod-4-68, 1764633607412, 1764633613547, 6135
pause-pod-4-69, 1764633607425, 1764633613605, 6180
pause-pod-4-70, 1764633607431, 1764633613664, 6233
pause-pod-4-71, 1764633607434, 1764633613723, 6289
pause-pod-4-72, 1764633607439, 1764633613781, 6342
pause-pod-4-73, 1764633607442, 1764633613840, 6398
pause-pod-4-74, 1764633607465, 1764633613899, 6434
pause-pod-4-75, 1764633607479, 1764633613957, 6478
pause-pod-4-76, 1764633607500, 1764633614015, 6515
pause-pod-4-77, 1764633607510, 1764633614073, 6563
pause-pod-4-78, 1764633607532, 1764633614139, 6607
pause-pod-4-79, 1764633607548, 1764633614199, 6651
pause-pod-4-80, 1764633607563, 1764633614260, 6697
pause-pod-4-81, 1764633607606, 1764633614321, 6715
pause-pod-4-82, 1764633607619, 1764633614379, 6760
pause-pod-4-83, 1764633607632, 1764633614437, 6805
pause-pod-4-84, 1764633607651, 1764633614495, 6844
pause-pod-4-85, 1764633607661, 1764633614554, 6893
pause-pod-4-86, 1764633607678, 1764633614614, 6936
pause-pod-4-87, 1764633607713, 1764633614674, 6961
pause-pod-4-88, 1764633607731, 1764633614732, 7001
pause-pod-4-89, 1764633607743, 1764633614790, 7047
pause-pod-4-90, 1764633607751, 1764633614847, 7096
pause-pod-4-91, 1764633607755, 1764633614906, 7151
pause-pod-4-92, 1764633607792, 1764633614965, 7173
pause-pod-4-93, 1764633607810, 1764633615027, 7217
pause-pod-4-94, 1764633607830, 1764633615086, 7256
pause-pod-4-95, 1764633607852, 1764633615144, 7292
pause-pod-4-96, 1764633607888, 1764633615202, 7314
pause-pod-4-97, 1764633607913, 1764633615261, 7348
pause-pod-4-98, 1764633607937, 1764633615321, 7384
pause-pod-4-99, 1764633607953, 1764633615379, 7426
pause-pod-4-100, 1764633607971, 1764633615437, 7466
pause-pod-4-101, 1764633607977, 1764633615495, 7518
pause-pod-4-102, 1764633607999, 1764633615554, 7555
pause-pod-4-103, 1764633608029, 1764633615613, 7584
pause-pod-4-104, 1764633608036, 1764633615671, 7635
pause-pod-4-105, 1764633608069, 1764633615730, 7661
pause-pod-4-106, 1764633608073, 1764633615788, 7715
pause-pod-4-107, 1764633608087, 1764633615845, 7758
pause-pod-4-108, 1764633608099, 1764633615903, 7804
pause-pod-4-109, 1764633608116, 1764633615962, 7846
pause-pod-4-110, 1764633608123, 1764633616021, 7898
pause-pod-4-111, 1764633608177, 1764633616080, 7903
pause-pod-4-112, 1764633608194, 1764633616139, 7945
pause-pod-4-113, 1764633608207, 1764633616198, 7991
pause-pod-4-114, 1764633608225, 1764633616257, 8032
pause-pod-4-115, 1764633608236, 1764633616316, 8080
pause-pod-4-116, 1764633608249, 1764633616375, 8126
pause-pod-4-117, 1764633608257, 1764633616434, 8177
pause-pod-4-118, 1764633608268, 1764633616494, 8226
pause-pod-4-119, 1764633608276, 1764633616552, 8276
pause-pod-4-120, 1764633608293, 1764633616610, 8317
pause-pod-4-121, 1764633608307, 1764633616672, 8365
pause-pod-4-122, 1764633608318, 1764633616732, 8414
pause-pod-4-123, 1764633608341, 1764633616791, 8450
pause-pod-4-124, 1764633608351, 1764633616850, 8499
pause-pod-4-125, 1764633608356, 1764633616908, 8552
pause-pod-4-126, 1764633608400, 1764633616966, 8566
pause-pod-4-127, 1764633608426, 1764633617025, 8599
pause-pod-4-128, 1764633608438, 1764633617084, 8646
pause-pod-4-129, 1764633608507, 1764633617142, 8635
pause-pod-4-130, 1764633608516, 1764633617200, 8684
pause-pod-4-131, 1764633608523, 1764633617258, 8735
pause-pod-4-132, 1764633608529, 1764633617316, 8787
pause-pod-4-133, 1764633608539, 1764633617375, 8836
pause-pod-4-134, 1764633608548, 1764633617433, 8885
pause-pod-4-135, 1764633608560, 1764633617491, 8931
pause-pod-4-136, 1764633608583, 1764633617550, 8967
pause-pod-4-137, 1764633608586, 1764633617608, 9022
pause-pod-4-138, 1764633608629, 1764633617667, 9038
pause-pod-4-139, 1764633608639, 1764633617726, 9087
pause-pod-4-140, 1764633608679, 1764633617784, 9105
pause-pod-4-141, 1764633608741, 1764633617842, 9101
pause-pod-4-142, 1764633608746, 1764633617901, 9155
pause-pod-4-143, 1764633608753, 1764633617960, 9207
pause-pod-4-144, 1764633608763, 1764633618021, 9258
pause-pod-4-145, 1764633608773, 1764633618080, 9307
pause-pod-4-146, 1764633608789, 1764633618141, 9352
pause-pod-4-147, 1764633608810, 1764633618199, 9389
pause-pod-4-148, 1764633608860, 1764633618259, 9399
pause-pod-4-149, 1764633608931, 1764633618317, 9386
pause-pod-4-150, 1764633608958, 1764633618375, 9417
pause-pod-5-1, 1764633710982, 1764633713446, 2464
pause-pod-5-2, 1764633710984, 1764633713551, 2567
pause-pod-5-3, 1764633710987, 1764633713656, 2669
pause-pod-5-4, 1764633710989, 1764633713741, 2752
pause-pod-5-5, 1764633710991, 1764633713808, 2817
pause-pod-5-6, 1764633710994, 1764633713881, 2887
pause-pod-5-7, 1764633710996, 1764633713951, 2955
pause-pod-5-8, 1764633710999, 1764633714023, 3024
pause-pod-5-9, 1764633711002, 1764633714094, 3092
pause-pod-5-10, 1764633711005, 1764633714177, 3172
pause-pod-5-11, 1764633711009, 1764633714257, 3248
pause-pod-5-12, 1764633711012, 1764633714327, 3315
pause-pod-5-13, 1764633711015, 1764633714395, 3380
pause-pod-5-14, 1764633711018, 1764633714464, 3446
pause-pod-5-15, 1764633711027, 1764633714530, 3503
pause-pod-5-16, 1764633711032, 1764633714597, 3565
pause-pod-5-17, 1764633711035, 1764633714663, 3628
pause-pod-5-18, 1764633711061, 1764633714725, 3664
pause-pod-5-19, 1764633711084, 1764633714787, 3703
pause-pod-5-20, 1764633711103, 1764633714851, 3748
pause-pod-5-21, 1764633711115, 1764633714915, 3800
pause-pod-5-22, 1764633711122, 1764633714977, 3855
pause-pod-5-23, 1764633711130, 1764633715039, 3909
pause-pod-5-24, 1764633711138, 1764633715104, 3966
pause-pod-5-25, 1764633711143, 1764633715164, 4021
pause-pod-5-26, 1764633711149, 1764633715227, 4078
pause-pod-5-27, 1764633711163, 1764633715290, 4127
pause-pod-5-28, 1764633711180, 1764633715348, 4168
pause-pod-5-29, 1764633711213, 1764633715409, 4196
pause-pod-5-30, 1764633711227, 1764633715468, 4241
pause-pod-5-31, 1764633711231, 1764633715531, 4300
pause-pod-5-32, 1764633711237, 1764633715588, 4351
pause-pod-5-33, 1764633711241, 1764633715647, 4406
pause-pod-5-34, 1764633711245, 1764633715706, 4461
pause-pod-5-35, 1764633711259, 1764633715765, 4506
pause-pod-5-36, 1764633711262, 1764633715823, 4561
pause-pod-5-37, 1764633711313, 1764633715881, 4568
pause-pod-5-38, 1764633711347, 1764633715939, 4592
pause-pod-5-39, 1764633711352, 1764633715997, 4645
pause-pod-5-40, 1764633711355, 1764633716055, 4700
pause-pod-5-41, 1764633711359, 1764633716118, 4759
pause-pod-5-42, 1764633711363, 1764633716176, 4813
pause-pod-5-43, 1764633711372, 1764633716234, 4862
pause-pod-5-44, 1764633711394, 1764633716291, 4897
pause-pod-5-45, 1764633711401, 1764633716349, 4948
pause-pod-5-46, 1764633711410, 1764633716408, 4998
pause-pod-5-47, 1764633711423, 1764633716466, 5043
pause-pod-5-48, 1764633711437, 1764633716524, 5087
pause-pod-5-49, 1764633711443, 1764633716583, 5140
pause-pod-5-50, 1764633711467, 1764633716640, 5173
pause-pod-5-51, 1764633711471, 1764633716697, 5226
pause-pod-5-52, 1764633711502, 1764633716755, 5253
pause-pod-5-53, 1764633711506, 1764633716811, 5305
pause-pod-5-54, 1764633711526, 1764633716872, 5346
pause-pod-5-55, 1764633711565, 1764633716933, 5368
pause-pod-5-56, 1764633711598, 1764633716992, 5394
pause-pod-5-57, 1764633711602, 1764633717049, 5447
pause-pod-5-58, 1764633711609, 1764633717107, 5498
pause-pod-5-59, 1764633711616, 1764633717165, 5549
pause-pod-5-60, 1764633711668, 1764633717223, 5555
pause-pod-5-61, 1764633711674, 1764633717281, 5607
pause-pod-5-62, 1764633711702, 1764633717340, 5638
pause-pod-5-63, 1764633711727, 1764633717398, 5671
pause-pod-5-64, 1764633711734, 1764633717456, 5722
pause-pod-5-65, 1764633711743, 1764633717513, 5770
pause-pod-5-66, 1764633711755, 1764633717570, 5815
pause-pod-5-67, 1764633711800, 1764633717629, 5829
pause-pod-5-68, 1764633711831, 1764633717687, 5856
pause-pod-5-69, 1764633711844, 1764633717745, 5901
pause-pod-5-70, 1764633711848, 1764633717802, 5954
pause-pod-5-71, 1764633711865, 1764633717861, 5996
pause-pod-5-72, 1764633711869, 1764633717919, 6050
pause-pod-5-73, 1764633711877, 1764633717977, 6100
pause-pod-5-74, 1764633711887, 1764633718035, 6148
pause-pod-5-75, 1764633711892, 1764633718103, 6211
pause-pod-5-76, 1764633711910, 1764633718162, 6252
pause-pod-5-77, 1764633711917, 1764633718221, 6304
pause-pod-5-78, 1764633711932, 1764633718280, 6348
pause-pod-5-79, 1764633711967, 1764633718338, 6371
pause-pod-5-80, 1764633711979, 1764633718398, 6419
pause-pod-5-81, 1764633711989, 1764633718457, 6468
pause-pod-5-82, 1764633712012, 1764633718515, 6503
pause-pod-5-83, 1764633712036, 1764633718574, 6538
pause-pod-5-84, 1764633712062, 1764633718632, 6570
pause-pod-5-85, 1764633712076, 1764633718691, 6615
pause-pod-5-86, 1764633712092, 1764633718748, 6656
pause-pod-5-87, 1764633712117, 1764633718807, 6690
pause-pod-5-88, 1764633712152, 1764633718866, 6714
pause-pod-5-89, 1764633712161, 1764633718926, 6765
pause-pod-5-90, 1764633712165, 1764633718984, 6819
pause-pod-5-91, 1764633712171, 1764633719042, 6871
pause-pod-5-92, 1764633712190, 1764633719101, 6911
pause-pod-5-93, 1764633712210, 1764633719159, 6949
pause-pod-5-94, 1764633712242, 1764633719217, 6975
pause-pod-5-95, 1764633712246, 1764633719275, 7029
pause-pod-5-96, 1764633712311, 1764633719332, 7021
pause-pod-5-97, 1764633712315, 1764633719390, 7075
pause-pod-5-98, 1764633712319, 1764633719448, 7129
pause-pod-5-99, 1764633712322, 1764633719506, 7184
pause-pod-5-100, 1764633712345, 1764633719564, 7219
pause-pod-5-101, 1764633712352, 1764633719623, 7271
pause-pod-5-102, 1764633712364, 1764633719681, 7317
pause-pod-5-103, 1764633712383, 1764633719739, 7356
pause-pod-5-104, 1764633712394, 1764633719796, 7402
pause-pod-5-105, 1764633712405, 1764633719854, 7449
pause-pod-5-106, 1764633712410, 1764633719911, 7501
pause-pod-5-107, 1764633712422, 1764633719969, 7547
pause-pod-5-108, 1764633712426, 1764633720027, 7601
pause-pod-5-109, 1764633712432, 1764633720086, 7654
pause-pod-5-110, 1764633712463, 1764633720144, 7681
pause-pod-5-111, 1764633712497, 1764633720203, 7706
pause-pod-5-112, 1764633712520, 1764633720261, 7741
pause-pod-5-113, 1764633712533, 1764633720319, 7786
pause-pod-5-114, 1764633712543, 1764633720377, 7834
pause-pod-5-115, 1764633712608, 1764633720436, 7828
pause-pod-5-116, 1764633712618, 1764633720494, 7876
pause-pod-5-117, 1764633712630, 1764633720553, 7923
pause-pod-5-118, 1764633712669, 1764633720610, 7941
pause-pod-5-119, 1764633712687, 1764633720668, 7981
pause-pod-5-120, 1764633712692, 1764633720727, 8035
pause-pod-5-121, 1764633712697, 1764633720785, 8088
pause-pod-5-122, 1764633712706, 1764633720844, 8138
pause-pod-5-123, 1764633712718, 1764633720903, 8185
pause-pod-5-124, 1764633712728, 1764633720962, 8234
pause-pod-5-125, 1764633712736, 1764633721020, 8284
pause-pod-5-126, 1764633712752, 1764633721079, 8327
pause-pod-5-127, 1764633712760, 1764633721136, 8376
pause-pod-5-128, 1764633712767, 1764633721195, 8428
pause-pod-5-129, 1764633712774, 1764633721253, 8479
pause-pod-5-130, 1764633712781, 1764633721312, 8531
pause-pod-5-131, 1764633712796, 1764633721372, 8576
pause-pod-5-132, 1764633712818, 1764633721430, 8612
pause-pod-5-133, 1764633712825, 1764633721489, 8664
pause-pod-5-134, 1764633712838, 1764633721548, 8710
pause-pod-5-135, 1764633712851, 1764633721607, 8756
pause-pod-5-136, 1764633712865, 1764633721664, 8799
pause-pod-5-137, 1764633712896, 1764633721721, 8825
pause-pod-5-138, 1764633712931, 1764633721780, 8849
pause-pod-5-139, 1764633712942, 1764633721837, 8895
pause-pod-5-140, 1764633712960, 1764633721895, 8935
pause-pod-5-141, 1764633712975, 1764633721954, 8979
pause-pod-5-142, 1764633712989, 1764633722012, 9023
pause-pod-5-143, 1764633712997, 1764633722071, 9074
pause-pod-5-144, 1764633713006, 1764633722130, 9124
pause-pod-5-145, 1764633713024, 1764633722188, 9164
pause-pod-5-146, 1764633713032, 1764633722246, 9214
pause-pod-5-147, 1764633713045, 1764633722306, 9261
pause-pod-5-148, 1764633713086, 1764633722365, 9279
pause-pod-5-149, 1764633713126, 1764633722422, 9296
pause-pod-5-150, 1764633713155, 1764633722481, 9326
pause-pod-6-1, 1764633814921, 1764633817435, 2514
pause-pod-6-2, 1764633814924, 1764633817531, 2607
pause-pod-6-3, 1764633814926, 1764633817619, 2693
pause-pod-6-4, 1764633814928, 1764633817792, 2864
pause-pod-6-5, 1764633814930, 1764633817898, 2968
pause-pod-6-6, 1764633814933, 1764633818015, 3082
pause-pod-6-7, 1764633814936, 1764633818114, 3178
pause-pod-6-8, 1764633814938, 1764633818189, 3251
pause-pod-6-9, 1764633814941, 1764633818264, 3323
pause-pod-6-10, 1764633814944, 1764633818331, 3387
pause-pod-6-11, 1764633814947, 1764633818432, 3485
pause-pod-6-12, 1764633814950, 1764633818524, 3574
pause-pod-6-13, 1764633814954, 1764633818594, 3640
pause-pod-6-14, 1764633814957, 1764633818664, 3707
pause-pod-6-15, 1764633814969, 1764633818729, 3760
pause-pod-6-16, 1764633814973, 1764633818795, 3822
pause-pod-6-17, 1764633814977, 1764633818860, 3883
pause-pod-6-18, 1764633814984, 1764633818920, 3936
pause-pod-6-19, 1764633814988, 1764633818982, 3994
pause-pod-6-20, 1764633815002, 1764633819040, 4038
pause-pod-6-21, 1764633815022, 1764633819101, 4079
pause-pod-6-22, 1764633815043, 1764633819160, 4117
pause-pod-6-23, 1764633815046, 1764633819220, 4174
pause-pod-6-24, 1764633815054, 1764633819280, 4226
pause-pod-6-25, 1764633815059, 1764633819339, 4280
pause-pod-6-26, 1764633815118, 1764633819398, 4280
pause-pod-6-27, 1764633815122, 1764633819456, 4334
pause-pod-6-28, 1764633815127, 1764633819519, 4392
pause-pod-6-29, 1764633815133, 1764633819578, 4445
pause-pod-6-30, 1764633815154, 1764633819637, 4483
pause-pod-6-31, 1764633815158, 1764633819696, 4538
pause-pod-6-32, 1764633815162, 1764633819755, 4593
pause-pod-6-33, 1764633815169, 1764633819814, 4645
pause-pod-6-34, 1764633815172, 1764633819872, 4700
pause-pod-6-35, 1764633815176, 1764633819930, 4754
pause-pod-6-36, 1764633815200, 1764633819988, 4788
pause-pod-6-37, 1764633815217, 1764633820045, 4828
pause-pod-6-38, 1764633815226, 1764633820104, 4878
pause-pod-6-39, 1764633815232, 1764633820163, 4931
pause-pod-6-40, 1764633815243, 1764633820221, 4978
pause-pod-6-41, 1764633815263, 1764633820279, 5016
pause-pod-6-42, 1764633815267, 1764633820337, 5070
pause-pod-6-43, 1764633815273, 1764633820394, 5121
pause-pod-6-44, 1764633815291, 1764633820452, 5161
pause-pod-6-45, 1764633815302, 1764633820513, 5211
pause-pod-6-46, 1764633815319, 1764633820572, 5253
pause-pod-6-47, 1764633815339, 1764633820633, 5294
pause-pod-6-48, 1764633815365, 1764633820694, 5329
pause-pod-6-49, 1764633815377, 1764633820751, 5374
pause-pod-6-50, 1764633815396, 1764633820811, 5415
pause-pod-6-51, 1764633815401, 1764633820871, 5470
pause-pod-6-52, 1764633815416, 1764633820929, 5513
pause-pod-6-53, 1764633815424, 1764633820987, 5563
pause-pod-6-54, 1764633815461, 1764633821046, 5585
pause-pod-6-55, 1764633815470, 1764633821109, 5639
pause-pod-6-56, 1764633815474, 1764633821171, 5697
pause-pod-6-57, 1764633815486, 1764633821229, 5743
pause-pod-6-58, 1764633815493, 1764633821288, 5795
pause-pod-6-59, 1764633815499, 1764633821347, 5848
pause-pod-6-60, 1764633815516, 1764633821406, 5890
pause-pod-6-61, 1764633815523, 1764633821466, 5943
pause-pod-6-62, 1764633815543, 1764633821525, 5982
pause-pod-6-63, 1764633815551, 1764633821583, 6032
pause-pod-6-64, 1764633815562, 1764633821643, 6081
pause-pod-6-65, 1764633815574, 1764633821701, 6127
pause-pod-6-66, 1764633815589, 1764633821760, 6171
pause-pod-6-67, 1764633815635, 1764633821821, 6186
pause-pod-6-68, 1764633815679, 1764633821880, 6201
pause-pod-6-69, 1764633815690, 1764633821939, 6249
pause-pod-6-70, 1764633815695, 1764633821997, 6302
pause-pod-6-71, 1764633815706, 1764633822056, 6350
pause-pod-6-72, 1764633815710, 1764633822115, 6405
pause-pod-6-73, 1764633815718, 1764633822176, 6458
pause-pod-6-74, 1764633815726, 1764633822234, 6508
pause-pod-6-75, 1764633815739, 1764633822293, 6554
pause-pod-6-76, 1764633815756, 1764633822352, 6596
pause-pod-6-77, 1764633815771, 1764633822409, 6638
pause-pod-6-78, 1764633815794, 1764633822467, 6673
pause-pod-6-79, 1764633815808, 1764633822525, 6717
pause-pod-6-80, 1764633815833, 1764633822583, 6750
pause-pod-6-81, 1764633815876, 1764633822640, 6764
pause-pod-6-82, 1764633815884, 1764633822698, 6814
pause-pod-6-83, 1764633815897, 1764633822755, 6858
pause-pod-6-84, 1764633815931, 1764633822813, 6882
pause-pod-6-85, 1764633815938, 1764633822870, 6932
pause-pod-6-86, 1764633815952, 1764633822928, 6976
pause-pod-6-87, 1764633816003, 1764633822986, 6983
pause-pod-6-88, 1764633816009, 1764633823044, 7035
pause-pod-6-89, 1764633816054, 1764633823102, 7048
pause-pod-6-90, 1764633816059, 1764633823160, 7101
pause-pod-6-91, 1764633816080, 1764633823224, 7144
pause-pod-6-92, 1764633816119, 1764633823282, 7163
pause-pod-6-93, 1764633816128, 1764633823340, 7212
pause-pod-6-94, 1764633816185, 1764633823398, 7213
pause-pod-6-95, 1764633816200, 1764633823456, 7256
pause-pod-6-96, 1764633816210, 1764633823514, 7304
pause-pod-6-97, 1764633816222, 1764633823572, 7350
pause-pod-6-98, 1764633816230, 1764633823630, 7400
pause-pod-6-99, 1764633816234, 1764633823689, 7455
pause-pod-6-100, 1764633816242, 1764633823746, 7504
pause-pod-6-101, 1764633816278, 1764633823804, 7526
pause-pod-6-102, 1764633816284, 1764633823862, 7578
pause-pod-6-103, 1764633816316, 1764633823919, 7603
pause-pod-6-104, 1764633816324, 1764633823976, 7652
pause-pod-6-105, 1764633816329, 1764633824034, 7705
pause-pod-6-106, 1764633816352, 1764633824098, 7746
pause-pod-6-107, 1764633816382, 1764633824157, 7775
pause-pod-6-108, 1764633816402, 1764633824215, 7813
pause-pod-6-109, 1764633816408, 1764633824274, 7866
pause-pod-6-110, 1764633816415, 1764633824330, 7915
pause-pod-6-111, 1764633816460, 1764633824388, 7928
pause-pod-6-112, 1764633816466, 1764633824446, 7980
pause-pod-6-113, 1764633816477, 1764633824504, 8027
pause-pod-6-114, 1764633816490, 1764633824561, 8071
pause-pod-6-115, 1764633816498, 1764633824620, 8122
pause-pod-6-116, 1764633816521, 1764633824679, 8158
pause-pod-6-117, 1764633816536, 1764633824736, 8200
pause-pod-6-118, 1764633816622, 1764633824795, 8173
pause-pod-6-119, 1764633816660, 1764633824852, 8192
pause-pod-6-120, 1764633816667, 1764633824909, 8242
pause-pod-6-121, 1764633816672, 1764633824966, 8294
pause-pod-6-122, 1764633816680, 1764633825024, 8344
pause-pod-6-123, 1764633816689, 1764633825082, 8393
pause-pod-6-124, 1764633816727, 1764633825139, 8412
pause-pod-6-125, 1764633816732, 1764633825197, 8465
pause-pod-6-126, 1764633816737, 1764633825254, 8517
pause-pod-6-127, 1764633816748, 1764633825312, 8564
pause-pod-6-128, 1764633816754, 1764633825371, 8617
pause-pod-6-129, 1764633816758, 1764633825429, 8671
pause-pod-6-130, 1764633816766, 1764633825487, 8721
pause-pod-6-131, 1764633816771, 1764633825545, 8774
pause-pod-6-132, 1764633816797, 1764633825603, 8806
pause-pod-6-133, 1764633816821, 1764633825660, 8839
pause-pod-6-134, 1764633816826, 1764633825719, 8893
pause-pod-6-135, 1764633816875, 1764633825778, 8903
pause-pod-6-136, 1764633816885, 1764633825836, 8951
pause-pod-6-137, 1764633816913, 1764633825895, 8982
pause-pod-6-138, 1764633816931, 1764633825953, 9022
pause-pod-6-139, 1764633816952, 1764633826013, 9061
pause-pod-6-140, 1764633816984, 1764633826071, 9087
pause-pod-6-141, 1764633816989, 1764633826130, 9141
pause-pod-6-142, 1764633816993, 1764633826189, 9196
pause-pod-6-143, 1764633817004, 1764633826246, 9242
pause-pod-6-144, 1764633817013, 1764633826304, 9291
pause-pod-6-145, 1764633817025, 1764633826361, 9336
pause-pod-6-146, 1764633817043, 1764633826419, 9376
pause-pod-6-147, 1764633817062, 1764633826477, 9415
pause-pod-6-148, 1764633817081, 1764633826535, 9454
pause-pod-6-149, 1764633817093, 1764633826593, 9500
pause-pod-6-150, 1764633817100, 1764633826655, 9555
