Pod Name, Delete Start Timestamp, Deleted Confirmed Timestamp, Delete Latency (milliseconds)
pause-pod-1-1, 1764590828482, 1764590831583, 3101
pause-pod-1-2, 1764590828483, 1764590831720, 3237
pause-pod-1-3, 1764590828487, 1764590831839, 3352
pause-pod-1-4, 1764590828491, 1764590832005, 3514
pause-pod-1-5, 1764590828513, 1764590836395, 7882
pause-pod-1-6, 1764590828520, 1764590836460, 7940
pause-pod-1-7, 1764590828522, 1764590836553, 8031
pause-pod-1-8, 1764590828540, 1764590836640, 8100
pause-pod-1-9, 1764590828542, 1764590836745, 8203
pause-pod-1-10, 1764590828544, 1764590836856, 8312
pause-pod-1-11, 1764590828582, 1764590836972, 8390
pause-pod-1-12, 1764590828614, 1764590837115, 8501
pause-pod-1-13, 1764590828617, 1764590837191, 8574
pause-pod-1-14, 1764590828620, 1764590837259, 8639
pause-pod-1-15, 1764590828646, 1764590837338, 8692
pause-pod-1-16, 1764590828648, 1764590837409, 8761
pause-pod-1-17, 1764590828657, 1764590837486, 8829
pause-pod-1-18, 1764590828658, 1764590837680, 9022
pause-pod-1-19, 1764590828664, 1764590837830, 9166
pause-pod-1-20, 1764590828666, 1764590837923, 9257
pause-pod-1-21, 1764590828722, 1764590838007, 9285
pause-pod-1-22, 1764590828749, 1764590838103, 9354
pause-pod-1-23, 1764590828782, 1764590838194, 9412
pause-pod-1-24, 1764590828829, 1764590838326, 9497
pause-pod-1-25, 1764590828841, 1764590838503, 9662
pause-pod-1-26, 1764590828855, 1764590838566, 9711
pause-pod-1-27, 1764590828867, 1764590838646, 9779
pause-pod-1-28, 1764590828874, 1764590838870, 9996
pause-pod-1-29, 1764590828880, 1764590839099, 10219
pause-pod-1-30, 1764590828930, 1764590839168, 10238
pause-pod-1-31, 1764590828935, 1764590839243, 10308
pause-pod-1-32, 1764590828939, 1764590839354, 10415
pause-pod-1-33, 1764590828960, 1764590839440, 10480
pause-pod-1-34, 1764590828977, 1764590839525, 10548
pause-pod-1-35, 1764590828978, 1764590839595, 10617
pause-pod-1-36, 1764590828992, 1764590839687, 10695
pause-pod-1-37, 1764590828995, 1764590839800, 10805
pause-pod-1-38, 1764590828996, 1764590839901, 10905
pause-pod-1-39, 1764590828998, 1764590840052, 11054
pause-pod-1-40, 1764590829042, 1764590840128, 11086
pause-pod-1-41, 1764590829101, 1764590840217, 11116
pause-pod-1-42, 1764590829106, 1764590840292, 11186
pause-pod-1-43, 1764590829107, 1764590840349, 11242
pause-pod-1-44, 1764590829110, 1764590840436, 11326
pause-pod-1-45, 1764590829119, 1764590840623, 11504
pause-pod-1-46, 1764590829127, 1764590840695, 11568
pause-pod-1-47, 1764590829137, 1764590840770, 11633
pause-pod-1-48, 1764590829185, 1764590840837, 11652
pause-pod-1-49, 1764590829196, 1764590840940, 11744
pause-pod-1-50, 1764590829204, 1764590841000, 11796
pause-pod-1-51, 1764590829260, 1764590841074, 11814
pause-pod-1-52, 1764590829296, 1764590841144, 11848
pause-pod-1-53, 1764590829325, 1764590841202, 11877
pause-pod-1-54, 1764590829375, 1764590841296, 11921
pause-pod-1-55, 1764590829381, 1764590841427, 12046
pause-pod-1-56, 1764590829397, 1764590841488, 12091
pause-pod-1-57, 1764590829401, 1764590841595, 12194
pause-pod-1-58, 1764590829404, 1764590841660, 12256
pause-pod-1-59, 1764590829406, 1764590841741, 12335
pause-pod-1-60, 1764590829454, 1764590841828, 12374
pause-pod-1-61, 1764590829498, 1764590841896, 12398
pause-pod-1-62, 1764590829529, 1764590841965, 12436
pause-pod-1-63, 1764590829532, 1764590842054, 12522
pause-pod-1-64, 1764590829534, 1764590842118, 12584
pause-pod-1-65, 1764590829536, 1764590842180, 12644
pause-pod-1-66, 1764590829538, 1764590842236, 12698
pause-pod-1-67, 1764590829549, 1764590842286, 12737
pause-pod-1-68, 1764590829550, 1764590842346, 12796
pause-pod-1-69, 1764590829581, 1764590842406, 12825
pause-pod-1-70, 1764590829618, 1764590842479, 12861
pause-pod-1-71, 1764590829698, 1764590842533, 12835
pause-pod-1-72, 1764590829713, 1764590842590, 12877
pause-pod-1-73, 1764590829715, 1764590842655, 12940
pause-pod-1-74, 1764590829725, 1764590842710, 12985
pause-pod-1-75, 1764590829731, 1764590842764, 13033
pause-pod-1-76, 1764590829781, 1764590842830, 13049
pause-pod-1-77, 1764590829850, 1764590842886, 13036
pause-pod-1-78, 1764590829888, 1764590842943, 13055
pause-pod-1-79, 1764590829891, 1764590843012, 13121
pause-pod-1-80, 1764590829938, 1764590843066, 13128
pause-pod-1-81, 1764590829940, 1764590843122, 13182
pause-pod-1-82, 1764590829946, 1764590843181, 13235
pause-pod-1-83, 1764590829982, 1764590843239, 13257
pause-pod-1-84, 1764590829992, 1764590843316, 13324
pause-pod-1-85, 1764590830010, 1764590843394, 13384
pause-pod-1-86, 1764590830026, 1764590843451, 13425
pause-pod-1-87, 1764590830029, 1764590843514, 13485
pause-pod-1-88, 1764590830032, 1764590843567, 13535
pause-pod-1-89, 1764590830034, 1764590843620, 13586
pause-pod-1-90, 1764590830037, 1764590843674, 13637
pause-pod-1-91, 1764590830039, 1764590843733, 13694
pause-pod-1-92, 1764590830043, 1764590843798, 13755
pause-pod-1-93, 1764590830078, 1764590843853, 13775
pause-pod-1-94, 1764590830193, 1764590843931, 13738
pause-pod-1-95, 1764590830200, 1764590844017, 13817
pause-pod-1-96, 1764590830271, 1764590844083, 13812
pause-pod-1-97, 1764590830280, 1764590844144, 13864
pause-pod-1-98, 1764590830354, 1764590844207, 13853
pause-pod-1-99, 1764590830357, 1764590844263, 13906
pause-pod-1-100, 1764590830369, 1764590844329, 13960
pause-pod-1-101, 1764590830393, 1764590844383, 13990
pause-pod-1-102, 1764590830407, 1764590844447, 14040
pause-pod-1-103, 1764590830416, 1764590844511, 14095
pause-pod-1-104, 1764590830420, 1764590844571, 14151
pause-pod-1-105, 1764590830425, 1764590844629, 14204
pause-pod-1-106, 1764590830430, 1764590844693, 14263
pause-pod-1-107, 1764590830432, 1764590844750, 14318
pause-pod-1-108, 1764590830435, 1764590844823, 14388
pause-pod-1-109, 1764590830438, 1764590844897, 14459
pause-pod-1-110, 1764590830449, 1764590844949, 14500
pause-pod-1-111, 1764590830491, 1764590845008, 14517
pause-pod-1-112, 1764590830496, 1764590845073, 14577
pause-pod-1-113, 1764590830510, 1764590845129, 14619
pause-pod-1-114, 1764590830513, 1764590845188, 14675
pause-pod-1-115, 1764590830522, 1764590845248, 14726
pause-pod-1-116, 1764590830524, 1764590845314, 14790
pause-pod-1-117, 1764590830526, 1764590845366, 14840
pause-pod-1-118, 1764590830528, 1764590845423, 14895
pause-pod-1-119, 1764590830536, 1764590845486, 14950
pause-pod-1-120, 1764590830565, 1764590845563, 14998
pause-pod-1-121, 1764590830601, 1764590845681, 15080
pause-pod-1-122, 1764590830616, 1764590845736, 15120
pause-pod-1-123, 1764590830662, 1764590845790, 15128
pause-pod-1-124, 1764590830730, 1764590845844, 15114
pause-pod-1-125, 1764590830847, 1764590845900, 15053
pause-pod-1-126, 1764590830851, 1764590845956, 15105
pause-pod-1-127, 1764590830856, 1764590846010, 15154
pause-pod-1-128, 1764590830857, 1764590846071, 15214
pause-pod-1-129, 1764590830873, 1764590846121, 15248
pause-pod-1-130, 1764590830893, 1764590846187, 15294
pause-pod-1-131, 1764590830895, 1764590846250, 15355
pause-pod-1-132, 1764590830904, 1764590846316, 15412
pause-pod-1-133, 1764590830911, 1764590846375, 15464
pause-pod-1-134, 1764590830935, 1764590846456, 15521
pause-pod-1-135, 1764590830993, 1764590846516, 15523
pause-pod-1-136, 1764590830994, 1764590846572, 15578
pause-pod-1-137, 1764590830999, 1764590846635, 15636
pause-pod-1-138, 1764590831021, 1764590846690, 15669
pause-pod-1-139, 1764590831026, 1764590846747, 15721
pause-pod-1-140, 1764590831029, 1764590846806, 15777
pause-pod-1-141, 1764590831031, 1764590846866, 15835
pause-pod-1-142, 1764590831095, 1764590846974, 15879
pause-pod-1-143, 1764590831098, 1764590847035, 15937
pause-pod-1-144, 1764590831146, 1764590847095, 15949
pause-pod-1-145, 1764590831161, 1764590847155, 15994
pause-pod-1-146, 1764590831188, 1764590847209, 16021
pause-pod-1-147, 1764590831192, 1764590847272, 16080
pause-pod-1-148, 1764590831195, 1764590847324, 16129
pause-pod-1-149, 1764590831198, 1764590847385, 16187
pause-pod-1-150, 1764590831203, 1764590847447, 16244
pause-pod-2-1, 1764590945023, 1764590948678, 3655
pause-pod-2-2, 1764590945024, 1764590948808, 3784
pause-pod-2-3, 1764590945026, 1764590948952, 3926
pause-pod-2-4, 1764590945029, 1764590949027, 3998
pause-pod-2-5, 1764590945032, 1764590949110, 4078
pause-pod-2-6, 1764590945033, 1764590949187, 4154
pause-pod-2-7, 1764590945040, 1764590954475, 9435
pause-pod-2-8, 1764590945046, 1764590954553, 9507
pause-pod-2-9, 1764590945048, 1764590954636, 9588
pause-pod-2-10, 1764590945051, 1764590954713, 9662
pause-pod-2-11, 1764590945087, 1764590954804, 9717
pause-pod-2-12, 1764590945097, 1764590954854, 9757
pause-pod-2-13, 1764590945115, 1764590954936, 9821
pause-pod-2-14, 1764590945173, 1764590955025, 9852
pause-pod-2-15, 1764590945202, 1764590955110, 9908
pause-pod-2-16, 1764590945208, 1764590955232, 10024
pause-pod-2-17, 1764590945212, 1764590955301, 10089
pause-pod-2-18, 1764590945217, 1764590955371, 10154
pause-pod-2-19, 1764590945220, 1764590955543, 10323
pause-pod-2-20, 1764590945242, 1764590955619, 10377
pause-pod-2-21, 1764590945270, 1764590955743, 10473
pause-pod-2-22, 1764590945275, 1764590955805, 10530
pause-pod-2-23, 1764590945322, 1764590955922, 10600
pause-pod-2-24, 1764590945331, 1764590955995, 10664
pause-pod-2-25, 1764590945366, 1764590956142, 10776
pause-pod-2-26, 1764590945386, 1764590956221, 10835
pause-pod-2-27, 1764590945415, 1764590956298, 10883
pause-pod-2-28, 1764590945510, 1764590956390, 10880
pause-pod-2-29, 1764590945514, 1764590956457, 10943
pause-pod-2-30, 1764590945521, 1764590956546, 11025
pause-pod-2-31, 1764590945523, 1764590956619, 11096
pause-pod-2-32, 1764590945532, 1764590956695, 11163
pause-pod-2-33, 1764590945533, 1764590956797, 11264
pause-pod-2-34, 1764590945536, 1764590956871, 11335
pause-pod-2-35, 1764590945553, 1764590956941, 11388
pause-pod-2-36, 1764590945555, 1764590956994, 11439
pause-pod-2-37, 1764590945557, 1764590957083, 11526
pause-pod-2-38, 1764590945562, 1764590957139, 11577
pause-pod-2-39, 1764590945564, 1764590957192, 11628
pause-pod-2-40, 1764590945567, 1764590957243, 11676
pause-pod-2-41, 1764590945575, 1764590957301, 11726
pause-pod-2-42, 1764590945584, 1764590957360, 11776
pause-pod-2-43, 1764590945611, 1764590957406, 11795
pause-pod-2-44, 1764590945696, 1764590957453, 11757
pause-pod-2-45, 1764590945712, 1764590957541, 11829
pause-pod-2-46, 1764590945785, 1764590957639, 11854
pause-pod-2-47, 1764590945788, 1764590957688, 11900
pause-pod-2-48, 1764590945824, 1764590957741, 11917
pause-pod-2-49, 1764590945829, 1764590957794, 11965
pause-pod-2-50, 1764590945864, 1764590957845, 11981
pause-pod-2-51, 1764590945879, 1764590957896, 12017
pause-pod-2-52, 1764590946004, 1764590957947, 11943
pause-pod-2-53, 1764590946007, 1764590958030, 12023
pause-pod-2-54, 1764590946010, 1764590958114, 12104
pause-pod-2-55, 1764590946012, 1764590958167, 12155
pause-pod-2-56, 1764590946079, 1764590958247, 12168
pause-pod-2-57, 1764590946103, 1764590958302, 12199
pause-pod-2-58, 1764590946137, 1764590958367, 12230
pause-pod-2-59, 1764590946145, 1764590958420, 12275
pause-pod-2-60, 1764590946148, 1764590958475, 12327
pause-pod-2-61, 1764590946149, 1764590958530, 12381
pause-pod-2-62, 1764590946151, 1764590958586, 12435
pause-pod-2-63, 1764590946152, 1764590958636, 12484
pause-pod-2-64, 1764590946155, 1764590958699, 12544
pause-pod-2-65, 1764590946162, 1764590958753, 12591
pause-pod-2-66, 1764590946176, 1764590958806, 12630
pause-pod-2-67, 1764590946197, 1764590958862, 12665
pause-pod-2-68, 1764590946237, 1764590958919, 12682
pause-pod-2-69, 1764590946248, 1764590958968, 12720
pause-pod-2-70, 1764590946252, 1764590959022, 12770
pause-pod-2-71, 1764590946254, 1764590959072, 12818
pause-pod-2-72, 1764590946259, 1764590959180, 12921
pause-pod-2-73, 1764590946270, 1764590959236, 12966
pause-pod-2-74, 1764590946287, 1764590959330, 13043
pause-pod-2-75, 1764590946399, 1764590959389, 12990
pause-pod-2-76, 1764590946437, 1764590959441, 13004
pause-pod-2-77, 1764590946462, 1764590959494, 13032
pause-pod-2-78, 1764590946470, 1764590959542, 13072
pause-pod-2-79, 1764590946522, 1764590959593, 13071
pause-pod-2-80, 1764590946524, 1764590959638, 13114
pause-pod-2-81, 1764590946589, 1764590959688, 13099
pause-pod-2-82, 1764590946631, 1764590959744, 13113
pause-pod-2-83, 1764590946641, 1764590959790, 13149
pause-pod-2-84, 1764590946681, 1764590959861, 13180
pause-pod-2-85, 1764590946683, 1764590959915, 13232
pause-pod-2-86, 1764590946686, 1764590959964, 13278
pause-pod-2-87, 1764590946702, 1764590960041, 13339
pause-pod-2-88, 1764590946704, 1764590960115, 13411
pause-pod-2-89, 1764590946707, 1764590960174, 13467
pause-pod-2-90, 1764590946710, 1764590960274, 13564
pause-pod-2-91, 1764590946713, 1764590960326, 13613
pause-pod-2-92, 1764590946717, 1764590960377, 13660
pause-pod-2-93, 1764590946748, 1764590960436, 13688
pause-pod-2-94, 1764590946787, 1764590960501, 13714
pause-pod-2-95, 1764590946880, 1764590960561, 13681
pause-pod-2-96, 1764590946883, 1764590960616, 13733
pause-pod-2-97, 1764590946888, 1764590960672, 13784
pause-pod-2-98, 1764590946890, 1764590960729, 13839
pause-pod-2-99, 1764590946898, 1764590960786, 13888
pause-pod-2-100, 1764590946901, 1764590960844, 13943
pause-pod-2-101, 1764590946906, 1764590960893, 13987
pause-pod-2-102, 1764590946924, 1764590960945, 14021
pause-pod-2-103, 1764590946927, 1764590961004, 14077
pause-pod-2-104, 1764590946941, 1764590961101, 14160
pause-pod-2-105, 1764590946955, 1764590961151, 14196
pause-pod-2-106, 1764590946970, 1764590961238, 14268
pause-pod-2-107, 1764590946983, 1764590961300, 14317
pause-pod-2-108, 1764590947005, 1764590961356, 14351
pause-pod-2-109, 1764590947022, 1764590961407, 14385
pause-pod-2-110, 1764590947044, 1764590961452, 14408
pause-pod-2-111, 1764590947111, 1764590961501, 14390
pause-pod-2-112, 1764590947138, 1764590961558, 14420
pause-pod-2-113, 1764590947188, 1764590961608, 14420
pause-pod-2-114, 1764590947198, 1764590961661, 14463
pause-pod-2-115, 1764590947206, 1764590961715, 14509
pause-pod-2-116, 1764590947255, 1764590961766, 14511
pause-pod-2-117, 1764590947267, 1764590961821, 14554
pause-pod-2-118, 1764590947270, 1764590961873, 14603
pause-pod-2-119, 1764590947273, 1764590961922, 14649
pause-pod-2-120, 1764590947289, 1764590961977, 14688
pause-pod-2-121, 1764590947297, 1764590962029, 14732
pause-pod-2-122, 1764590947300, 1764590962085, 14785
pause-pod-2-123, 1764590947340, 1764590962230, 14890
pause-pod-2-124, 1764590947385, 1764590962339, 14954
pause-pod-2-125, 1764590947388, 1764590962399, 15011
pause-pod-2-126, 1764590947433, 1764590962456, 15023
pause-pod-2-127, 1764590947452, 1764590962515, 15063
pause-pod-2-128, 1764590947456, 1764590962567, 15111
pause-pod-2-129, 1764590947460, 1764590962624, 15164
pause-pod-2-130, 1764590947483, 1764590962677, 15194
pause-pod-2-131, 1764590947502, 1764590962731, 15229
pause-pod-2-132, 1764590947522, 1764590962791, 15269
pause-pod-2-133, 1764590947528, 1764590962850, 15322
pause-pod-2-134, 1764590947560, 1764590962899, 15339
pause-pod-2-135, 1764590947564, 1764590962956, 15392
pause-pod-2-136, 1764590947566, 1764590963013, 15447
pause-pod-2-137, 1764590947570, 1764590963067, 15497
pause-pod-2-138, 1764590947572, 1764590963122, 15550
pause-pod-2-139, 1764590947574, 1764590963178, 15604
pause-pod-2-140, 1764590947577, 1764590963224, 15647
pause-pod-2-141, 1764590947579, 1764590963270, 15691
pause-pod-2-142, 1764590947590, 1764590963330, 15740
pause-pod-2-143, 1764590947591, 1764590963379, 15788
pause-pod-2-144, 1764590947601, 1764590963431, 15830
pause-pod-2-145, 1764590947650, 1764590963496, 15846
pause-pod-2-146, 1764590947671, 1764590963559, 15888
pause-pod-2-147, 1764590947688, 1764590963615, 15927
pause-pod-2-148, 1764590947830, 1764590963669, 15839
pause-pod-2-149, 1764590947845, 1764590963718, 15873
pause-pod-2-150, 1764590947873, 1764590963775, 15902
pause-pod-3-1, 1764591061191, 1764591067989, 6798
pause-pod-3-2, 1764591061193, 1764591068082, 6889
pause-pod-3-3, 1764591061196, 1764591068142, 6946
pause-pod-3-4, 1764591061199, 1764591068235, 7036
pause-pod-3-5, 1764591061201, 1764591068302, 7101
pause-pod-3-6, 1764591061205, 1764591068371, 7166
pause-pod-3-7, 1764591061208, 1764591068463, 7255
pause-pod-3-8, 1764591061209, 1764591068541, 7332
pause-pod-3-9, 1764591061210, 1764591068625, 7415
pause-pod-3-10, 1764591061213, 1764591068716, 7503
pause-pod-3-11, 1764591061242, 1764591068789, 7547
pause-pod-3-12, 1764591061246, 1764591068886, 7640
pause-pod-3-13, 1764591061247, 1764591068949, 7702
pause-pod-3-14, 1764591061250, 1764591069027, 7777
pause-pod-3-15, 1764591061287, 1764591069096, 7809
pause-pod-3-16, 1764591061333, 1764591069227, 7894
pause-pod-3-17, 1764591061372, 1764591069307, 7935
pause-pod-3-18, 1764591061383, 1764591069366, 7983
pause-pod-3-19, 1764591061405, 1764591069527, 8122
pause-pod-3-20, 1764591061430, 1764591069743, 8313
pause-pod-3-21, 1764591061456, 1764591069852, 8396
pause-pod-3-22, 1764591061458, 1764591070027, 8569
pause-pod-3-23, 1764591061473, 1764591070098, 8625
pause-pod-3-24, 1764591061508, 1764591070244, 8736
pause-pod-3-25, 1764591061542, 1764591070307, 8765
pause-pod-3-26, 1764591061572, 1764591070500, 8928
pause-pod-3-27, 1764591061609, 1764591070568, 8959
pause-pod-3-28, 1764591061615, 1764591072596, 10981
pause-pod-3-29, 1764591061648, 1764591072733, 11085
pause-pod-3-30, 1764591061672, 1764591074056, 12384
pause-pod-3-31, 1764591061674, 1764591074136, 12462
pause-pod-3-32, 1764591061694, 1764591074234, 12540
pause-pod-3-33, 1764591061698, 1764591074319, 12621
pause-pod-3-34, 1764591061701, 1764591074498, 12797
pause-pod-3-35, 1764591061717, 1764591074641, 12924
pause-pod-3-36, 1764591061774, 1764591074716, 12942
pause-pod-3-37, 1764591061804, 1764591074825, 13021
pause-pod-3-38, 1764591061830, 1764591074960, 13130
pause-pod-3-39, 1764591061870, 1764591075156, 13286
pause-pod-3-40, 1764591061883, 1764591075581, 13698
pause-pod-3-41, 1764591061897, 1764591075672, 13775
pause-pod-3-42, 1764591061912, 1764591075724, 13812
pause-pod-3-43, 1764591061943, 1764591075785, 13842
pause-pod-3-44, 1764591061956, 1764591075835, 13879
pause-pod-3-45, 1764591061979, 1764591075912, 13933
pause-pod-3-46, 1764591062003, 1764591075974, 13971
pause-pod-3-47, 1764591062013, 1764591076034, 14021
pause-pod-3-48, 1764591062015, 1764591076081, 14066
pause-pod-3-49, 1764591062016, 1764591076131, 14115
pause-pod-3-50, 1764591062022, 1764591076189, 14167
pause-pod-3-51, 1764591062025, 1764591076249, 14224
pause-pod-3-52, 1764591062031, 1764591076305, 14274
pause-pod-3-53, 1764591062057, 1764591076359, 14302
pause-pod-3-54, 1764591062059, 1764591076419, 14360
pause-pod-3-55, 1764591062069, 1764591076473, 14404
pause-pod-3-56, 1764591062097, 1764591076521, 14424
pause-pod-3-57, 1764591062125, 1764591076571, 14446
pause-pod-3-58, 1764591062162, 1764591076620, 14458
pause-pod-3-59, 1764591062190, 1764591076674, 14484
pause-pod-3-60, 1764591062233, 1764591076742, 14509
pause-pod-3-61, 1764591062264, 1764591076805, 14541
pause-pod-3-62, 1764591062284, 1764591076880, 14596
pause-pod-3-63, 1764591062287, 1764591076958, 14671
pause-pod-3-64, 1764591062289, 1764591077084, 14795
pause-pod-3-65, 1764591062297, 1764591077138, 14841
pause-pod-3-66, 1764591062306, 1764591077192, 14886
pause-pod-3-67, 1764591062308, 1764591077260, 14952
pause-pod-3-68, 1764591062321, 1764591077321, 15000
pause-pod-3-69, 1764591062373, 1764591077376, 15003
pause-pod-3-70, 1764591062421, 1764591077434, 15013
pause-pod-3-71, 1764591062471, 1764591077486, 15015
pause-pod-3-72, 1764591062519, 1764591077539, 15020
pause-pod-3-73, 1764591062549, 1764591077594, 15045
pause-pod-3-74, 1764591062570, 1764591077645, 15075
pause-pod-3-75, 1764591062573, 1764591077689, 15116
pause-pod-3-76, 1764591062575, 1764591077747, 15172
pause-pod-3-77, 1764591062576, 1764591077795, 15219
pause-pod-3-78, 1764591062579, 1764591077846, 15267
pause-pod-3-79, 1764591062583, 1764591077896, 15313
pause-pod-3-80, 1764591062607, 1764591077949, 15342
pause-pod-3-81, 1764591062616, 1764591078005, 15389
pause-pod-3-82, 1764591062641, 1764591078051, 15410
pause-pod-3-83, 1764591062644, 1764591078121, 15477
pause-pod-3-84, 1764591062646, 1764591078183, 15537
pause-pod-3-85, 1764591062648, 1764591078233, 15585
pause-pod-3-86, 1764591062651, 1764591078289, 15638
pause-pod-3-87, 1764591062653, 1764591078339, 15686
pause-pod-3-88, 1764591062655, 1764591078394, 15739
pause-pod-3-89, 1764591062658, 1764591078440, 15782
pause-pod-3-90, 1764591062687, 1764591078513, 15826
pause-pod-3-91, 1764591062746, 1764591078567, 15821
pause-pod-3-92, 1764591062751, 1764591078623, 15872
pause-pod-3-93, 1764591062756, 1764591078686, 15930
pause-pod-3-94, 1764591062759, 1764591078771, 16012
pause-pod-3-95, 1764591062761, 1764591078828, 16067
pause-pod-3-96, 1764591062762, 1764591078924, 16162
pause-pod-3-97, 1764591062769, 1764591078981, 16212
pause-pod-3-98, 1764591062798, 1764591079041, 16243
pause-pod-3-99, 1764591062861, 1764591079100, 16239
pause-pod-3-100, 1764591062881, 1764591079163, 16282
pause-pod-3-101, 1764591062912, 1764591079220, 16308
pause-pod-3-102, 1764591062965, 1764591079273, 16308
pause-pod-3-103, 1764591063001, 1764591079327, 16326
pause-pod-3-104, 1764591063044, 1764591079388, 16344
pause-pod-3-105, 1764591063079, 1764591079440, 16361
pause-pod-3-106, 1764591063082, 1764591079501, 16419
pause-pod-3-107, 1764591063098, 1764591079552, 16454
pause-pod-3-108, 1764591063122, 1764591079611, 16489
pause-pod-3-109, 1764591063125, 1764591079667, 16542
pause-pod-3-110, 1764591063136, 1764591079720, 16584
pause-pod-3-111, 1764591063144, 1764591079777, 16633
pause-pod-3-112, 1764591063154, 1764591079831, 16677
pause-pod-3-113, 1764591063157, 1764591079897, 16740
pause-pod-3-114, 1764591063213, 1764591079953, 16740
pause-pod-3-115, 1764591063272, 1764591080009, 16737
pause-pod-3-116, 1764591063307, 1764591080065, 16758
pause-pod-3-117, 1764591063322, 1764591080123, 16801
pause-pod-3-118, 1764591063358, 1764591080174, 16816
pause-pod-3-119, 1764591063408, 1764591080237, 16829
pause-pod-3-120, 1764591063421, 1764591080291, 16870
pause-pod-3-121, 1764591063440, 1764591080345, 16905
pause-pod-3-122, 1764591063469, 1764591080406, 16937
pause-pod-3-123, 1764591063476, 1764591080461, 16985
pause-pod-3-124, 1764591063478, 1764591080525, 17047
pause-pod-3-125, 1764591063480, 1764591080600, 17120
pause-pod-3-126, 1764591063490, 1764591080647, 17157
pause-pod-3-127, 1764591063557, 1764591080693, 17136
pause-pod-3-128, 1764591063578, 1764591080742, 17164
pause-pod-3-129, 1764591063588, 1764591080813, 17225
pause-pod-3-130, 1764591063590, 1764591080885, 17295
pause-pod-3-131, 1764591063593, 1764591080934, 17341
pause-pod-3-132, 1764591063611, 1764591080991, 17380
pause-pod-3-133, 1764591063623, 1764591081046, 17423
pause-pod-3-134, 1764591063626, 1764591081098, 17472
pause-pod-3-135, 1764591063682, 1764591081152, 17470
pause-pod-3-136, 1764591063707, 1764591081197, 17490
pause-pod-3-137, 1764591063757, 1764591081251, 17494
pause-pod-3-138, 1764591063783, 1764591081300, 17517
pause-pod-3-139, 1764591063802, 1764591081344, 17542
pause-pod-3-140, 1764591063806, 1764591081394, 17588
pause-pod-3-141, 1764591063807, 1764591081442, 17635
pause-pod-3-142, 1764591063837, 1764591081495, 17658
pause-pod-3-143, 1764591063866, 1764591081541, 17675
pause-pod-3-144, 1764591063891, 1764591081594, 17703
pause-pod-3-145, 1764591063899, 1764591081650, 17751
pause-pod-3-146, 1764591063908, 1764591081693, 17785
pause-pod-3-147, 1764591063910, 1764591081740, 17830
pause-pod-3-148, 1764591063912, 1764591081788, 17876
pause-pod-3-149, 1764591063917, 1764591081829, 17912
pause-pod-3-150, 1764591063919, 1764591081886, 17967
pause-pod-4-1, 1764591180445, 1764591183622, 3177
pause-pod-4-2, 1764591180447, 1764591183689, 3242
pause-pod-4-3, 1764591180450, 1764591184882, 4432
pause-pod-4-4, 1764591180453, 1764591185883, 5430
pause-pod-4-5, 1764591180457, 1764591186693, 6236
pause-pod-4-6, 1764591180462, 1764591186749, 6287
pause-pod-4-7, 1764591180464, 1764591186818, 6354
pause-pod-4-8, 1764591180465, 1764591186906, 6441
pause-pod-4-9, 1764591180468, 1764591187106, 6638
pause-pod-4-10, 1764591180471, 1764591187454, 6983
pause-pod-4-11, 1764591180485, 1764591187528, 7043
pause-pod-4-12, 1764591180526, 1764591187596, 7070
pause-pod-4-13, 1764591180554, 1764591187664, 7110
pause-pod-4-14, 1764591180583, 1764591187758, 7175
pause-pod-4-15, 1764591180628, 1764591187837, 7209
pause-pod-4-16, 1764591180631, 1764591189202, 8571
pause-pod-4-17, 1764591180641, 1764591189768, 9127
pause-pod-4-18, 1764591180651, 1764591189814, 9163
pause-pod-4-19, 1764591180683, 1764591189864, 9181
pause-pod-4-20, 1764591180686, 1764591189977, 9291
pause-pod-4-21, 1764591180688, 1764591190107, 9419
pause-pod-4-22, 1764591180690, 1764591190157, 9467
pause-pod-4-23, 1764591180692, 1764591190229, 9537
pause-pod-4-24, 1764591180723, 1764591191183, 10460
pause-pod-4-25, 1764591180765, 1764591191550, 10785
pause-pod-4-26, 1764591180791, 1764591191672, 10881
pause-pod-4-27, 1764591180798, 1764591191806, 11008
pause-pod-4-28, 1764591180822, 1764591191905, 11083
pause-pod-4-29, 1764591180841, 1764591191982, 11141
pause-pod-4-30, 1764591180865, 1764591192053, 11188
pause-pod-4-31, 1764591180923, 1764591192148, 11225
pause-pod-4-32, 1764591180931, 1764591192222, 11291
pause-pod-4-33, 1764591180933, 1764591192342, 11409
pause-pod-4-34, 1764591180935, 1764591192461, 11526
pause-pod-4-35, 1764591180980, 1764591192638, 11658
pause-pod-4-36, 1764591181065, 1764591192705, 11640
pause-pod-4-37, 1764591181077, 1764591192881, 11804
pause-pod-4-38, 1764591181082, 1764591193018, 11936
pause-pod-4-39, 1764591181084, 1764591193148, 12064
pause-pod-4-40, 1764591181098, 1764591193279, 12181
pause-pod-4-41, 1764591181100, 1764591193363, 12263
pause-pod-4-42, 1764591181117, 1764591193432, 12315
pause-pod-4-43, 1764591181120, 1764591193496, 12376
pause-pod-4-44, 1764591181148, 1764591193643, 12495
pause-pod-4-45, 1764591181159, 1764591193722, 12563
pause-pod-4-46, 1764591181167, 1764591193822, 12655
pause-pod-4-47, 1764591181169, 1764591193907, 12738
pause-pod-4-48, 1764591181172, 1764591193960, 12788
pause-pod-4-49, 1764591181218, 1764591194010, 12792
pause-pod-4-50, 1764591181262, 1764591194074, 12812
pause-pod-4-51, 1764591181317, 1764591194130, 12813
pause-pod-4-52, 1764591181361, 1764591194195, 12834
pause-pod-4-53, 1764591181365, 1764591194251, 12886
pause-pod-4-54, 1764591181392, 1764591194324, 12932
pause-pod-4-55, 1764591181397, 1764591194376, 12979
pause-pod-4-56, 1764591181460, 1764591194427, 12967
pause-pod-4-57, 1764591181464, 1764591194477, 13013
pause-pod-4-58, 1764591181488, 1764591194541, 13053
pause-pod-4-59, 1764591181498, 1764591194612, 13114
pause-pod-4-60, 1764591181511, 1764591194668, 13157
pause-pod-4-61, 1764591181545, 1764591194723, 13178
pause-pod-4-62, 1764591181547, 1764591194775, 13228
pause-pod-4-63, 1764591181592, 1764591194831, 13239
pause-pod-4-64, 1764591181617, 1764591194884, 13267
pause-pod-4-65, 1764591181620, 1764591194938, 13318
pause-pod-4-66, 1764591181632, 1764591194993, 13361
pause-pod-4-67, 1764591181634, 1764591195043, 13409
pause-pod-4-68, 1764591181678, 1764591195109, 13431
pause-pod-4-69, 1764591181689, 1764591195157, 13468
pause-pod-4-70, 1764591181732, 1764591195210, 13478
pause-pod-4-71, 1764591181734, 1764591195262, 13528
pause-pod-4-72, 1764591181738, 1764591195328, 13590
pause-pod-4-73, 1764591181740, 1764591195395, 13655
pause-pod-4-74, 1764591181742, 1764591195457, 13715
pause-pod-4-75, 1764591181744, 1764591195508, 13764
pause-pod-4-76, 1764591181770, 1764591195558, 13788
pause-pod-4-77, 1764591181783, 1764591195622, 13839
pause-pod-4-78, 1764591181829, 1764591195681, 13852
pause-pod-4-79, 1764591181838, 1764591195739, 13901
pause-pod-4-80, 1764591181878, 1764591195795, 13917
pause-pod-4-81, 1764591181894, 1764591195854, 13960
pause-pod-4-82, 1764591181912, 1764591195905, 13993
pause-pod-4-83, 1764591181914, 1764591195959, 14045
pause-pod-4-84, 1764591181922, 1764591196016, 14094
pause-pod-4-85, 1764591181928, 1764591196074, 14146
pause-pod-4-86, 1764591181936, 1764591196126, 14190
pause-pod-4-87, 1764591181998, 1764591196193, 14195
pause-pod-4-88, 1764591182026, 1764591196255, 14229
pause-pod-4-89, 1764591182031, 1764591196305, 14274
pause-pod-4-90, 1764591182033, 1764591196369, 14336
pause-pod-4-91, 1764591182042, 1764591196429, 14387
pause-pod-4-92, 1764591182044, 1764591196488, 14444
pause-pod-4-93, 1764591182046, 1764591196546, 14500
pause-pod-4-94, 1764591182053, 1764591196598, 14545
pause-pod-4-95, 1764591182066, 1764591196665, 14599
pause-pod-4-96, 1764591182069, 1764591196736, 14667
pause-pod-4-97, 1764591182095, 1764591196787, 14692
pause-pod-4-98, 1764591182157, 1764591196842, 14685
pause-pod-4-99, 1764591182159, 1764591196899, 14740
pause-pod-4-100, 1764591182200, 1764591196966, 14766
pause-pod-4-101, 1764591182214, 1764591197027, 14813
pause-pod-4-102, 1764591182272, 1764591197078, 14806
pause-pod-4-103, 1764591182307, 1764591197129, 14822
pause-pod-4-104, 1764591182335, 1764591197184, 14849
pause-pod-4-105, 1764591182375, 1764591197238, 14863
pause-pod-4-106, 1764591182438, 1764591197290, 14852
pause-pod-4-107, 1764591182459, 1764591197340, 14881
pause-pod-4-108, 1764591182461, 1764591197387, 14926
pause-pod-4-109, 1764591182468, 1764591197437, 14969
pause-pod-4-110, 1764591182470, 1764591197496, 15026
pause-pod-4-111, 1764591182513, 1764591197564, 15051
pause-pod-4-112, 1764591182514, 1764591197618, 15104
pause-pod-4-113, 1764591182516, 1764591197705, 15189
pause-pod-4-114, 1764591182569, 1764591197758, 15189
pause-pod-4-115, 1764591182576, 1764591197809, 15233
pause-pod-4-116, 1764591182589, 1764591197865, 15276
pause-pod-4-117, 1764591182635, 1764591197916, 15281
pause-pod-4-118, 1764591182653, 1764591197960, 15307
pause-pod-4-119, 1764591182669, 1764591198013, 15344
pause-pod-4-120, 1764591182692, 1764591198059, 15367
pause-pod-4-121, 1764591182699, 1764591198108, 15409
pause-pod-4-122, 1764591182703, 1764591198157, 15454
pause-pod-4-123, 1764591182708, 1764591198219, 15511
pause-pod-4-124, 1764591182721, 1764591198279, 15558
pause-pod-4-125, 1764591182723, 1764591198332, 15609
pause-pod-4-126, 1764591182730, 1764591198413, 15683
pause-pod-4-127, 1764591182758, 1764591198464, 15706
pause-pod-4-128, 1764591182794, 1764591198537, 15743
pause-pod-4-129, 1764591182873, 1764591198592, 15719
pause-pod-4-130, 1764591182900, 1764591198649, 15749
pause-pod-4-131, 1764591182915, 1764591198708, 15793
pause-pod-4-132, 1764591182920, 1764591198772, 15852
pause-pod-4-133, 1764591182933, 1764591198828, 15895
pause-pod-4-134, 1764591182965, 1764591198883, 15918
pause-pod-4-135, 1764591182970, 1764591198960, 15990
pause-pod-4-136, 1764591182978, 1764591199009, 16031
pause-pod-4-137, 1764591182997, 1764591199068, 16071
pause-pod-4-138, 1764591183024, 1764591199115, 16091
pause-pod-4-139, 1764591183041, 1764591199160, 16119
pause-pod-4-140, 1764591183065, 1764591199212, 16147
pause-pod-4-141, 1764591183079, 1764591199266, 16187
pause-pod-4-142, 1764591183141, 1764591199325, 16184
pause-pod-4-143, 1764591183156, 1764591199393, 16237
pause-pod-4-144, 1764591183181, 1764591199446, 16265
pause-pod-4-145, 1764591183187, 1764591199496, 16309
pause-pod-4-146, 1764591183188, 1764591199548, 16360
pause-pod-4-147, 1764591183190, 1764591199599, 16409
pause-pod-4-148, 1764591183267, 1764591199659, 16392
pause-pod-4-149, 1764591183318, 1764591199736, 16418
pause-pod-4-150, 1764591183320, 1764591199835, 16515
pause-pod-5-1, 1764591298038, 1764591301053, 3015
pause-pod-5-2, 1764591298040, 1764591302382, 4342
pause-pod-5-3, 1764591298043, 1764591302479, 4436
pause-pod-5-4, 1764591298047, 1764591302555, 4508
pause-pod-5-5, 1764591298051, 1764591302964, 4913
pause-pod-5-6, 1764591298058, 1764591303039, 4981
pause-pod-5-7, 1764591298082, 1764591303141, 5059
pause-pod-5-8, 1764591298102, 1764591303297, 5195
pause-pod-5-9, 1764591298106, 1764591303380, 5274
pause-pod-5-10, 1764591298108, 1764591303481, 5373
pause-pod-5-11, 1764591298116, 1764591303720, 5604
pause-pod-5-12, 1764591298126, 1764591303885, 5759
pause-pod-5-13, 1764591298147, 1764591303954, 5807
pause-pod-5-14, 1764591298185, 1764591304036, 5851
pause-pod-5-15, 1764591298187, 1764591304149, 5962
pause-pod-5-16, 1764591298261, 1764591304276, 6015
pause-pod-5-17, 1764591298265, 1764591304355, 6090
pause-pod-5-18, 1764591298283, 1764591304436, 6153
pause-pod-5-19, 1764591298294, 1764591304665, 6371
pause-pod-5-20, 1764591298296, 1764591304874, 6578
pause-pod-5-21, 1764591298298, 1764591309253, 10955
pause-pod-5-22, 1764591298302, 1764591309356, 11054
pause-pod-5-23, 1764591298323, 1764591309516, 11193
pause-pod-5-24, 1764591298334, 1764591309587, 11253
pause-pod-5-25, 1764591298374, 1764591309666, 11292
pause-pod-5-26, 1764591298410, 1764591309752, 11342
pause-pod-5-27, 1764591298414, 1764591309808, 11394
pause-pod-5-28, 1764591298419, 1764591309922, 11503
pause-pod-5-29, 1764591298447, 1764591309977, 11530
pause-pod-5-30, 1764591298452, 1764591310073, 11621
pause-pod-5-31, 1764591298470, 1764591310169, 11699
pause-pod-5-32, 1764591298474, 1764591310422, 11948
pause-pod-5-33, 1764591298480, 1764591310471, 11991
pause-pod-5-34, 1764591298483, 1764591310551, 12068
pause-pod-5-35, 1764591298509, 1764591311589, 13080
pause-pod-5-36, 1764591298549, 1764591311658, 13109
pause-pod-5-37, 1764591298572, 1764591311813, 13241
pause-pod-5-38, 1764591298582, 1764591311932, 13350
pause-pod-5-39, 1764591298598, 1764591312016, 13418
pause-pod-5-40, 1764591298604, 1764591312117, 13513
pause-pod-5-41, 1764591298640, 1764591312223, 13583
pause-pod-5-42, 1764591298674, 1764591312543, 13869
pause-pod-5-43, 1764591298701, 1764591312655, 13954
pause-pod-5-44, 1764591298706, 1764591312727, 14021
pause-pod-5-45, 1764591298718, 1764591312797, 14079
pause-pod-5-46, 1764591298742, 1764591312880, 14138
pause-pod-5-47, 1764591298745, 1764591312952, 14207
pause-pod-5-48, 1764591298765, 1764591313026, 14261
pause-pod-5-49, 1764591298799, 1764591313078, 14279
pause-pod-5-50, 1764591298834, 1764591313140, 14306
pause-pod-5-51, 1764591298870, 1764591313188, 14318
pause-pod-5-52, 1764591298893, 1764591313247, 14354
pause-pod-5-53, 1764591298914, 1764591313305, 14391
pause-pod-5-54, 1764591298929, 1764591313369, 14440
pause-pod-5-55, 1764591298975, 1764591313416, 14441
pause-pod-5-56, 1764591298979, 1764591313484, 14505
pause-pod-5-57, 1764591298983, 1764591313530, 14547
pause-pod-5-58, 1764591298996, 1764591313579, 14583
pause-pod-5-59, 1764591299003, 1764591313626, 14623
pause-pod-5-60, 1764591299044, 1764591313674, 14630
pause-pod-5-61, 1764591299058, 1764591313735, 14677
pause-pod-5-62, 1764591299077, 1764591313793, 14716
pause-pod-5-63, 1764591299090, 1764591313857, 14767
pause-pod-5-64, 1764591299127, 1764591313905, 14778
pause-pod-5-65, 1764591299162, 1764591313952, 14790
pause-pod-5-66, 1764591299177, 1764591314012, 14835
pause-pod-5-67, 1764591299180, 1764591314071, 14891
pause-pod-5-68, 1764591299191, 1764591314121, 14930
pause-pod-5-69, 1764591299214, 1764591314182, 14968
pause-pod-5-70, 1764591299222, 1764591314231, 15009
pause-pod-5-71, 1764591299248, 1764591314289, 15041
pause-pod-5-72, 1764591299286, 1764591314337, 15051
pause-pod-5-73, 1764591299315, 1764591314386, 15071
pause-pod-5-74, 1764591299325, 1764591314435, 15110
pause-pod-5-75, 1764591299349, 1764591314485, 15136
pause-pod-5-76, 1764591299352, 1764591314537, 15185
pause-pod-5-77, 1764591299361, 1764591314594, 15233
pause-pod-5-78, 1764591299408, 1764591314646, 15238
pause-pod-5-79, 1764591299437, 1764591314711, 15274
pause-pod-5-80, 1764591299440, 1764591314767, 15327
pause-pod-5-81, 1764591299443, 1764591314812, 15369
pause-pod-5-82, 1764591299445, 1764591314860, 15415
pause-pod-5-83, 1764591299447, 1764591314906, 15459
pause-pod-5-84, 1764591299461, 1764591314965, 15504
pause-pod-5-85, 1764591299483, 1764591315019, 15536
pause-pod-5-86, 1764591299556, 1764591315085, 15529
pause-pod-5-87, 1764591299570, 1764591315136, 15566
pause-pod-5-88, 1764591299614, 1764591315196, 15582
pause-pod-5-89, 1764591299621, 1764591315255, 15634
pause-pod-5-90, 1764591299638, 1764591315319, 15681
pause-pod-5-91, 1764591299643, 1764591315372, 15729
pause-pod-5-92, 1764591299650, 1764591315422, 15772
pause-pod-5-93, 1764591299651, 1764591315475, 15824
pause-pod-5-94, 1764591299654, 1764591315525, 15871
pause-pod-5-95, 1764591299655, 1764591315574, 15919
pause-pod-5-96, 1764591299673, 1764591315625, 15952
pause-pod-5-97, 1764591299699, 1764591315678, 15979
pause-pod-5-98, 1764591299703, 1764591315726, 16023
pause-pod-5-99, 1764591299722, 1764591315792, 16070
pause-pod-5-100, 1764591299751, 1764591315851, 16100
pause-pod-5-101, 1764591299786, 1764591315905, 16119
pause-pod-5-102, 1764591299796, 1764591315960, 16164
pause-pod-5-103, 1764591299822, 1764591316031, 16209
pause-pod-5-104, 1764591299835, 1764591316088, 16253
pause-pod-5-105, 1764591299857, 1764591316138, 16281
pause-pod-5-106, 1764591299892, 1764591316198, 16306
pause-pod-5-107, 1764591299902, 1764591316276, 16374
pause-pod-5-108, 1764591299910, 1764591316325, 16415
pause-pod-5-109, 1764591299943, 1764591316369, 16426
pause-pod-5-110, 1764591299985, 1764591316418, 16433
pause-pod-5-111, 1764591300024, 1764591316465, 16441
pause-pod-5-112, 1764591300027, 1764591316522, 16495
pause-pod-5-113, 1764591300037, 1764591316586, 16549
pause-pod-5-114, 1764591300051, 1764591316634, 16583
pause-pod-5-115, 1764591300063, 1764591316687, 16624
pause-pod-5-116, 1764591300108, 1764591316739, 16631
pause-pod-5-117, 1764591300115, 1764591316791, 16676
pause-pod-5-118, 1764591300121, 1764591316851, 16730
pause-pod-5-119, 1764591300135, 1764591316901, 16766
pause-pod-5-120, 1764591300138, 1764591316951, 16813
pause-pod-5-121, 1764591300142, 1764591317006, 16864
pause-pod-5-122, 1764591300173, 1764591317058, 16885
pause-pod-5-123, 1764591300218, 1764591317103, 16885
pause-pod-5-124, 1764591300223, 1764591317150, 16927
pause-pod-5-125, 1764591300238, 1764591317196, 16958
pause-pod-5-126, 1764591300317, 1764591317246, 16929
pause-pod-5-127, 1764591300361, 1764591317297, 16936
pause-pod-5-128, 1764591300364, 1764591317350, 16986
pause-pod-5-129, 1764591300398, 1764591317403, 17005
pause-pod-5-130, 1764591300400, 1764591317443, 17043
pause-pod-5-131, 1764591300402, 1764591317493, 17091
pause-pod-5-132, 1764591300404, 1764591317541, 17137
pause-pod-5-133, 1764591300411, 1764591317597, 17186
pause-pod-5-134, 1764591300443, 1764591317646, 17203
pause-pod-5-135, 1764591300446, 1764591317692, 17246
pause-pod-5-136, 1764591300460, 1764591317792, 17332
pause-pod-5-137, 1764591300463, 1764591317885, 17422
pause-pod-5-138, 1764591300470, 1764591317935, 17465
pause-pod-5-139, 1764591300498, 1764591317981, 17483
pause-pod-5-140, 1764591300518, 1764591318034, 17516
pause-pod-5-141, 1764591300521, 1764591318086, 17565
pause-pod-5-142, 1764591300537, 1764591318132, 17595
pause-pod-5-143, 1764591300551, 1764591318180, 17629
pause-pod-5-144, 1764591300566, 1764591318228, 17662
pause-pod-5-145, 1764591300607, 1764591318282, 17675
pause-pod-5-146, 1764591300613, 1764591318338, 17725
pause-pod-5-147, 1764591300616, 1764591318388, 17772
pause-pod-5-148, 1764591300662, 1764591318435, 17773
pause-pod-5-149, 1764591300666, 1764591318480, 17814
pause-pod-5-150, 1764591300716, 1764591318531, 17815
pause-pod-6-1, 1764591416498, 1764591423333, 6835
pause-pod-6-2, 1764591416501, 1764591423454, 6953
pause-pod-6-3, 1764591416502, 1764591423535, 7033
pause-pod-6-4, 1764591416504, 1764591423595, 7091
pause-pod-6-5, 1764591416508, 1764591423767, 7259
pause-pod-6-6, 1764591416520, 1764591424023, 7503
pause-pod-6-7, 1764591416529, 1764591424342, 7813
pause-pod-6-8, 1764591416533, 1764591424580, 8047
pause-pod-6-9, 1764591416580, 1764591424732, 8152
pause-pod-6-10, 1764591416603, 1764591424886, 8283
pause-pod-6-11, 1764591416605, 1764591424994, 8389
pause-pod-6-12, 1764591416608, 1764591425073, 8465
pause-pod-6-13, 1764591416633, 1764591425271, 8638
pause-pod-6-14, 1764591416651, 1764591425362, 8711
pause-pod-6-15, 1764591416662, 1764591425609, 8947
pause-pod-6-16, 1764591416664, 1764591425683, 9019
pause-pod-6-17, 1764591416670, 1764591425783, 9113
pause-pod-6-18, 1764591416673, 1764591425856, 9183
pause-pod-6-19, 1764591416694, 1764591426941, 10247
pause-pod-6-20, 1764591416697, 1764591427008, 10311
pause-pod-6-21, 1764591416699, 1764591428827, 12128
pause-pod-6-22, 1764591416702, 1764591428947, 12245
pause-pod-6-23, 1764591416704, 1764591429017, 12313
pause-pod-6-24, 1764591416727, 1764591429104, 12377
pause-pod-6-25, 1764591416741, 1764591429237, 12496
pause-pod-6-26, 1764591416799, 1764591429377, 12578
pause-pod-6-27, 1764591416824, 1764591429555, 12731
pause-pod-6-28, 1764591416839, 1764591429631, 12792
pause-pod-6-29, 1764591416845, 1764591429740, 12895
pause-pod-6-30, 1764591416848, 1764591432113, 15265
pause-pod-6-31, 1764591416852, 1764591432193, 15341
pause-pod-6-32, 1764591416856, 1764591432383, 15527
pause-pod-6-33, 1764591416858, 1764591432489, 15631
pause-pod-6-34, 1764591416869, 1764591432667, 15798
pause-pod-6-35, 1764591416875, 1764591432835, 15960
pause-pod-6-36, 1764591416901, 1764591432884, 15983
pause-pod-6-37, 1764591416916, 1764591432961, 16045
pause-pod-6-38, 1764591416954, 1764591433011, 16057
pause-pod-6-39, 1764591416980, 1764591433071, 16091
pause-pod-6-40, 1764591416988, 1764591433127, 16139
pause-pod-6-41, 1764591417015, 1764591433191, 16176
pause-pod-6-42, 1764591417076, 1764591433244, 16168
pause-pod-6-43, 1764591417082, 1764591433300, 16218
pause-pod-6-44, 1764591417090, 1764591433355, 16265
pause-pod-6-45, 1764591417135, 1764591433409, 16274
pause-pod-6-46, 1764591417150, 1764591433460, 16310
pause-pod-6-47, 1764591417153, 1764591433509, 16356
pause-pod-6-48, 1764591417167, 1764591433561, 16394
pause-pod-6-49, 1764591417234, 1764591433621, 16387
pause-pod-6-50, 1764591417250, 1764591433675, 16425
pause-pod-6-51, 1764591417280, 1764591433724, 16444
pause-pod-6-52, 1764591417283, 1764591433780, 16497
pause-pod-6-53, 1764591417287, 1764591433835, 16548
pause-pod-6-54, 1764591417293, 1764591433933, 16640
pause-pod-6-55, 1764591417295, 1764591433984, 16689
pause-pod-6-56, 1764591417297, 1764591434032, 16735
pause-pod-6-57, 1764591417312, 1764591434088, 16776
pause-pod-6-58, 1764591417315, 1764591434147, 16832
pause-pod-6-59, 1764591417318, 1764591434210, 16892
pause-pod-6-60, 1764591417329, 1764591434367, 17038
pause-pod-6-61, 1764591417332, 1764591434418, 17086
pause-pod-6-62, 1764591417335, 1764591434485, 17150
pause-pod-6-63, 1764591417351, 1764591434541, 17190
pause-pod-6-64, 1764591417355, 1764591434602, 17247
pause-pod-6-65, 1764591417356, 1764591434659, 17303
pause-pod-6-66, 1764591417364, 1764591434718, 17354
pause-pod-6-67, 1764591417401, 1764591434777, 17376
pause-pod-6-68, 1764591417427, 1764591434824, 17397
pause-pod-6-69, 1764591417473, 1764591434883, 17410
pause-pod-6-70, 1764591417492, 1764591434936, 17444
pause-pod-6-71, 1764591417555, 1764591434988, 17433
pause-pod-6-72, 1764591417557, 1764591435044, 17487
pause-pod-6-73, 1764591417561, 1764591435102, 17541
pause-pod-6-74, 1764591417624, 1764591435154, 17530
pause-pod-6-75, 1764591417629, 1764591435210, 17581
pause-pod-6-76, 1764591417632, 1764591435263, 17631
pause-pod-6-77, 1764591417637, 1764591435330, 17693
pause-pod-6-78, 1764591417719, 1764591435381, 17662
pause-pod-6-79, 1764591417840, 1764591435431, 17591
pause-pod-6-80, 1764591417882, 1764591435481, 17599
pause-pod-6-81, 1764591417885, 1764591435541, 17656
pause-pod-6-82, 1764591417891, 1764591435591, 17700
pause-pod-6-83, 1764591417913, 1764591435637, 17724
pause-pod-6-84, 1764591417959, 1764591435683, 17724
pause-pod-6-85, 1764591417983, 1764591435737, 17754
pause-pod-6-86, 1764591417990, 1764591435787, 17797
pause-pod-6-87, 1764591418011, 1764591435835, 17824
pause-pod-6-88, 1764591418066, 1764591435887, 17821
pause-pod-6-89, 1764591418096, 1764591435934, 17838
pause-pod-6-90, 1764591418138, 1764591435991, 17853
pause-pod-6-91, 1764591418147, 1764591436036, 17889
pause-pod-6-92, 1764591418166, 1764591436092, 17926
pause-pod-6-93, 1764591418180, 1764591436156, 17976
pause-pod-6-94, 1764591418197, 1764591436218, 18021
pause-pod-6-95, 1764591418231, 1764591436287, 18056
pause-pod-6-96, 1764591418270, 1764591436352, 18082
pause-pod-6-97, 1764591418283, 1764591436406, 18123
pause-pod-6-98, 1764591418302, 1764591436460, 18158
pause-pod-6-99, 1764591418321, 1764591436513, 18192
pause-pod-6-100, 1764591418350, 1764591436571, 18221
pause-pod-6-101, 1764591418388, 1764591436627, 18239
pause-pod-6-102, 1764591418397, 1764591436677, 18280
pause-pod-6-103, 1764591418407, 1764591436729, 18322
pause-pod-6-104, 1764591418417, 1764591436781, 18364
pause-pod-6-105, 1764591418428, 1764591436832, 18404
pause-pod-6-106, 1764591418431, 1764591436883, 18452
pause-pod-6-107, 1764591418470, 1764591436933, 18463
pause-pod-6-108, 1764591418473, 1764591436987, 18514
pause-pod-6-109, 1764591418481, 1764591437042, 18561
pause-pod-6-110, 1764591418494, 1764591437105, 18611
pause-pod-6-111, 1764591418548, 1764591437163, 18615
pause-pod-6-112, 1764591418552, 1764591437224, 18672
pause-pod-6-113, 1764591418573, 1764591437279, 18706
pause-pod-6-114, 1764591418585, 1764591437334, 18749
pause-pod-6-115, 1764591418597, 1764591437383, 18786
pause-pod-6-116, 1764591418644, 1764591437445, 18801
pause-pod-6-117, 1764591418646, 1764591437511, 18865
pause-pod-6-118, 1764591418649, 1764591437568, 18919
pause-pod-6-119, 1764591418668, 1764591437626, 18958
pause-pod-6-120, 1764591418705, 1764591437674, 18969
pause-pod-6-121, 1764591418724, 1764591437736, 19012
pause-pod-6-122, 1764591418733, 1764591437789, 19056
pause-pod-6-123, 1764591418736, 1764591437835, 19099
pause-pod-6-124, 1764591418742, 1764591437884, 19142
pause-pod-6-125, 1764591418747, 1764591437937, 19190
pause-pod-6-126, 1764591418749, 1764591437987, 19238
pause-pod-6-127, 1764591418778, 1764591438041, 19263
pause-pod-6-128, 1764591418821, 1764591438101, 19280
pause-pod-6-129, 1764591418846, 1764591438153, 19307
pause-pod-6-130, 1764591418853, 1764591438207, 19354
pause-pod-6-131, 1764591418870, 1764591438264, 19394
pause-pod-6-132, 1764591418898, 1764591438329, 19431
pause-pod-6-133, 1764591418907, 1764591438391, 19484
pause-pod-6-134, 1764591418923, 1764591438438, 19515
pause-pod-6-135, 1764591418942, 1764591438497, 19555
pause-pod-6-136, 1764591418993, 1764591438550, 19557
pause-pod-6-137, 1764591419007, 1764591438626, 19619
pause-pod-6-138, 1764591419010, 1764591438679, 19669
pause-pod-6-139, 1764591419017, 1764591438733, 19716
pause-pod-6-140, 1764591419020, 1764591438780, 19760
pause-pod-6-141, 1764591419022, 1764591438832, 19810
pause-pod-6-142, 1764591419024, 1764591438899, 19875
pause-pod-6-143, 1764591419027, 1764591438986, 19959
pause-pod-6-144, 1764591419030, 1764591439034, 20004
pause-pod-6-145, 1764591419091, 1764591439085, 19994
pause-pod-6-146, 1764591419097, 1764591439145, 20048
pause-pod-6-147, 1764591419101, 1764591439197, 20096
pause-pod-6-148, 1764591419111, 1764591439267, 20156
pause-pod-6-149, 1764591419113, 1764591439341, 20228
pause-pod-6-150, 1764591419116, 1764591439393, 20277
