Pod Name, Creation Timestamp, Ready Timestamp, Latency (milliseconds)
pause-pod-1-1, 1764590197578, 1764590206314, 8736
pause-pod-1-2, 1764590197579, 1764590206573, 8994
pause-pod-1-3, 1764590197581, 1764590206740, 9159
pause-pod-1-4, 1764590197583, 1764590206945, 9362
pause-pod-1-5, 1764590197589, 1764590207205, 9616
pause-pod-1-6, 1764590197593, 1764590207423, 9830
pause-pod-1-7, 1764590197600, 1764590207621, 10021
pause-pod-1-8, 1764590197607, 1764590207838, 10231
pause-pod-1-9, 1764590197621, 1764590208083, 10462
pause-pod-1-10, 1764590197698, 1764590210791, 13093
pause-pod-1-11, 1764590197749, 1764590210958, 13209
pause-pod-1-12, 1764590197769, 1764590211162, 13393
pause-pod-1-13, 1764590197809, 1764590211442, 13633
pause-pod-1-14, 1764590197828, 1764590211639, 13811
pause-pod-1-15, 1764590197857, 1764590211846, 13989
pause-pod-1-16, 1764590197910, 1764590212005, 14095
pause-pod-1-17, 1764590197913, 1764590212185, 14272
pause-pod-1-18, 1764590197914, 1764590212344, 14430
pause-pod-1-19, 1764590197948, 1764590212493, 14545
pause-pod-1-20, 1764590198053, 1764590212652, 14599
pause-pod-1-21, 1764590198069, 1764590212806, 14737
pause-pod-1-22, 1764590198100, 1764590212961, 14861
pause-pod-1-23, 1764590198110, 1764590213118, 15008
pause-pod-1-24, 1764590198135, 1764590213270, 15135
pause-pod-1-25, 1764590198162, 1764590213431, 15269
pause-pod-1-26, 1764590198181, 1764590213587, 15406
pause-pod-1-27, 1764590198210, 1764590213745, 15535
pause-pod-1-28, 1764590198277, 1764590213918, 15641
pause-pod-1-29, 1764590198317, 1764590214104, 15787
pause-pod-1-30, 1764590198406, 1764590214269, 15863
pause-pod-1-31, 1764590198485, 1764590214433, 15948
pause-pod-1-32, 1764590198552, 1764590214594, 16042
pause-pod-1-33, 1764590198664, 1764590214751, 16087
pause-pod-1-34, 1764590198672, 1764590214918, 16246
pause-pod-1-35, 1764590198759, 1764590215076, 16317
pause-pod-1-36, 1764590198783, 1764590215238, 16455
pause-pod-1-37, 1764590198789, 1764590215402, 16613
pause-pod-1-38, 1764590198803, 1764590215555, 16752
pause-pod-1-39, 1764590198831, 1764590215711, 16880
pause-pod-1-40, 1764590198847, 1764590215862, 17015
pause-pod-1-41, 1764590198914, 1764590216016, 17102
pause-pod-1-42, 1764590198950, 1764590216177, 17227
pause-pod-1-43, 1764590199007, 1764590216333, 17326
pause-pod-1-44, 1764590199014, 1764590216495, 17481
pause-pod-1-45, 1764590199027, 1764590216657, 17630
pause-pod-1-46, 1764590199029, 1764590216823, 17794
pause-pod-1-47, 1764590199031, 1764590216979, 17948
pause-pod-1-48, 1764590199108, 1764590217136, 18028
pause-pod-1-49, 1764590199312, 1764590217288, 17976
pause-pod-1-50, 1764590199425, 1764590217445, 18020
pause-pod-1-51, 1764590199568, 1764590217610, 18042
pause-pod-1-52, 1764590199592, 1764590217775, 18183
pause-pod-1-53, 1764590199599, 1764590217928, 18329
pause-pod-1-54, 1764590199623, 1764590218087, 18464
pause-pod-1-55, 1764590199631, 1764590218245, 18614
pause-pod-1-56, 1764590199640, 1764590218397, 18757
pause-pod-1-57, 1764590199677, 1764590218568, 18891
pause-pod-1-58, 1764590199696, 1764590218728, 19032
pause-pod-1-59, 1764590199765, 1764590218884, 19119
pause-pod-1-60, 1764590199820, 1764590219036, 19216
pause-pod-1-61, 1764590200058, 1764590219188, 19130
pause-pod-1-62, 1764590200070, 1764590219339, 19269
pause-pod-1-63, 1764590200206, 1764590219494, 19288
pause-pod-1-64, 1764590200359, 1764590219653, 19294
pause-pod-1-65, 1764590200418, 1764590219803, 19385
pause-pod-1-66, 1764590200442, 1764590219982, 19540
pause-pod-1-67, 1764590200565, 1764590220135, 19570
pause-pod-1-68, 1764590200837, 1764590220312, 19475
pause-pod-1-69, 1764590200904, 1764590220463, 19559
pause-pod-1-70, 1764590200909, 1764590220617, 19708
pause-pod-1-71, 1764590200919, 1764590220775, 19856
pause-pod-1-72, 1764590201218, 1764590220941, 19723
pause-pod-1-73, 1764590201253, 1764590221105, 19852
pause-pod-1-74, 1764590201317, 1764590221267, 19950
pause-pod-1-75, 1764590201323, 1764590221449, 20126
pause-pod-1-76, 1764590201396, 1764590221683, 20287
pause-pod-1-77, 1764590201519, 1764590221900, 20381
pause-pod-1-78, 1764590201523, 1764590222052, 20529
pause-pod-1-79, 1764590201541, 1764590222224, 20683
pause-pod-1-80, 1764590201611, 1764590222423, 20812
pause-pod-1-81, 1764590201621, 1764590222574, 20953
pause-pod-1-82, 1764590201632, 1764590222780, 21148
pause-pod-1-83, 1764590201840, 1764590222934, 21094
pause-pod-1-84, 1764590201924, 1764590223090, 21166
pause-pod-1-85, 1764590202025, 1764590223241, 21216
pause-pod-1-86, 1764590202193, 1764590223398, 21205
pause-pod-1-87, 1764590202299, 1764590223550, 21251
pause-pod-1-88, 1764590202431, 1764590223715, 21284
pause-pod-1-89, 1764590202517, 1764590223869, 21352
pause-pod-1-90, 1764590202590, 1764590224034, 21444
pause-pod-1-91, 1764590202747, 1764590224190, 21443
pause-pod-1-92, 1764590202769, 1764590224350, 21581
pause-pod-1-93, 1764590202881, 1764590224515, 21634
pause-pod-1-94, 1764590202886, 1764590224686, 21800
pause-pod-1-95, 1764590202889, 1764590224843, 21954
pause-pod-1-96, 1764590202905, 1764590225001, 22096
pause-pod-1-97, 1764590203040, 1764590225160, 22120
pause-pod-1-98, 1764590203129, 1764590225322, 22193
pause-pod-1-99, 1764590203202, 1764590225478, 22276
pause-pod-1-100, 1764590203259, 1764590225643, 22384
pause-pod-2-1, 1764590300773, 1764590309088, 8315
pause-pod-2-2, 1764590300775, 1764590309296, 8521
pause-pod-2-3, 1764590300777, 1764590309580, 8803
pause-pod-2-4, 1764590300780, 1764590309758, 8978
pause-pod-2-5, 1764590300792, 1764590309919, 9127
pause-pod-2-6, 1764590300803, 1764590310090, 9287
pause-pod-2-7, 1764590300808, 1764590310272, 9464
pause-pod-2-8, 1764590300836, 1764590310453, 9617
pause-pod-2-9, 1764590300869, 1764590310626, 9757
pause-pod-2-10, 1764590300899, 1764590310800, 9901
pause-pod-2-11, 1764590300921, 1764590310989, 10068
pause-pod-2-12, 1764590300941, 1764590311152, 10211
pause-pod-2-13, 1764590300967, 1764590311471, 10504
pause-pod-2-14, 1764590301010, 1764590311682, 10672
pause-pod-2-15, 1764590301033, 1764590311848, 10815
pause-pod-2-16, 1764590301050, 1764590312020, 10970
pause-pod-2-17, 1764590301065, 1764590312203, 11138
pause-pod-2-18, 1764590301068, 1764590312389, 11321
pause-pod-2-19, 1764590301087, 1764590312575, 11488
pause-pod-2-20, 1764590301121, 1764590312815, 11694
pause-pod-2-21, 1764590301197, 1764590313000, 11803
pause-pod-2-22, 1764590301350, 1764590313163, 11813
pause-pod-2-23, 1764590301406, 1764590313327, 11921
pause-pod-2-24, 1764590301460, 1764590313494, 12034
pause-pod-2-25, 1764590301538, 1764590313660, 12122
pause-pod-2-26, 1764590301586, 1764590313830, 12244
pause-pod-2-27, 1764590301609, 1764590313983, 12374
pause-pod-2-28, 1764590301627, 1764590314137, 12510
pause-pod-2-29, 1764590301708, 1764590314302, 12594
pause-pod-2-30, 1764590301769, 1764590314466, 12697
pause-pod-2-31, 1764590301819, 1764590314627, 12808
pause-pod-2-32, 1764590301874, 1764590314811, 12937
pause-pod-2-33, 1764590302022, 1764590314973, 12951
pause-pod-2-34, 1764590302167, 1764590315137, 12970
pause-pod-2-35, 1764590302219, 1764590315331, 13112
pause-pod-2-36, 1764590302239, 1764590315490, 13251
pause-pod-2-37, 1764590302309, 1764590315648, 13339
pause-pod-2-38, 1764590302367, 1764590315805, 13438
pause-pod-2-39, 1764590302389, 1764590315963, 13574
pause-pod-2-40, 1764590302535, 1764590316120, 13585
pause-pod-2-41, 1764590302540, 1764590316270, 13730
pause-pod-2-42, 1764590302598, 1764590316430, 13832
pause-pod-2-43, 1764590302611, 1764590316591, 13980
pause-pod-2-44, 1764590302711, 1764590316751, 14040
pause-pod-2-45, 1764590302791, 1764590316905, 14114
pause-pod-2-46, 1764590302861, 1764590317068, 14207
pause-pod-2-47, 1764590302913, 1764590317223, 14310
pause-pod-2-48, 1764590302970, 1764590317423, 14453
pause-pod-2-49, 1764590303015, 1764590317587, 14572
pause-pod-2-50, 1764590303099, 1764590317743, 14644
pause-pod-2-51, 1764590303146, 1764590317920, 14774
pause-pod-2-52, 1764590303277, 1764590318077, 14800
pause-pod-2-53, 1764590303459, 1764590318253, 14794
pause-pod-2-54, 1764590303599, 1764590318412, 14813
pause-pod-2-55, 1764590303750, 1764590318616, 14866
pause-pod-2-56, 1764590303772, 1764590318786, 15014
pause-pod-2-57, 1764590303816, 1764590318939, 15123
pause-pod-2-58, 1764590303819, 1764590319097, 15278
pause-pod-2-59, 1764590303892, 1764590319255, 15363
pause-pod-2-60, 1764590303927, 1764590319419, 15492
pause-pod-2-61, 1764590304003, 1764590319604, 15601
pause-pod-2-62, 1764590304016, 1764590319765, 15749
pause-pod-2-63, 1764590304039, 1764590319962, 15923
pause-pod-2-64, 1764590304099, 1764590320110, 16011
pause-pod-2-65, 1764590304215, 1764590320277, 16062
pause-pod-2-66, 1764590304264, 1764590320435, 16171
pause-pod-2-67, 1764590304285, 1764590320602, 16317
pause-pod-2-68, 1764590304360, 1764590320757, 16397
pause-pod-2-69, 1764590304537, 1764590320918, 16381
pause-pod-2-70, 1764590304645, 1764590321071, 16426
pause-pod-2-71, 1764590304706, 1764590321219, 16513
pause-pod-2-72, 1764590304735, 1764590321373, 16638
pause-pod-2-73, 1764590304749, 1764590321533, 16784
pause-pod-2-74, 1764590304753, 1764590321691, 16938
pause-pod-2-75, 1764590304757, 1764590321848, 17091
pause-pod-2-76, 1764590304759, 1764590322011, 17252
pause-pod-2-77, 1764590304786, 1764590322164, 17378
pause-pod-2-78, 1764590304889, 1764590322325, 17436
pause-pod-2-79, 1764590304950, 1764590322481, 17531
pause-pod-2-80, 1764590305153, 1764590322643, 17490
pause-pod-2-81, 1764590305167, 1764590322792, 17625
pause-pod-2-82, 1764590305172, 1764590322947, 17775
pause-pod-2-83, 1764590305178, 1764590323097, 17919
pause-pod-2-84, 1764590305230, 1764590323250, 18020
pause-pod-2-85, 1764590305307, 1764590323418, 18111
pause-pod-2-86, 1764590305607, 1764590323580, 17973
pause-pod-2-87, 1764590305662, 1764590323747, 18085
pause-pod-2-88, 1764590305715, 1764590323908, 18193
pause-pod-2-89, 1764590305768, 1764590324071, 18303
pause-pod-2-90, 1764590305954, 1764590324229, 18275
pause-pod-2-91, 1764590306000, 1764590324395, 18395
pause-pod-2-92, 1764590306010, 1764590324550, 18540
pause-pod-2-93, 1764590306016, 1764590324765, 18749
pause-pod-2-94, 1764590306093, 1764590324936, 18843
pause-pod-2-95, 1764590306174, 1764590325096, 18922
pause-pod-2-96, 1764590306314, 1764590325252, 18938
pause-pod-2-97, 1764590306485, 1764590325419, 18934
pause-pod-2-98, 1764590306542, 1764590325593, 19051
pause-pod-2-99, 1764590306640, 1764590325746, 19106
pause-pod-2-100, 1764590306718, 1764590325898, 19180
pause-pod-3-1, 1764590399382, 1764590408234, 8852
pause-pod-3-2, 1764590399384, 1764590408496, 9112
pause-pod-3-3, 1764590399386, 1764590408743, 9357
pause-pod-3-4, 1764590399391, 1764590408953, 9562
pause-pod-3-5, 1764590399393, 1764590409138, 9745
pause-pod-3-6, 1764590399400, 1764590409371, 9971
pause-pod-3-7, 1764590399403, 1764590409563, 10160
pause-pod-3-8, 1764590399423, 1764590409785, 10362
pause-pod-3-9, 1764590399437, 1764590409997, 10560
pause-pod-3-10, 1764590399458, 1764590410180, 10722
pause-pod-3-11, 1764590399474, 1764590410429, 10955
pause-pod-3-12, 1764590399511, 1764590410595, 11084
pause-pod-3-13, 1764590399527, 1764590410761, 11234
pause-pod-3-14, 1764590399540, 1764590410971, 11431
pause-pod-3-15, 1764590399605, 1764590411158, 11553
pause-pod-3-16, 1764590399675, 1764590411369, 11694
pause-pod-3-17, 1764590399720, 1764590411561, 11841
pause-pod-3-18, 1764590399734, 1764590411772, 12038
pause-pod-3-19, 1764590399736, 1764590411946, 12210
pause-pod-3-20, 1764590399748, 1764590412164, 12416
pause-pod-3-21, 1764590399788, 1764590412340, 12552
pause-pod-3-22, 1764590399841, 1764590412536, 12695
pause-pod-3-23, 1764590399865, 1764590412699, 12834
pause-pod-3-24, 1764590399921, 1764590412942, 13021
pause-pod-3-25, 1764590399959, 1764590413127, 13168
pause-pod-3-26, 1764590400036, 1764590413341, 13305
pause-pod-3-27, 1764590400083, 1764590413564, 13481
pause-pod-3-28, 1764590400104, 1764590413774, 13670
pause-pod-3-29, 1764590400140, 1764590413930, 13790
pause-pod-3-30, 1764590400161, 1764590414100, 13939
pause-pod-3-31, 1764590400234, 1764590414261, 14027
pause-pod-3-32, 1764590400266, 1764590414433, 14167
pause-pod-3-33, 1764590400385, 1764590414590, 14205
pause-pod-3-34, 1764590400397, 1764590414743, 14346
pause-pod-3-35, 1764590400512, 1764590414889, 14377
pause-pod-3-36, 1764590400572, 1764590415040, 14468
pause-pod-3-37, 1764590400615, 1764590415221, 14606
pause-pod-3-38, 1764590400671, 1764590415387, 14716
pause-pod-3-39, 1764590400709, 1764590415543, 14834
pause-pod-3-40, 1764590400772, 1764590415696, 14924
pause-pod-3-41, 1764590400795, 1764590415851, 15056
pause-pod-3-42, 1764590400829, 1764590416048, 15219
pause-pod-3-43, 1764590400833, 1764590416221, 15388
pause-pod-3-44, 1764590400839, 1764590416383, 15544
pause-pod-3-45, 1764590400842, 1764590416557, 15715
pause-pod-3-46, 1764590400845, 1764590416715, 15870
pause-pod-3-47, 1764590400847, 1764590416865, 16018
pause-pod-3-48, 1764590400855, 1764590417016, 16161
pause-pod-3-49, 1764590400946, 1764590417175, 16229
pause-pod-3-50, 1764590400981, 1764590417329, 16348
pause-pod-3-51, 1764590401023, 1764590417495, 16472
pause-pod-3-52, 1764590401057, 1764590417665, 16608
pause-pod-3-53, 1764590401104, 1764590417827, 16723
pause-pod-3-54, 1764590401151, 1764590418005, 16854
pause-pod-3-55, 1764590401257, 1764590418150, 16893
pause-pod-3-56, 1764590401407, 1764590418306, 16899
pause-pod-3-57, 1764590401446, 1764590418454, 17008
pause-pod-3-58, 1764590401563, 1764590418626, 17063
pause-pod-3-59, 1764590401620, 1764590418785, 17165
pause-pod-3-60, 1764590401688, 1764590418941, 17253
pause-pod-3-61, 1764590401765, 1764590419095, 17330
pause-pod-3-62, 1764590401826, 1764590419245, 17419
pause-pod-3-63, 1764590401875, 1764590419397, 17522
pause-pod-3-64, 1764590401947, 1764590419553, 17606
pause-pod-3-65, 1764590402110, 1764590419705, 17595
pause-pod-3-66, 1764590402176, 1764590419858, 17682
pause-pod-3-67, 1764590402296, 1764590420021, 17725
pause-pod-3-68, 1764590402305, 1764590420181, 17876
pause-pod-3-69, 1764590402309, 1764590420373, 18064
pause-pod-3-70, 1764590402331, 1764590420527, 18196
pause-pod-3-71, 1764590402482, 1764590420680, 18198
pause-pod-3-72, 1764590402708, 1764590420833, 18125
pause-pod-3-73, 1764590402866, 1764590420986, 18120
pause-pod-3-74, 1764590403008, 1764590421135, 18127
pause-pod-3-75, 1764590403180, 1764590421292, 18112
pause-pod-3-76, 1764590403323, 1764590421445, 18122
pause-pod-3-77, 1764590403341, 1764590421605, 18264
pause-pod-3-78, 1764590403344, 1764590421758, 18414
pause-pod-3-79, 1764590403485, 1764590421908, 18423
pause-pod-3-80, 1764590403623, 1764590422061, 18438
pause-pod-3-81, 1764590403799, 1764590422211, 18412
pause-pod-3-82, 1764590404025, 1764590422375, 18350
pause-pod-3-83, 1764590404069, 1764590422531, 18462
pause-pod-3-84, 1764590404311, 1764590422688, 18377
pause-pod-3-85, 1764590404500, 1764590422838, 18338
pause-pod-3-86, 1764590404657, 1764590422989, 18332
pause-pod-3-87, 1764590404845, 1764590423143, 18298
pause-pod-3-88, 1764590405032, 1764590423297, 18265
pause-pod-3-89, 1764590405085, 1764590423452, 18367
pause-pod-3-90, 1764590405092, 1764590423604, 18512
pause-pod-3-91, 1764590405225, 1764590423776, 18551
pause-pod-3-92, 1764590405253, 1764590423931, 18678
pause-pod-3-93, 1764590405290, 1764590424084, 18794
pause-pod-3-94, 1764590405294, 1764590424238, 18944
pause-pod-3-95, 1764590405456, 1764590424406, 18950
pause-pod-3-96, 1764590405466, 1764590424573, 19107
pause-pod-3-97, 1764590405580, 1764590424730, 19150
pause-pod-3-98, 1764590405696, 1764590424885, 19189
pause-pod-3-99, 1764590405877, 1764590425035, 19158
pause-pod-3-100, 1764590405882, 1764590425198, 19316
pause-pod-4-1, 1764590496568, 1764590505062, 8494
pause-pod-4-2, 1764590496571, 1764590505434, 8863
pause-pod-4-3, 1764590496573, 1764590505621, 9048
pause-pod-4-4, 1764590496582, 1764590505881, 9299
pause-pod-4-5, 1764590496589, 1764590506066, 9477
pause-pod-4-6, 1764590496600, 1764590506229, 9629
pause-pod-4-7, 1764590496602, 1764590506443, 9841
pause-pod-4-8, 1764590496610, 1764590506654, 10044
pause-pod-4-9, 1764590496633, 1764590506917, 10284
pause-pod-4-10, 1764590496672, 1764590507075, 10403
pause-pod-4-11, 1764590496681, 1764590507232, 10551
pause-pod-4-12, 1764590496699, 1764590507397, 10698
pause-pod-4-13, 1764590496764, 1764590507604, 10840
pause-pod-4-14, 1764590496785, 1764590507789, 11004
pause-pod-4-15, 1764590496817, 1764590507967, 11150
pause-pod-4-16, 1764590496867, 1764590508127, 11260
pause-pod-4-17, 1764590496905, 1764590508322, 11417
pause-pod-4-18, 1764590496928, 1764590508495, 11567
pause-pod-4-19, 1764590496992, 1764590508664, 11672
pause-pod-4-20, 1764590496996, 1764590508832, 11836
pause-pod-4-21, 1764590497017, 1764590508994, 11977
pause-pod-4-22, 1764590497069, 1764590509146, 12077
pause-pod-4-23, 1764590497116, 1764590509314, 12198
pause-pod-4-24, 1764590497211, 1764590509470, 12259
pause-pod-4-25, 1764590497231, 1764590509630, 12399
pause-pod-4-26, 1764590497260, 1764590509793, 12533
pause-pod-4-27, 1764590497366, 1764590509953, 12587
pause-pod-4-28, 1764590497444, 1764590510112, 12668
pause-pod-4-29, 1764590497589, 1764590510281, 12692
pause-pod-4-30, 1764590497612, 1764590510451, 12839
pause-pod-4-31, 1764590497670, 1764590510618, 12948
pause-pod-4-32, 1764590497701, 1764590510777, 13076
pause-pod-4-33, 1764590497733, 1764590510933, 13200
pause-pod-4-34, 1764590497805, 1764590511093, 13288
pause-pod-4-35, 1764590497902, 1764590511257, 13355
pause-pod-4-36, 1764590497970, 1764590511432, 13462
pause-pod-4-37, 1764590498072, 1764590511590, 13518
pause-pod-4-38, 1764590498076, 1764590511749, 13673
pause-pod-4-39, 1764590498188, 1764590511929, 13741
pause-pod-4-40, 1764590498318, 1764590512091, 13773
pause-pod-4-41, 1764590498329, 1764590512245, 13916
pause-pod-4-42, 1764590498340, 1764590512397, 14057
pause-pod-4-43, 1764590498415, 1764590512552, 14137
pause-pod-4-44, 1764590498489, 1764590512754, 14265
pause-pod-4-45, 1764590498509, 1764590512906, 14397
pause-pod-4-46, 1764590498530, 1764590513055, 14525
pause-pod-4-47, 1764590498682, 1764590513210, 14528
pause-pod-4-48, 1764590498751, 1764590513377, 14626
pause-pod-4-49, 1764590498779, 1764590513545, 14766
pause-pod-4-50, 1764590498789, 1764590513707, 14918
pause-pod-4-51, 1764590498844, 1764590513852, 15008
pause-pod-4-52, 1764590498968, 1764590514009, 15041
pause-pod-4-53, 1764590499003, 1764590514165, 15162
pause-pod-4-54, 1764590499073, 1764590514328, 15255
pause-pod-4-55, 1764590499157, 1764590514483, 15326
pause-pod-4-56, 1764590499232, 1764590514638, 15406
pause-pod-4-57, 1764590499234, 1764590514814, 15580
pause-pod-4-58, 1764590499244, 1764590514985, 15741
pause-pod-4-59, 1764590499426, 1764590515133, 15707
pause-pod-4-60, 1764590499440, 1764590515291, 15851
pause-pod-4-61, 1764590499455, 1764590515447, 15992
pause-pod-4-62, 1764590499531, 1764590515612, 16081
pause-pod-4-63, 1764590499622, 1764590515762, 16140
pause-pod-4-64, 1764590499702, 1764590515916, 16214
pause-pod-4-65, 1764590499870, 1764590516073, 16203
pause-pod-4-66, 1764590499958, 1764590516232, 16274
pause-pod-4-67, 1764590499965, 1764590516401, 16436
pause-pod-4-68, 1764590499966, 1764590516552, 16586
pause-pod-4-69, 1764590500009, 1764590516711, 16702
pause-pod-4-70, 1764590500109, 1764590516870, 16761
pause-pod-4-71, 1764590500199, 1764590517034, 16835
pause-pod-4-72, 1764590500352, 1764590517194, 16842
pause-pod-4-73, 1764590500536, 1764590517344, 16808
pause-pod-4-74, 1764590500651, 1764590517494, 16843
pause-pod-4-75, 1764590500758, 1764590517646, 16888
pause-pod-4-76, 1764590500811, 1764590517797, 16986
pause-pod-4-77, 1764590500886, 1764590517954, 17068
pause-pod-4-78, 1764590500901, 1764590518111, 17210
pause-pod-4-79, 1764590500903, 1764590518281, 17378
pause-pod-4-80, 1764590500910, 1764590518442, 17532
pause-pod-4-81, 1764590500965, 1764590518596, 17631
pause-pod-4-82, 1764590501103, 1764590518809, 17706
pause-pod-4-83, 1764590501455, 1764590518960, 17505
pause-pod-4-84, 1764590501479, 1764590519119, 17640
pause-pod-4-85, 1764590501666, 1764590519274, 17608
pause-pod-4-86, 1764590501751, 1764590519435, 17684
pause-pod-4-87, 1764590501790, 1764590519592, 17802
pause-pod-4-88, 1764590501811, 1764590519746, 17935
pause-pod-4-89, 1764590501851, 1764590519900, 18049
pause-pod-4-90, 1764590501904, 1764590520053, 18149
pause-pod-4-91, 1764590502036, 1764590520211, 18175
pause-pod-4-92, 1764590502099, 1764590520374, 18275
pause-pod-4-93, 1764590502255, 1764590520540, 18285
pause-pod-4-94, 1764590502424, 1764590520692, 18268
pause-pod-4-95, 1764590502517, 1764590520854, 18337
pause-pod-4-96, 1764590502616, 1764590521025, 18409
pause-pod-4-97, 1764590502656, 1764590521179, 18523
pause-pod-4-98, 1764590502861, 1764590521336, 18475
pause-pod-4-99, 1764590502903, 1764590521497, 18594
pause-pod-4-100, 1764590502924, 1764590521680, 18756
pause-pod-5-1, 1764590594841, 1764590603367, 8526
pause-pod-5-2, 1764590594847, 1764590603541, 8694
pause-pod-5-3, 1764590594849, 1764590603716, 8867
pause-pod-5-4, 1764590594868, 1764590603897, 9029
pause-pod-5-5, 1764590594870, 1764590604065, 9195
pause-pod-5-6, 1764590594883, 1764590604253, 9370
pause-pod-5-7, 1764590594901, 1764590604446, 9545
pause-pod-5-8, 1764590594931, 1764590604616, 9685
pause-pod-5-9, 1764590594958, 1764590604773, 9815
pause-pod-5-10, 1764590594995, 1764590604973, 9978
pause-pod-5-11, 1764590595039, 1764590605144, 10105
pause-pod-5-12, 1764590595085, 1764590605305, 10220
pause-pod-5-13, 1764590595103, 1764590605509, 10406
pause-pod-5-14, 1764590595174, 1764590605683, 10509
pause-pod-5-15, 1764590595233, 1764590605860, 10627
pause-pod-5-16, 1764590595318, 1764590606123, 10805
pause-pod-5-17, 1764590595388, 1764590606285, 10897
pause-pod-5-18, 1764590595391, 1764590606450, 11059
pause-pod-5-19, 1764590595432, 1764590606624, 11192
pause-pod-5-20, 1764590595514, 1764590606788, 11274
pause-pod-5-21, 1764590595524, 1764590606943, 11419
pause-pod-5-22, 1764590595550, 1764590607100, 11550
pause-pod-5-23, 1764590595589, 1764590607249, 11660
pause-pod-5-24, 1764590595645, 1764590607408, 11763
pause-pod-5-25, 1764590595701, 1764590607563, 11862
pause-pod-5-26, 1764590595722, 1764590607715, 11993
pause-pod-5-27, 1764590595800, 1764590607877, 12077
pause-pod-5-28, 1764590595814, 1764590608062, 12248
pause-pod-5-29, 1764590595817, 1764590608220, 12403
pause-pod-5-30, 1764590595990, 1764590608374, 12384
pause-pod-5-31, 1764590595997, 1764590608537, 12540
pause-pod-5-32, 1764590596095, 1764590608751, 12656
pause-pod-5-33, 1764590596146, 1764590608906, 12760
pause-pod-5-34, 1764590596215, 1764590609077, 12862
pause-pod-5-35, 1764590596276, 1764590609234, 12958
pause-pod-5-36, 1764590596317, 1764590609400, 13083
pause-pod-5-37, 1764590596375, 1764590609561, 13186
pause-pod-5-38, 1764590596392, 1764590609715, 13323
pause-pod-5-39, 1764590596449, 1764590609869, 13420
pause-pod-5-40, 1764590596706, 1764590610026, 13320
pause-pod-5-41, 1764590596833, 1764590610186, 13353
pause-pod-5-42, 1764590596875, 1764590610379, 13504
pause-pod-5-43, 1764590596974, 1764590610539, 13565
pause-pod-5-44, 1764590596989, 1764590610699, 13710
pause-pod-5-45, 1764590596993, 1764590610858, 13865
pause-pod-5-46, 1764590597220, 1764590611015, 13795
pause-pod-5-47, 1764590597269, 1764590611172, 13903
pause-pod-5-48, 1764590597312, 1764590611330, 14018
pause-pod-5-49, 1764590597385, 1764590611494, 14109
pause-pod-5-50, 1764590597510, 1764590611662, 14152
pause-pod-5-51, 1764590597597, 1764590611814, 14217
pause-pod-5-52, 1764590597689, 1764590612018, 14329
pause-pod-5-53, 1764590597848, 1764590612180, 14332
pause-pod-5-54, 1764590597912, 1764590612364, 14452
pause-pod-5-55, 1764590598039, 1764590612518, 14479
pause-pod-5-56, 1764590598091, 1764590612671, 14580
pause-pod-5-57, 1764590598226, 1764590612820, 14594
pause-pod-5-58, 1764590598270, 1764590612977, 14707
pause-pod-5-59, 1764590598278, 1764590613129, 14851
pause-pod-5-60, 1764590598335, 1764590613286, 14951
pause-pod-5-61, 1764590598347, 1764590613445, 15098
pause-pod-5-62, 1764590598361, 1764590613604, 15243
pause-pod-5-63, 1764590598486, 1764590613760, 15274
pause-pod-5-64, 1764590598566, 1764590613917, 15351
pause-pod-5-65, 1764590598769, 1764590614078, 15309
pause-pod-5-66, 1764590598834, 1764590614239, 15405
pause-pod-5-67, 1764590598964, 1764590614427, 15463
pause-pod-5-68, 1764590598976, 1764590614596, 15620
pause-pod-5-69, 1764590599019, 1764590614787, 15768
pause-pod-5-70, 1764590599084, 1764590614940, 15856
pause-pod-5-71, 1764590599184, 1764590615103, 15919
pause-pod-5-72, 1764590599225, 1764590615266, 16041
pause-pod-5-73, 1764590599314, 1764590615429, 16115
pause-pod-5-74, 1764590599404, 1764590615585, 16181
pause-pod-5-75, 1764590599456, 1764590615736, 16280
pause-pod-5-76, 1764590599518, 1764590615885, 16367
pause-pod-5-77, 1764590599558, 1764590616032, 16474
pause-pod-5-78, 1764590599653, 1764590616191, 16538
pause-pod-5-79, 1764590599686, 1764590616346, 16660
pause-pod-5-80, 1764590599766, 1764590616507, 16741
pause-pod-5-81, 1764590600033, 1764590616663, 16630
pause-pod-5-82, 1764590600094, 1764590616821, 16727
pause-pod-5-83, 1764590600179, 1764590616975, 16796
pause-pod-5-84, 1764590600290, 1764590617133, 16843
pause-pod-5-85, 1764590600374, 1764590617295, 16921
pause-pod-5-86, 1764590600441, 1764590617449, 17008
pause-pod-5-87, 1764590600465, 1764590617601, 17136
pause-pod-5-88, 1764590600601, 1764590617763, 17162
pause-pod-5-89, 1764590600700, 1764590617917, 17217
pause-pod-5-90, 1764590600735, 1764590618065, 17330
pause-pod-5-91, 1764590600931, 1764590618224, 17293
pause-pod-5-92, 1764590600990, 1764590618376, 17386
pause-pod-5-93, 1764590601028, 1764590618540, 17512
pause-pod-5-94, 1764590601050, 1764590618700, 17650
pause-pod-5-95, 1764590601130, 1764590618859, 17729
pause-pod-5-96, 1764590601163, 1764590619014, 17851
pause-pod-5-97, 1764590601325, 1764590619173, 17848
pause-pod-5-98, 1764590601442, 1764590619331, 17889
pause-pod-5-99, 1764590601458, 1764590619489, 18031
pause-pod-5-100, 1764590601474, 1764590619645, 18171
pause-pod-6-1, 1764590691557, 1764590700184, 8627
pause-pod-6-2, 1764590691558, 1764590700389, 8831
pause-pod-6-3, 1764590691567, 1764590700556, 8989
pause-pod-6-4, 1764590691573, 1764590700728, 9155
pause-pod-6-5, 1764590691575, 1764590700903, 9328
pause-pod-6-6, 1764590691604, 1764590701074, 9470
pause-pod-6-7, 1764590691608, 1764590701274, 9666
pause-pod-6-8, 1764590691631, 1764590701482, 9851
pause-pod-6-9, 1764590691646, 1764590701671, 10025
pause-pod-6-10, 1764590691653, 1764590701920, 10267
pause-pod-6-11, 1764590691659, 1764590702290, 10631
pause-pod-6-12, 1764590691662, 1764590702441, 10779
pause-pod-6-13, 1764590691669, 1764590702604, 10935
pause-pod-6-14, 1764590691697, 1764590702991, 11294
pause-pod-6-15, 1764590691718, 1764590703195, 11477
pause-pod-6-16, 1764590691751, 1764590703357, 11606
pause-pod-6-17, 1764590691768, 1764590703619, 11851
pause-pod-6-18, 1764590691808, 1764590703786, 11978
pause-pod-6-19, 1764590691862, 1764590704127, 12265
pause-pod-6-20, 1764590691885, 1764590704317, 12432
pause-pod-6-21, 1764590691965, 1764590704514, 12549
pause-pod-6-22, 1764590691977, 1764590704724, 12747
pause-pod-6-23, 1764590692013, 1764590704885, 12872
pause-pod-6-24, 1764590692018, 1764590705118, 13100
pause-pod-6-25, 1764590692059, 1764590705302, 13243
pause-pod-6-26, 1764590692096, 1764590705488, 13392
pause-pod-6-27, 1764590692124, 1764590705706, 13582
pause-pod-6-28, 1764590692166, 1764590705873, 13707
pause-pod-6-29, 1764590692287, 1764590706069, 13782
pause-pod-6-30, 1764590692346, 1764590706269, 13923
pause-pod-6-31, 1764590692391, 1764590706449, 14058
pause-pod-6-32, 1764590692489, 1764590706614, 14125
pause-pod-6-33, 1764590692540, 1764590706776, 14236
pause-pod-6-34, 1764590692593, 1764590706933, 14340
pause-pod-6-35, 1764590692620, 1764590707117, 14497
pause-pod-6-36, 1764590692622, 1764590707313, 14691
pause-pod-6-37, 1764590692704, 1764590707475, 14771
pause-pod-6-38, 1764590692809, 1764590707633, 14824
pause-pod-6-39, 1764590692857, 1764590707789, 14932
pause-pod-6-40, 1764590692873, 1764590707952, 15079
pause-pod-6-41, 1764590692901, 1764590708114, 15213
pause-pod-6-42, 1764590692986, 1764590708270, 15284
pause-pod-6-43, 1764590693109, 1764590708467, 15358
pause-pod-6-44, 1764590693214, 1764590708632, 15418
pause-pod-6-45, 1764590693332, 1764590708796, 15464
pause-pod-6-46, 1764590693437, 1764590708955, 15518
pause-pod-6-47, 1764590693512, 1764590709118, 15606
pause-pod-6-48, 1764590693523, 1764590709281, 15758
pause-pod-6-49, 1764590693611, 1764590709465, 15854
pause-pod-6-50, 1764590693744, 1764590709622, 15878
pause-pod-6-51, 1764590693860, 1764590709781, 15921
pause-pod-6-52, 1764590693957, 1764590709940, 15983
pause-pod-6-53, 1764590694012, 1764590710150, 16138
pause-pod-6-54, 1764590694116, 1764590710308, 16192
pause-pod-6-55, 1764590694118, 1764590710459, 16341
pause-pod-6-56, 1764590694119, 1764590710618, 16499
pause-pod-6-57, 1764590694209, 1764590710787, 16578
pause-pod-6-58, 1764590694377, 1764590710964, 16587
pause-pod-6-59, 1764590694380, 1764590711120, 16740
pause-pod-6-60, 1764590694382, 1764590711281, 16899
pause-pod-6-61, 1764590694385, 1764590711439, 17054
pause-pod-6-62, 1764590694388, 1764590711593, 17205
pause-pod-6-63, 1764590694390, 1764590711748, 17358
pause-pod-6-64, 1764590694393, 1764590711912, 17519
pause-pod-6-65, 1764590694395, 1764590712073, 17678
pause-pod-6-66, 1764590694514, 1764590712224, 17710
pause-pod-6-67, 1764590694685, 1764590712381, 17696
pause-pod-6-68, 1764590694717, 1764590712555, 17838
pause-pod-6-69, 1764590694903, 1764590712711, 17808
pause-pod-6-70, 1764590695022, 1764590712865, 17843
pause-pod-6-71, 1764590695050, 1764590713020, 17970
pause-pod-6-72, 1764590695053, 1764590713174, 18121
pause-pod-6-73, 1764590695352, 1764590713350, 17998
pause-pod-6-74, 1764590695564, 1764590713548, 17984
pause-pod-6-75, 1764590695617, 1764590713709, 18092
pause-pod-6-76, 1764590695630, 1764590713861, 18231
pause-pod-6-77, 1764590695641, 1764590714029, 18388
pause-pod-6-78, 1764590695646, 1764590714187, 18541
pause-pod-6-79, 1764590695648, 1764590714345, 18697
pause-pod-6-80, 1764590695649, 1764590714529, 18880
pause-pod-6-81, 1764590695696, 1764590714687, 18991
pause-pod-6-82, 1764590695824, 1764590714840, 19016
pause-pod-6-83, 1764590695874, 1764590714999, 19125
pause-pod-6-84, 1764590696075, 1764590715158, 19083
pause-pod-6-85, 1764590696081, 1764590715317, 19236
pause-pod-6-86, 1764590696239, 1764590715469, 19230
pause-pod-6-87, 1764590696330, 1764590715644, 19314
pause-pod-6-88, 1764590696560, 1764590715806, 19246
pause-pod-6-89, 1764590696636, 1764590715959, 19323
pause-pod-6-90, 1764590696648, 1764590716123, 19475
pause-pod-6-91, 1764590696665, 1764590716303, 19638
pause-pod-6-92, 1764590696699, 1764590716458, 19759
pause-pod-6-93, 1764590696783, 1764590716614, 19831
pause-pod-6-94, 1764590696903, 1764590716777, 19874
pause-pod-6-95, 1764590697055, 1764590716929, 19874
pause-pod-6-96, 1764590697100, 1764590717087, 19987
pause-pod-6-97, 1764590697356, 1764590717243, 19887
pause-pod-6-98, 1764590697611, 1764590717403, 19792
pause-pod-6-99, 1764590697741, 1764590717559, 19818
pause-pod-6-100, 1764590697962, 1764590717725, 19763
