Pod Name, Delete Start Timestamp, Deleted Confirmed Timestamp, Delete Latency (milliseconds)
pause-pod-1-1, 1764590225794, 1764590228703, 2909
pause-pod-1-2, 1764590225796, 1764590228772, 2976
pause-pod-1-3, 1764590225798, 1764590228952, 3154
pause-pod-1-4, 1764590225802, 1764590229602, 3800
pause-pod-1-5, 1764590225821, 1764590229720, 3899
pause-pod-1-6, 1764590225822, 1764590229808, 3986
pause-pod-1-7, 1764590225843, 1764590229862, 4019
pause-pod-1-8, 1764590225876, 1764590229959, 4083
pause-pod-1-9, 1764590225885, 1764590230019, 4134
pause-pod-1-10, 1764590225889, 1764590234386, 8497
pause-pod-1-11, 1764590225892, 1764590234447, 8555
pause-pod-1-12, 1764590225895, 1764590234519, 8624
pause-pod-1-13, 1764590225922, 1764590234648, 8726
pause-pod-1-14, 1764590225946, 1764590234724, 8778
pause-pod-1-15, 1764590226001, 1764590234810, 8809
pause-pod-1-16, 1764590226027, 1764590235019, 8992
pause-pod-1-17, 1764590226030, 1764590235140, 9110
pause-pod-1-18, 1764590226032, 1764590235838, 9806
pause-pod-1-19, 1764590226034, 1764590235919, 9885
pause-pod-1-20, 1764590226037, 1764590235992, 9955
pause-pod-1-21, 1764590226041, 1764590236076, 10035
pause-pod-1-22, 1764590226046, 1764590236155, 10109
pause-pod-1-23, 1764590226075, 1764590236240, 10165
pause-pod-1-24, 1764590226124, 1764590236333, 10209
pause-pod-1-25, 1764590226203, 1764590236404, 10201
pause-pod-1-26, 1764590226257, 1764590236473, 10216
pause-pod-1-27, 1764590226259, 1764590236533, 10274
pause-pod-1-28, 1764590226264, 1764590236589, 10325
pause-pod-1-29, 1764590226276, 1764590236641, 10365
pause-pod-1-30, 1764590226284, 1764590236690, 10406
pause-pod-1-31, 1764590226287, 1764590236760, 10473
pause-pod-1-32, 1764590226327, 1764590236818, 10491
pause-pod-1-33, 1764590226339, 1764590236875, 10536
pause-pod-1-34, 1764590226348, 1764590236930, 10582
pause-pod-1-35, 1764590226376, 1764590236989, 10613
pause-pod-1-36, 1764590226401, 1764590237046, 10645
pause-pod-1-37, 1764590226415, 1764590237108, 10693
pause-pod-1-38, 1764590226455, 1764590237162, 10707
pause-pod-1-39, 1764590226468, 1764590237246, 10778
pause-pod-1-40, 1764590226472, 1764590237303, 10831
pause-pod-1-41, 1764590226503, 1764590237357, 10854
pause-pod-1-42, 1764590226517, 1764590237418, 10901
pause-pod-1-43, 1764590226534, 1764590237474, 10940
pause-pod-1-44, 1764590226539, 1764590237540, 11001
pause-pod-1-45, 1764590226557, 1764590237677, 11120
pause-pod-1-46, 1764590226584, 1764590237730, 11146
pause-pod-1-47, 1764590226587, 1764590237782, 11195
pause-pod-1-48, 1764590226591, 1764590237837, 11246
pause-pod-1-49, 1764590226594, 1764590237894, 11300
pause-pod-1-50, 1764590226620, 1764590237957, 11337
pause-pod-1-51, 1764590226652, 1764590238011, 11359
pause-pod-1-52, 1764590226655, 1764590238066, 11411
pause-pod-1-53, 1764590226656, 1764590238132, 11476
pause-pod-1-54, 1764590226664, 1764590238184, 11520
pause-pod-1-55, 1764590226688, 1764590238233, 11545
pause-pod-1-56, 1764590226689, 1764590238284, 11595
pause-pod-1-57, 1764590226745, 1764590238340, 11595
pause-pod-1-58, 1764590226758, 1764590238400, 11642
pause-pod-1-59, 1764590226838, 1764590238469, 11631
pause-pod-1-60, 1764590226847, 1764590238533, 11686
pause-pod-1-61, 1764590226849, 1764590238592, 11743
pause-pod-1-62, 1764590226869, 1764590238644, 11775
pause-pod-1-63, 1764590226874, 1764590238709, 11835
pause-pod-1-64, 1764590226877, 1764590238769, 11892
pause-pod-1-65, 1764590226912, 1764590238830, 11918
pause-pod-1-66, 1764590226951, 1764590238892, 11941
pause-pod-1-67, 1764590226954, 1764590238943, 11989
pause-pod-1-68, 1764590226976, 1764590238994, 12018
pause-pod-1-69, 1764590226981, 1764590239046, 12065
pause-pod-1-70, 1764590226998, 1764590239113, 12115
pause-pod-1-71, 1764590227000, 1764590239175, 12175
pause-pod-1-72, 1764590227003, 1764590239224, 12221
pause-pod-1-73, 1764590227024, 1764590239280, 12256
pause-pod-1-74, 1764590227028, 1764590239340, 12312
pause-pod-1-75, 1764590227053, 1764590239390, 12337
pause-pod-1-76, 1764590227076, 1764590239436, 12360
pause-pod-1-77, 1764590227077, 1764590239494, 12417
pause-pod-1-78, 1764590227082, 1764590239538, 12456
pause-pod-1-79, 1764590227174, 1764590239590, 12416
pause-pod-1-80, 1764590227216, 1764590239642, 12426
pause-pod-1-81, 1764590227221, 1764590239692, 12471
pause-pod-1-82, 1764590227229, 1764590239741, 12512
pause-pod-1-83, 1764590227239, 1764590239797, 12558
pause-pod-1-84, 1764590227278, 1764590239868, 12590
pause-pod-1-85, 1764590227279, 1764590239932, 12653
pause-pod-1-86, 1764590227281, 1764590239983, 12702
pause-pod-1-87, 1764590227282, 1764590240037, 12755
pause-pod-1-88, 1764590227299, 1764590240093, 12794
pause-pod-1-89, 1764590227314, 1764590240141, 12827
pause-pod-1-90, 1764590227317, 1764590240206, 12889
pause-pod-1-91, 1764590227320, 1764590240263, 12943
pause-pod-1-92, 1764590227334, 1764590240321, 12987
pause-pod-1-93, 1764590227351, 1764590240385, 13034
pause-pod-1-94, 1764590227374, 1764590240440, 13066
pause-pod-1-95, 1764590227408, 1764590240496, 13088
pause-pod-1-96, 1764590227442, 1764590240554, 13112
pause-pod-1-97, 1764590227449, 1764590240609, 13160
pause-pod-1-98, 1764590227464, 1764590240660, 13196
pause-pod-1-99, 1764590227478, 1764590240709, 13231
pause-pod-1-100, 1764590227503, 1764590240759, 13256
pause-pod-2-1, 1764590326033, 1764590328070, 2037
pause-pod-2-2, 1764590326035, 1764590328611, 2576
pause-pod-2-3, 1764590326036, 1764590328705, 2669
pause-pod-2-4, 1764590326050, 1764590328775, 2725
pause-pod-2-5, 1764590326076, 1764590328846, 2770
pause-pod-2-6, 1764590326077, 1764590331711, 5634
pause-pod-2-7, 1764590326079, 1764590331781, 5702
pause-pod-2-8, 1764590326080, 1764590331855, 5775
pause-pod-2-9, 1764590326087, 1764590331925, 5838
pause-pod-2-10, 1764590326107, 1764590332025, 5918
pause-pod-2-11, 1764590326142, 1764590332126, 5984
pause-pod-2-12, 1764590326150, 1764590332195, 6045
pause-pod-2-13, 1764590326154, 1764590332334, 6180
pause-pod-2-14, 1764590326156, 1764590332414, 6258
pause-pod-2-15, 1764590326180, 1764590332508, 6328
pause-pod-2-16, 1764590326213, 1764590332590, 6377
pause-pod-2-17, 1764590326218, 1764590332665, 6447
pause-pod-2-18, 1764590326252, 1764590332764, 6512
pause-pod-2-19, 1764590326268, 1764590332885, 6617
pause-pod-2-20, 1764590326310, 1764590332974, 6664
pause-pod-2-21, 1764590326331, 1764590333246, 6915
pause-pod-2-22, 1764590326356, 1764590333366, 7010
pause-pod-2-23, 1764590326366, 1764590333517, 7151
pause-pod-2-24, 1764590326369, 1764590333581, 7212
pause-pod-2-25, 1764590326394, 1764590333745, 7351
pause-pod-2-26, 1764590326395, 1764590333985, 7590
pause-pod-2-27, 1764590326396, 1764590334066, 7670
pause-pod-2-28, 1764590326398, 1764590334240, 7842
pause-pod-2-29, 1764590326403, 1764590334495, 8092
pause-pod-2-30, 1764590326404, 1764590334702, 8298
pause-pod-2-31, 1764590326406, 1764590334824, 8418
pause-pod-2-32, 1764590326419, 1764590334949, 8530
pause-pod-2-33, 1764590326433, 1764590335166, 8733
pause-pod-2-34, 1764590326461, 1764590335268, 8807
pause-pod-2-35, 1764590326477, 1764590335437, 8960
pause-pod-2-36, 1764590326556, 1764590335488, 8932
pause-pod-2-37, 1764590326601, 1764590335551, 8950
pause-pod-2-38, 1764590326614, 1764590335600, 8986
pause-pod-2-39, 1764590326633, 1764590335648, 9015
pause-pod-2-40, 1764590326636, 1764590335703, 9067
pause-pod-2-41, 1764590326658, 1764590335770, 9112
pause-pod-2-42, 1764590326661, 1764590335822, 9161
pause-pod-2-43, 1764590326677, 1764590335878, 9201
pause-pod-2-44, 1764590326678, 1764590335926, 9248
pause-pod-2-45, 1764590326681, 1764590335983, 9302
pause-pod-2-46, 1764590326683, 1764590336039, 9356
pause-pod-2-47, 1764590326686, 1764590336105, 9419
pause-pod-2-48, 1764590326690, 1764590336156, 9466
pause-pod-2-49, 1764590326700, 1764590336213, 9513
pause-pod-2-50, 1764590326735, 1764590336270, 9535
pause-pod-2-51, 1764590326834, 1764590336321, 9487
pause-pod-2-52, 1764590326856, 1764590336375, 9519
pause-pod-2-53, 1764590326862, 1764590336460, 9598
pause-pod-2-54, 1764590326879, 1764590336520, 9641
pause-pod-2-55, 1764590326939, 1764590336570, 9631
pause-pod-2-56, 1764590326946, 1764590336627, 9681
pause-pod-2-57, 1764590326949, 1764590336685, 9736
pause-pod-2-58, 1764590326970, 1764590336742, 9772
pause-pod-2-59, 1764590326981, 1764590336797, 9816
pause-pod-2-60, 1764590326983, 1764590336849, 9866
pause-pod-2-61, 1764590326985, 1764590336898, 9913
pause-pod-2-62, 1764590327012, 1764590336948, 9936
pause-pod-2-63, 1764590327030, 1764590337005, 9975
pause-pod-2-64, 1764590327038, 1764590337058, 10020
pause-pod-2-65, 1764590327065, 1764590337116, 10051
pause-pod-2-66, 1764590327069, 1764590337172, 10103
pause-pod-2-67, 1764590327143, 1764590337222, 10079
pause-pod-2-68, 1764590327145, 1764590337281, 10136
pause-pod-2-69, 1764590327151, 1764590337332, 10181
pause-pod-2-70, 1764590327159, 1764590337388, 10229
pause-pod-2-71, 1764590327162, 1764590337440, 10278
pause-pod-2-72, 1764590327165, 1764590337494, 10329
pause-pod-2-73, 1764590327170, 1764590337540, 10370
pause-pod-2-74, 1764590327187, 1764590337599, 10412
pause-pod-2-75, 1764590327204, 1764590337681, 10477
pause-pod-2-76, 1764590327303, 1764590337769, 10466
pause-pod-2-77, 1764590327309, 1764590337849, 10540
pause-pod-2-78, 1764590327339, 1764590337900, 10561
pause-pod-2-79, 1764590327342, 1764590337971, 10629
pause-pod-2-80, 1764590327348, 1764590338094, 10746
pause-pod-2-81, 1764590327351, 1764590338148, 10797
pause-pod-2-82, 1764590327373, 1764590338205, 10832
pause-pod-2-83, 1764590327387, 1764590338281, 10894
pause-pod-2-84, 1764590327397, 1764590338345, 10948
pause-pod-2-85, 1764590327414, 1764590338496, 11082
pause-pod-2-86, 1764590327451, 1764590338544, 11093
pause-pod-2-87, 1764590327471, 1764590338617, 11146
pause-pod-2-88, 1764590327473, 1764590338677, 11204
pause-pod-2-89, 1764590327475, 1764590338735, 11260
pause-pod-2-90, 1764590327477, 1764590338786, 11309
pause-pod-2-91, 1764590327479, 1764590338841, 11362
pause-pod-2-92, 1764590327481, 1764590338910, 11429
pause-pod-2-93, 1764590327483, 1764590338959, 11476
pause-pod-2-94, 1764590327526, 1764590339020, 11494
pause-pod-2-95, 1764590327538, 1764590339070, 11532
pause-pod-2-96, 1764590327540, 1764590339126, 11586
pause-pod-2-97, 1764590327552, 1764590339184, 11632
pause-pod-2-98, 1764590327611, 1764590339244, 11633
pause-pod-2-99, 1764590327627, 1764590339303, 11676
pause-pod-2-100, 1764590327646, 1764590339365, 11719
pause-pod-3-1, 1764590425348, 1764590427679, 2331
pause-pod-3-2, 1764590425350, 1764590427736, 2386
pause-pod-3-3, 1764590425352, 1764590427807, 2455
pause-pod-3-4, 1764590425353, 1764590427963, 2610
pause-pod-3-5, 1764590425355, 1764590428151, 2796
pause-pod-3-6, 1764590425359, 1764590428249, 2890
pause-pod-3-7, 1764590425369, 1764590429698, 4329
pause-pod-3-8, 1764590425379, 1764590429841, 4462
pause-pod-3-9, 1764590425392, 1764590429915, 4523
pause-pod-3-10, 1764590425409, 1764590429995, 4586
pause-pod-3-11, 1764590425434, 1764590430170, 4736
pause-pod-3-12, 1764590425445, 1764590430356, 4911
pause-pod-3-13, 1764590425451, 1764590430583, 5132
pause-pod-3-14, 1764590425469, 1764590430737, 5268
pause-pod-3-15, 1764590425503, 1764590430826, 5323
pause-pod-3-16, 1764590425504, 1764590430933, 5429
pause-pod-3-17, 1764590425507, 1764590431020, 5513
pause-pod-3-18, 1764590425511, 1764590431096, 5585
pause-pod-3-19, 1764590425514, 1764590431173, 5659
pause-pod-3-20, 1764590425518, 1764590431248, 5730
pause-pod-3-21, 1764590425532, 1764590431324, 5792
pause-pod-3-22, 1764590425535, 1764590431406, 5871
pause-pod-3-23, 1764590425625, 1764590431517, 5892
pause-pod-3-24, 1764590425649, 1764590431577, 5928
pause-pod-3-25, 1764590425652, 1764590431713, 6061
pause-pod-3-26, 1764590425681, 1764590431843, 6162
pause-pod-3-27, 1764590425713, 1764590431906, 6193
pause-pod-3-28, 1764590425716, 1764590431986, 6270
pause-pod-3-29, 1764590425719, 1764590432097, 6378
pause-pod-3-30, 1764590425721, 1764590432167, 6446
pause-pod-3-31, 1764590425744, 1764590432229, 6485
pause-pod-3-32, 1764590425747, 1764590432369, 6622
pause-pod-3-33, 1764590425763, 1764590432431, 6668
pause-pod-3-34, 1764590425831, 1764590432497, 6666
pause-pod-3-35, 1764590425851, 1764590432611, 6760
pause-pod-3-36, 1764590425853, 1764590432694, 6841
pause-pod-3-37, 1764590425861, 1764590432773, 6912
pause-pod-3-38, 1764590425865, 1764590432898, 7033
pause-pod-3-39, 1764590425889, 1764590433042, 7153
pause-pod-3-40, 1764590425893, 1764590433107, 7214
pause-pod-3-41, 1764590425895, 1764590433158, 7263
pause-pod-3-42, 1764590425940, 1764590433200, 7260
pause-pod-3-43, 1764590425961, 1764590433243, 7282
pause-pod-3-44, 1764590425977, 1764590433288, 7311
pause-pod-3-45, 1764590425983, 1764590433336, 7353
pause-pod-3-46, 1764590425985, 1764590433394, 7409
pause-pod-3-47, 1764590426048, 1764590433446, 7398
pause-pod-3-48, 1764590426144, 1764590433496, 7352
pause-pod-3-49, 1764590426184, 1764590433554, 7370
pause-pod-3-50, 1764590426191, 1764590433607, 7416
pause-pod-3-51, 1764590426205, 1764590433662, 7457
pause-pod-3-52, 1764590426209, 1764590433748, 7539
pause-pod-3-53, 1764590426230, 1764590433803, 7573
pause-pod-3-54, 1764590426238, 1764590433855, 7617
pause-pod-3-55, 1764590426241, 1764590433926, 7685
pause-pod-3-56, 1764590426265, 1764590433983, 7718
pause-pod-3-57, 1764590426314, 1764590434035, 7721
pause-pod-3-58, 1764590426319, 1764590434100, 7781
pause-pod-3-59, 1764590426359, 1764590434152, 7793
pause-pod-3-60, 1764590426361, 1764590434207, 7846
pause-pod-3-61, 1764590426365, 1764590434267, 7902
pause-pod-3-62, 1764590426428, 1764590434372, 7944
pause-pod-3-63, 1764590426475, 1764590434422, 7947
pause-pod-3-64, 1764590426480, 1764590434495, 8015
pause-pod-3-65, 1764590426494, 1764590434549, 8055
pause-pod-3-66, 1764590426496, 1764590434607, 8111
pause-pod-3-67, 1764590426532, 1764590434674, 8142
pause-pod-3-68, 1764590426580, 1764590434735, 8155
pause-pod-3-69, 1764590426602, 1764590434791, 8189
pause-pod-3-70, 1764590426620, 1764590434844, 8224
pause-pod-3-71, 1764590426629, 1764590434905, 8276
pause-pod-3-72, 1764590426666, 1764590434966, 8300
pause-pod-3-73, 1764590426692, 1764590435033, 8341
pause-pod-3-74, 1764590426705, 1764590435096, 8391
pause-pod-3-75, 1764590426707, 1764590435148, 8441
pause-pod-3-76, 1764590426738, 1764590435199, 8461
pause-pod-3-77, 1764590426776, 1764590435255, 8479
pause-pod-3-78, 1764590426790, 1764590435312, 8522
pause-pod-3-79, 1764590426792, 1764590435366, 8574
pause-pod-3-80, 1764590426824, 1764590435417, 8593
pause-pod-3-81, 1764590426860, 1764590435474, 8614
pause-pod-3-82, 1764590426942, 1764590435528, 8586
pause-pod-3-83, 1764590426969, 1764590435594, 8625
pause-pod-3-84, 1764590426973, 1764590435652, 8679
pause-pod-3-85, 1764590427028, 1764590435704, 8676
pause-pod-3-86, 1764590427041, 1764590435753, 8712
pause-pod-3-87, 1764590427043, 1764590435803, 8760
pause-pod-3-88, 1764590427062, 1764590435851, 8789
pause-pod-3-89, 1764590427105, 1764590435902, 8797
pause-pod-3-90, 1764590427130, 1764590435957, 8827
pause-pod-3-91, 1764590427133, 1764590436021, 8888
pause-pod-3-92, 1764590427135, 1764590436089, 8954
pause-pod-3-93, 1764590427144, 1764590436144, 9000
pause-pod-3-94, 1764590427148, 1764590436200, 9052
pause-pod-3-95, 1764590427150, 1764590436259, 9109
pause-pod-3-96, 1764590427162, 1764590436330, 9168
pause-pod-3-97, 1764590427172, 1764590436377, 9205
pause-pod-3-98, 1764590427186, 1764590436437, 9251
pause-pod-3-99, 1764590427203, 1764590436486, 9283
pause-pod-3-100, 1764590427212, 1764590436537, 9325
pause-pod-4-1, 1764590521869, 1764590525412, 3543
pause-pod-4-2, 1764590521871, 1764590525564, 3693
pause-pod-4-3, 1764590521873, 1764590525718, 3845
pause-pod-4-4, 1764590521877, 1764590525803, 3926
pause-pod-4-5, 1764590521884, 1764590525861, 3977
pause-pod-4-6, 1764590521886, 1764590525995, 4109
pause-pod-4-7, 1764590521888, 1764590526175, 4287
pause-pod-4-8, 1764590521890, 1764590526296, 4406
pause-pod-4-9, 1764590521891, 1764590526351, 4460
pause-pod-4-10, 1764590521897, 1764590526411, 4514
pause-pod-4-11, 1764590521904, 1764590526473, 4569
pause-pod-4-12, 1764590521907, 1764590526590, 4683
pause-pod-4-13, 1764590521934, 1764590526651, 4717
pause-pod-4-14, 1764590521974, 1764590526752, 4778
pause-pod-4-15, 1764590521977, 1764590526806, 4829
pause-pod-4-16, 1764590522004, 1764590526933, 4929
pause-pod-4-17, 1764590522046, 1764590527039, 4993
pause-pod-4-18, 1764590522049, 1764590527103, 5054
pause-pod-4-19, 1764590522092, 1764590527236, 5144
pause-pod-4-20, 1764590522124, 1764590527388, 5264
pause-pod-4-21, 1764590522135, 1764590527463, 5328
pause-pod-4-22, 1764590522163, 1764590527522, 5359
pause-pod-4-23, 1764590522173, 1764590527578, 5405
pause-pod-4-24, 1764590522183, 1764590530539, 8356
pause-pod-4-25, 1764590522195, 1764590530620, 8425
pause-pod-4-26, 1764590522208, 1764590530679, 8471
pause-pod-4-27, 1764590522242, 1764590530737, 8495
pause-pod-4-28, 1764590522261, 1764590530789, 8528
pause-pod-4-29, 1764590522314, 1764590530869, 8555
pause-pod-4-30, 1764590522365, 1764590530923, 8558
pause-pod-4-31, 1764590522384, 1764590530991, 8607
pause-pod-4-32, 1764590522411, 1764590531045, 8634
pause-pod-4-33, 1764590522484, 1764590531116, 8632
pause-pod-4-34, 1764590522488, 1764590531177, 8689
pause-pod-4-35, 1764590522563, 1764590531236, 8673
pause-pod-4-36, 1764590522591, 1764590531302, 8711
pause-pod-4-37, 1764590522593, 1764590531352, 8759
pause-pod-4-38, 1764590522621, 1764590531400, 8779
pause-pod-4-39, 1764590522640, 1764590531448, 8808
pause-pod-4-40, 1764590522663, 1764590531499, 8836
pause-pod-4-41, 1764590522676, 1764590531548, 8872
pause-pod-4-42, 1764590522703, 1764590531594, 8891
pause-pod-4-43, 1764590522754, 1764590531643, 8889
pause-pod-4-44, 1764590522762, 1764590531691, 8929
pause-pod-4-45, 1764590522781, 1764590531737, 8956
pause-pod-4-46, 1764590522789, 1764590531784, 8995
pause-pod-4-47, 1764590522792, 1764590531837, 9045
pause-pod-4-48, 1764590522809, 1764590531902, 9093
pause-pod-4-49, 1764590522813, 1764590531961, 9148
pause-pod-4-50, 1764590522820, 1764590532026, 9206
pause-pod-4-51, 1764590522826, 1764590532080, 9254
pause-pod-4-52, 1764590522855, 1764590532144, 9289
pause-pod-4-53, 1764590522868, 1764590532197, 9329
pause-pod-4-54, 1764590522876, 1764590532248, 9372
pause-pod-4-55, 1764590522881, 1764590532302, 9421
pause-pod-4-56, 1764590522894, 1764590532355, 9461
pause-pod-4-57, 1764590522918, 1764590532430, 9512
pause-pod-4-58, 1764590522943, 1764590532493, 9550
pause-pod-4-59, 1764590522980, 1764590532552, 9572
pause-pod-4-60, 1764590522995, 1764590532602, 9607
pause-pod-4-61, 1764590523017, 1764590532658, 9641
pause-pod-4-62, 1764590523053, 1764590532728, 9675
pause-pod-4-63, 1764590523055, 1764590532780, 9725
pause-pod-4-64, 1764590523057, 1764590532830, 9773
pause-pod-4-65, 1764590523062, 1764590532901, 9839
pause-pod-4-66, 1764590523081, 1764590532953, 9872
pause-pod-4-67, 1764590523084, 1764590533020, 9936
pause-pod-4-68, 1764590523087, 1764590533101, 10014
pause-pod-4-69, 1764590523090, 1764590533148, 10058
pause-pod-4-70, 1764590523092, 1764590533191, 10099
pause-pod-4-71, 1764590523147, 1764590533236, 10089
pause-pod-4-72, 1764590523205, 1764590533293, 10088
pause-pod-4-73, 1764590523260, 1764590533347, 10087
pause-pod-4-74, 1764590523332, 1764590533411, 10079
pause-pod-4-75, 1764590523336, 1764590533467, 10131
pause-pod-4-76, 1764590523338, 1764590533520, 10182
pause-pod-4-77, 1764590523340, 1764590533571, 10231
pause-pod-4-78, 1764590523348, 1764590533622, 10274
pause-pod-4-79, 1764590523351, 1764590533682, 10331
pause-pod-4-80, 1764590523370, 1764590533733, 10363
pause-pod-4-81, 1764590523420, 1764590533780, 10360
pause-pod-4-82, 1764590523421, 1764590533829, 10408
pause-pod-4-83, 1764590523443, 1764590533886, 10443
pause-pod-4-84, 1764590523467, 1764590533934, 10467
pause-pod-4-85, 1764590523474, 1764590533991, 10517
pause-pod-4-86, 1764590523508, 1764590534041, 10533
pause-pod-4-87, 1764590523547, 1764590534104, 10557
pause-pod-4-88, 1764590523555, 1764590534169, 10614
pause-pod-4-89, 1764590523564, 1764590534220, 10656
pause-pod-4-90, 1764590523576, 1764590534280, 10704
pause-pod-4-91, 1764590523583, 1764590534337, 10754
pause-pod-4-92, 1764590523627, 1764590534399, 10772
pause-pod-4-93, 1764590523655, 1764590534445, 10790
pause-pod-4-94, 1764590523659, 1764590534493, 10834
pause-pod-4-95, 1764590523666, 1764590534544, 10878
pause-pod-4-96, 1764590523672, 1764590534597, 10925
pause-pod-4-97, 1764590523674, 1764590534652, 10978
pause-pod-4-98, 1764590523715, 1764590534710, 10995
pause-pod-4-99, 1764590523721, 1764590534759, 11038
pause-pod-4-100, 1764590523745, 1764590534823, 11078
pause-pod-5-1, 1764590619774, 1764590624519, 4745
pause-pod-5-2, 1764590619777, 1764590624624, 4847
pause-pod-5-3, 1764590619779, 1764590624730, 4951
pause-pod-5-4, 1764590619782, 1764590624789, 5007
pause-pod-5-5, 1764590619784, 1764590624877, 5093
pause-pod-5-6, 1764590619790, 1764590625041, 5251
pause-pod-5-7, 1764590619821, 1764590625148, 5327
pause-pod-5-8, 1764590619834, 1764590625210, 5376
pause-pod-5-9, 1764590619836, 1764590625591, 5755
pause-pod-5-10, 1764590619846, 1764590625668, 5822
pause-pod-5-11, 1764590619853, 1764590625718, 5865
pause-pod-5-12, 1764590619876, 1764590625812, 5936
pause-pod-5-13, 1764590619890, 1764590625875, 5985
pause-pod-5-14, 1764590619914, 1764590625933, 6019
pause-pod-5-15, 1764590619966, 1764590626000, 6034
pause-pod-5-16, 1764590620001, 1764590626073, 6072
pause-pod-5-17, 1764590620049, 1764590626152, 6103
pause-pod-5-18, 1764590620079, 1764590626245, 6166
pause-pod-5-19, 1764590620114, 1764590626326, 6212
pause-pod-5-20, 1764590620115, 1764590626397, 6282
pause-pod-5-21, 1764590620127, 1764590627059, 6932
pause-pod-5-22, 1764590620137, 1764590627138, 7001
pause-pod-5-23, 1764590620139, 1764590627209, 7070
pause-pod-5-24, 1764590620149, 1764590627274, 7125
pause-pod-5-25, 1764590620163, 1764590627335, 7172
pause-pod-5-26, 1764590620186, 1764590627390, 7204
pause-pod-5-27, 1764590620221, 1764590627446, 7225
pause-pod-5-28, 1764590620269, 1764590627506, 7237
pause-pod-5-29, 1764590620309, 1764590627556, 7247
pause-pod-5-30, 1764590620318, 1764590627632, 7314
pause-pod-5-31, 1764590620319, 1764590627688, 7369
pause-pod-5-32, 1764590620320, 1764590627744, 7424
pause-pod-5-33, 1764590620326, 1764590627790, 7464
pause-pod-5-34, 1764590620333, 1764590627860, 7527
pause-pod-5-35, 1764590620339, 1764590627926, 7587
pause-pod-5-36, 1764590620364, 1764590627978, 7614
pause-pod-5-37, 1764590620392, 1764590628022, 7630
pause-pod-5-38, 1764590620410, 1764590628065, 7655
pause-pod-5-39, 1764590620416, 1764590628119, 7703
pause-pod-5-40, 1764590620422, 1764590628161, 7739
pause-pod-5-41, 1764590620427, 1764590628211, 7784
pause-pod-5-42, 1764590620433, 1764590628271, 7838
pause-pod-5-43, 1764590620437, 1764590628326, 7889
pause-pod-5-44, 1764590620439, 1764590628378, 7939
pause-pod-5-45, 1764590620448, 1764590628435, 7987
pause-pod-5-46, 1764590620454, 1764590628508, 8054
pause-pod-5-47, 1764590620459, 1764590628563, 8104
pause-pod-5-48, 1764590620528, 1764590628618, 8090
pause-pod-5-49, 1764590620571, 1764590628697, 8126
pause-pod-5-50, 1764590620583, 1764590628758, 8175
pause-pod-5-51, 1764590620587, 1764590628838, 8251
pause-pod-5-52, 1764590620590, 1764590628887, 8297
pause-pod-5-53, 1764590620592, 1764590628930, 8338
pause-pod-5-54, 1764590620669, 1764590628978, 8309
pause-pod-5-55, 1764590620721, 1764590629026, 8305
pause-pod-5-56, 1764590620750, 1764590629073, 8323
pause-pod-5-57, 1764590620761, 1764590629147, 8386
pause-pod-5-58, 1764590620763, 1764590629197, 8434
pause-pod-5-59, 1764590620765, 1764590629279, 8514
pause-pod-5-60, 1764590620768, 1764590629352, 8584
pause-pod-5-61, 1764590620770, 1764590629407, 8637
pause-pod-5-62, 1764590620776, 1764590629456, 8680
pause-pod-5-63, 1764590620790, 1764590629515, 8725
pause-pod-5-64, 1764590620794, 1764590629564, 8770
pause-pod-5-65, 1764590620796, 1764590629622, 8826
pause-pod-5-66, 1764590620805, 1764590629671, 8866
pause-pod-5-67, 1764590620808, 1764590629723, 8915
pause-pod-5-68, 1764590620861, 1764590629775, 8914
pause-pod-5-69, 1764590620890, 1764590629827, 8937
pause-pod-5-70, 1764590620909, 1764590629875, 8966
pause-pod-5-71, 1764590620957, 1764590629935, 8978
pause-pod-5-72, 1764590620977, 1764590629998, 9021
pause-pod-5-73, 1764590621061, 1764590630051, 8990
pause-pod-5-74, 1764590621063, 1764590630119, 9056
pause-pod-5-75, 1764590621066, 1764590630171, 9105
pause-pod-5-76, 1764590621068, 1764590630237, 9169
pause-pod-5-77, 1764590621089, 1764590630304, 9215
pause-pod-5-78, 1764590621093, 1764590630354, 9261
pause-pod-5-79, 1764590621095, 1764590630413, 9318
pause-pod-5-80, 1764590621099, 1764590630471, 9372
pause-pod-5-81, 1764590621129, 1764590630532, 9403
pause-pod-5-82, 1764590621150, 1764590630593, 9443
pause-pod-5-83, 1764590621182, 1764590630641, 9459
pause-pod-5-84, 1764590621204, 1764590630688, 9484
pause-pod-5-85, 1764590621222, 1764590630736, 9514
pause-pod-5-86, 1764590621245, 1764590630791, 9546
pause-pod-5-87, 1764590621330, 1764590630837, 9507
pause-pod-5-88, 1764590621344, 1764590630891, 9547
pause-pod-5-89, 1764590621359, 1764590630949, 9590
pause-pod-5-90, 1764590621389, 1764590631001, 9612
pause-pod-5-91, 1764590621446, 1764590631056, 9610
pause-pod-5-92, 1764590621452, 1764590631106, 9654
pause-pod-5-93, 1764590621457, 1764590631159, 9702
pause-pod-5-94, 1764590621503, 1764590631233, 9730
pause-pod-5-95, 1764590621521, 1764590631287, 9766
pause-pod-5-96, 1764590621565, 1764590631356, 9791
pause-pod-5-97, 1764590621582, 1764590631403, 9821
pause-pod-5-98, 1764590621583, 1764590631445, 9862
pause-pod-5-99, 1764590621599, 1764590631492, 9893
pause-pod-5-100, 1764590621625, 1764590631541, 9916
pause-pod-6-1, 1764590717877, 1764590721843, 3966
pause-pod-6-2, 1764590717879, 1764590723074, 5195
pause-pod-6-3, 1764590717880, 1764590723152, 5272
pause-pod-6-4, 1764590717882, 1764590723226, 5344
pause-pod-6-5, 1764590717889, 1764590723302, 5413
pause-pod-6-6, 1764590717890, 1764590723390, 5500
pause-pod-6-7, 1764590717894, 1764590723471, 5577
pause-pod-6-8, 1764590717908, 1764590723545, 5637
pause-pod-6-9, 1764590717923, 1764590723621, 5698
pause-pod-6-10, 1764590717938, 1764590723706, 5768
pause-pod-6-11, 1764590717979, 1764590723777, 5798
pause-pod-6-12, 1764590718011, 1764590723911, 5900
pause-pod-6-13, 1764590718023, 1764590724023, 6000
pause-pod-6-14, 1764590718051, 1764590724098, 6047
pause-pod-6-15, 1764590718072, 1764590724150, 6078
pause-pod-6-16, 1764590718076, 1764590724342, 6266
pause-pod-6-17, 1764590718077, 1764590724527, 6450
pause-pod-6-18, 1764590718088, 1764590724670, 6582
pause-pod-6-19, 1764590718091, 1764590724742, 6651
pause-pod-6-20, 1764590718093, 1764590724832, 6739
pause-pod-6-21, 1764590718097, 1764590724970, 6873
pause-pod-6-22, 1764590718105, 1764590725042, 6937
pause-pod-6-23, 1764590718116, 1764590725155, 7039
pause-pod-6-24, 1764590718121, 1764590725261, 7140
pause-pod-6-25, 1764590718148, 1764590725393, 7245
pause-pod-6-26, 1764590718179, 1764590725455, 7276
pause-pod-6-27, 1764590718202, 1764590725619, 7417
pause-pod-6-28, 1764590718260, 1764590725782, 7522
pause-pod-6-29, 1764590718264, 1764590726020, 7756
pause-pod-6-30, 1764590718267, 1764590726100, 7833
pause-pod-6-31, 1764590718269, 1764590726261, 7992
pause-pod-6-32, 1764590718296, 1764590726500, 8204
pause-pod-6-33, 1764590718302, 1764590726610, 8308
pause-pod-6-34, 1764590718318, 1764590726724, 8406
pause-pod-6-35, 1764590718320, 1764590726801, 8481
pause-pod-6-36, 1764590718371, 1764590726960, 8589
pause-pod-6-37, 1764590718374, 1764590727007, 8633
pause-pod-6-38, 1764590718376, 1764590727147, 8771
pause-pod-6-39, 1764590718381, 1764590727196, 8815
pause-pod-6-40, 1764590718418, 1764590727252, 8834
pause-pod-6-41, 1764590718462, 1764590727300, 8838
pause-pod-6-42, 1764590718512, 1764590727350, 8838
pause-pod-6-43, 1764590718539, 1764590727398, 8859
pause-pod-6-44, 1764590718574, 1764590727495, 8921
pause-pod-6-45, 1764590718578, 1764590727549, 8971
pause-pod-6-46, 1764590718581, 1764590727600, 9019
pause-pod-6-47, 1764590718587, 1764590727646, 9059
pause-pod-6-48, 1764590718620, 1764590727719, 9099
pause-pod-6-49, 1764590718651, 1764590727768, 9117
pause-pod-6-50, 1764590718685, 1764590727820, 9135
pause-pod-6-51, 1764590718751, 1764590727873, 9122
pause-pod-6-52, 1764590718786, 1764590727929, 9143
pause-pod-6-53, 1764590718801, 1764590727998, 9197
pause-pod-6-54, 1764590718803, 1764590728051, 9248
pause-pod-6-55, 1764590718841, 1764590728107, 9266
pause-pod-6-56, 1764590718844, 1764590728156, 9312
pause-pod-6-57, 1764590718846, 1764590728207, 9361
pause-pod-6-58, 1764590718847, 1764590728269, 9422
pause-pod-6-59, 1764590718849, 1764590728322, 9473
pause-pod-6-60, 1764590718862, 1764590728373, 9511
pause-pod-6-61, 1764590718885, 1764590728425, 9540
pause-pod-6-62, 1764590719000, 1764590728482, 9482
pause-pod-6-63, 1764590719015, 1764590728535, 9520
pause-pod-6-64, 1764590719020, 1764590728603, 9583
pause-pod-6-65, 1764590719021, 1764590728656, 9635
pause-pod-6-66, 1764590719034, 1764590728712, 9678
pause-pod-6-67, 1764590719081, 1764590728789, 9708
pause-pod-6-68, 1764590719084, 1764590728848, 9764
pause-pod-6-69, 1764590719149, 1764590728895, 9746
pause-pod-6-70, 1764590719189, 1764590728954, 9765
pause-pod-6-71, 1764590719199, 1764590729027, 9828
pause-pod-6-72, 1764590719201, 1764590729081, 9880
pause-pod-6-73, 1764590719207, 1764590729133, 9926
pause-pod-6-74, 1764590719209, 1764590729183, 9974
pause-pod-6-75, 1764590719218, 1764590729239, 10021
pause-pod-6-76, 1764590719221, 1764590729291, 10070
pause-pod-6-77, 1764590719225, 1764590729349, 10124
pause-pod-6-78, 1764590719228, 1764590729404, 10176
pause-pod-6-79, 1764590719230, 1764590729457, 10227
pause-pod-6-80, 1764590719260, 1764590729517, 10257
pause-pod-6-81, 1764590719293, 1764590729569, 10276
pause-pod-6-82, 1764590719338, 1764590729634, 10296
pause-pod-6-83, 1764590719354, 1764590729691, 10337
pause-pod-6-84, 1764590719397, 1764590729745, 10348
pause-pod-6-85, 1764590719414, 1764590729797, 10383
pause-pod-6-86, 1764590719436, 1764590729853, 10417
pause-pod-6-87, 1764590719504, 1764590729904, 10400
pause-pod-6-88, 1764590719580, 1764590729955, 10375
pause-pod-6-89, 1764590719599, 1764590730029, 10430
pause-pod-6-90, 1764590719624, 1764590730088, 10464
pause-pod-6-91, 1764590719627, 1764590730135, 10508
pause-pod-6-92, 1764590719630, 1764590730189, 10559
pause-pod-6-93, 1764590719632, 1764590730251, 10619
pause-pod-6-94, 1764590719635, 1764590730296, 10661
pause-pod-6-95, 1764590719649, 1764590730358, 10709
pause-pod-6-96, 1764590719678, 1764590730419, 10741
pause-pod-6-97, 1764590719682, 1764590730464, 10782
pause-pod-6-98, 1764590719685, 1764590730508, 10823
pause-pod-6-99, 1764590719687, 1764590730561, 10874
pause-pod-6-100, 1764590719689, 1764590730609, 10920
