Pod Name, Creation Timestamp, Ready Timestamp, Latency (milliseconds)
pause-pod-1-1, 1764590790626, 1764590803283, 12657
pause-pod-1-2, 1764590790629, 1764590803542, 12913
pause-pod-1-3, 1764590790633, 1764590803713, 13080
pause-pod-1-4, 1764590790641, 1764590803874, 13233
pause-pod-1-5, 1764590790648, 1764590804062, 13414
pause-pod-1-6, 1764590790651, 1764590804264, 13613
pause-pod-1-7, 1764590790659, 1764590804476, 13817
pause-pod-1-8, 1764590790668, 1764590804675, 14007
pause-pod-1-9, 1764590790694, 1764590804909, 14215
pause-pod-1-10, 1764590790718, 1764590805079, 14361
pause-pod-1-11, 1764590790741, 1764590805277, 14536
pause-pod-1-12, 1764590790748, 1764590805461, 14713
pause-pod-1-13, 1764590790751, 1764590805641, 14890
pause-pod-1-14, 1764590790787, 1764590805839, 15052
pause-pod-1-15, 1764590790839, 1764590806017, 15178
pause-pod-1-16, 1764590790851, 1764590806227, 15376
pause-pod-1-17, 1764590790910, 1764590806390, 15480
pause-pod-1-18, 1764590791001, 1764590806561, 15560
pause-pod-1-19, 1764590791019, 1764590806739, 15720
pause-pod-1-20, 1764590791060, 1764590806892, 15832
pause-pod-1-21, 1764590791083, 1764590807089, 16006
pause-pod-1-22, 1764590791129, 1764590807277, 16148
pause-pod-1-23, 1764590791142, 1764590807461, 16319
pause-pod-1-24, 1764590791156, 1764590807647, 16491
pause-pod-1-25, 1764590791179, 1764590807842, 16663
pause-pod-1-26, 1764590791236, 1764590808058, 16822
pause-pod-1-27, 1764590791261, 1764590808229, 16968
pause-pod-1-28, 1764590791263, 1764590808390, 17127
pause-pod-1-29, 1764590791290, 1764590808634, 17344
pause-pod-1-30, 1764590791311, 1764590808811, 17500
pause-pod-1-31, 1764590791489, 1764590808976, 17487
pause-pod-1-32, 1764590791551, 1764590809131, 17580
pause-pod-1-33, 1764590791604, 1764590809280, 17676
pause-pod-1-34, 1764590791666, 1764590809445, 17779
pause-pod-1-35, 1764590791770, 1764590809597, 17827
pause-pod-1-36, 1764590791831, 1764590809751, 17920
pause-pod-1-37, 1764590791854, 1764590809915, 18061
pause-pod-1-38, 1764590791901, 1764590810071, 18170
pause-pod-1-39, 1764590791949, 1764590810224, 18275
pause-pod-1-40, 1764590791986, 1764590810393, 18407
pause-pod-1-41, 1764590792112, 1764590810545, 18433
pause-pod-1-42, 1764590792176, 1764590810705, 18529
pause-pod-1-43, 1764590792207, 1764590810864, 18657
pause-pod-1-44, 1764590792350, 1764590811010, 18660
pause-pod-1-45, 1764590792485, 1764590811166, 18681
pause-pod-1-46, 1764590792526, 1764590811332, 18806
pause-pod-1-47, 1764590792565, 1764590811513, 18948
pause-pod-1-48, 1764590792618, 1764590811671, 19053
pause-pod-1-49, 1764590792654, 1764590811832, 19178
pause-pod-1-50, 1764590792759, 1764590811987, 19228
pause-pod-1-51, 1764590792871, 1764590812138, 19267
pause-pod-1-52, 1764590792887, 1764590812295, 19408
pause-pod-1-53, 1764590792959, 1764590812451, 19492
pause-pod-1-54, 1764590793053, 1764590812606, 19553
pause-pod-1-55, 1764590793121, 1764590812764, 19643
pause-pod-1-56, 1764590793201, 1764590812936, 19735
pause-pod-1-57, 1764590793264, 1764590813091, 19827
pause-pod-1-58, 1764590793581, 1764590813251, 19670
pause-pod-1-59, 1764590793595, 1764590813410, 19815
pause-pod-1-60, 1764590793598, 1764590813583, 19985
pause-pod-1-61, 1764590793679, 1764590813744, 20065
pause-pod-1-62, 1764590793833, 1764590813904, 20071
pause-pod-1-63, 1764590793870, 1764590814054, 20184
pause-pod-1-64, 1764590793926, 1764590814221, 20295
pause-pod-1-65, 1764590793957, 1764590814392, 20435
pause-pod-1-66, 1764590794046, 1764590814547, 20501
pause-pod-1-67, 1764590794104, 1764590814712, 20608
pause-pod-1-68, 1764590794113, 1764590814866, 20753
pause-pod-1-69, 1764590794116, 1764590815019, 20903
pause-pod-1-70, 1764590794121, 1764590815177, 21056
pause-pod-1-71, 1764590794123, 1764590815331, 21208
pause-pod-1-72, 1764590794125, 1764590815519, 21394
pause-pod-1-73, 1764590794132, 1764590815674, 21542
pause-pod-1-74, 1764590794140, 1764590815830, 21690
pause-pod-1-75, 1764590794205, 1764590815987, 21782
pause-pod-1-76, 1764590794322, 1764590816141, 21819
pause-pod-1-77, 1764590794350, 1764590816301, 21951
pause-pod-1-78, 1764590794434, 1764590816453, 22019
pause-pod-1-79, 1764590794594, 1764590816615, 22021
pause-pod-1-80, 1764590794683, 1764590816774, 22091
pause-pod-1-81, 1764590794746, 1764590816927, 22181
pause-pod-1-82, 1764590794879, 1764590817086, 22207
pause-pod-1-83, 1764590794904, 1764590817245, 22341
pause-pod-1-84, 1764590794951, 1764590817407, 22456
pause-pod-1-85, 1764590795024, 1764590817561, 22537
pause-pod-1-86, 1764590795244, 1764590817717, 22473
pause-pod-1-87, 1764590795327, 1764590817875, 22548
pause-pod-1-88, 1764590795436, 1764590818040, 22604
pause-pod-1-89, 1764590795612, 1764590818204, 22592
pause-pod-1-90, 1764590795969, 1764590818371, 22402
pause-pod-1-91, 1764590796098, 1764590818525, 22427
pause-pod-1-92, 1764590796118, 1764590818683, 22565
pause-pod-1-93, 1764590796163, 1764590818834, 22671
pause-pod-1-94, 1764590796250, 1764590819003, 22753
pause-pod-1-95, 1764590796334, 1764590819157, 22823
pause-pod-1-96, 1764590796350, 1764590819311, 22961
pause-pod-1-97, 1764590796356, 1764590819468, 23112
pause-pod-1-98, 1764590796617, 1764590819651, 23034
pause-pod-1-99, 1764590796659, 1764590819805, 23146
pause-pod-1-100, 1764590796710, 1764590819967, 23257
pause-pod-1-101, 1764590796720, 1764590820149, 23429
pause-pod-1-102, 1764590796731, 1764590820302, 23571
pause-pod-1-103, 1764590796734, 1764590820454, 23720
pause-pod-1-104, 1764590796902, 1764590820613, 23711
pause-pod-1-105, 1764590796906, 1764590820769, 23863
pause-pod-1-106, 1764590797003, 1764590820917, 23914
pause-pod-1-107, 1764590797050, 1764590821070, 24020
pause-pod-1-108, 1764590797059, 1764590821224, 24165
pause-pod-1-109, 1764590797061, 1764590821383, 24322
pause-pod-1-110, 1764590797089, 1764590821562, 24473
pause-pod-1-111, 1764590797122, 1764590821898, 24776
pause-pod-1-112, 1764590797197, 1764590822123, 24926
pause-pod-1-113, 1764590797241, 1764590822282, 25041
pause-pod-1-114, 1764590797245, 1764590822526, 25281
pause-pod-1-115, 1764590797250, 1764590822676, 25426
pause-pod-1-116, 1764590797254, 1764590822830, 25576
pause-pod-1-117, 1764590797258, 1764590822997, 25739
pause-pod-1-118, 1764590797261, 1764590823157, 25896
pause-pod-1-119, 1764590797264, 1764590823310, 26046
pause-pod-1-120, 1764590797266, 1764590823465, 26199
pause-pod-1-121, 1764590797271, 1764590823623, 26352
pause-pod-1-122, 1764590797352, 1764590823782, 26430
pause-pod-1-123, 1764590797452, 1764590823942, 26490
pause-pod-1-124, 1764590797653, 1764590824106, 26453
pause-pod-1-125, 1764590797780, 1764590824274, 26494
pause-pod-1-126, 1764590797873, 1764590824438, 26565
pause-pod-1-127, 1764590797957, 1764590824599, 26642
pause-pod-1-128, 1764590798083, 1764590824757, 26674
pause-pod-1-129, 1764590798221, 1764590824905, 26684
pause-pod-1-130, 1764590798245, 1764590825071, 26826
pause-pod-1-131, 1764590798382, 1764590825249, 26867
pause-pod-1-132, 1764590798633, 1764590825417, 26784
pause-pod-1-133, 1764590798773, 1764590825577, 26804
pause-pod-1-134, 1764590798793, 1764590825735, 26942
pause-pod-1-135, 1764590798805, 1764590825903, 27098
pause-pod-1-136, 1764590798848, 1764590826056, 27208
pause-pod-1-137, 1764590798948, 1764590826213, 27265
pause-pod-1-138, 1764590798956, 1764590826367, 27411
pause-pod-1-139, 1764590799098, 1764590826523, 27425
pause-pod-1-140, 1764590799312, 1764590826677, 27365
pause-pod-1-141, 1764590799554, 1764590826832, 27278
pause-pod-1-142, 1764590799649, 1764590827004, 27355
pause-pod-1-143, 1764590799687, 1764590827154, 27467
pause-pod-1-144, 1764590799784, 1764590827305, 27521
pause-pod-1-145, 1764590799928, 1764590827458, 27530
pause-pod-1-146, 1764590799952, 1764590827622, 27670
pause-pod-1-147, 1764590800003, 1764590827785, 27782
pause-pod-1-148, 1764590800030, 1764590827936, 27906
pause-pod-1-149, 1764590800261, 1764590828128, 27867
pause-pod-1-150, 1764590800604, 1764590828283, 27679
pause-pod-2-1, 1764590907472, 1764590919570, 12098
pause-pod-2-2, 1764590907475, 1764590919746, 12271
pause-pod-2-3, 1764590907477, 1764590919930, 12453
pause-pod-2-4, 1764590907480, 1764590920096, 12616
pause-pod-2-5, 1764590907483, 1764590920276, 12793
pause-pod-2-6, 1764590907493, 1764590920462, 12969
pause-pod-2-7, 1764590907500, 1764590920637, 13137
pause-pod-2-8, 1764590907508, 1764590920801, 13293
pause-pod-2-9, 1764590907510, 1764590920981, 13471
pause-pod-2-10, 1764590907514, 1764590921145, 13631
pause-pod-2-11, 1764590907588, 1764590921360, 13772
pause-pod-2-12, 1764590907603, 1764590921540, 13937
pause-pod-2-13, 1764590907610, 1764590921769, 14159
pause-pod-2-14, 1764590907621, 1764590921990, 14369
pause-pod-2-15, 1764590907652, 1764590922159, 14507
pause-pod-2-16, 1764590907679, 1764590922347, 14668
pause-pod-2-17, 1764590907725, 1764590922505, 14780
pause-pod-2-18, 1764590907755, 1764590922682, 14927
pause-pod-2-19, 1764590907830, 1764590922897, 15067
pause-pod-2-20, 1764590907863, 1764590923066, 15203
pause-pod-2-21, 1764590907939, 1764590923272, 15333
pause-pod-2-22, 1764590907988, 1764590923457, 15469
pause-pod-2-23, 1764590908014, 1764590923658, 15644
pause-pod-2-24, 1764590908079, 1764590923832, 15753
pause-pod-2-25, 1764590908117, 1764590924019, 15902
pause-pod-2-26, 1764590908210, 1764590924189, 15979
pause-pod-2-27, 1764590908220, 1764590924408, 16188
pause-pod-2-28, 1764590908222, 1764590924598, 16376
pause-pod-2-29, 1764590908223, 1764590924772, 16549
pause-pod-2-30, 1764590908308, 1764590925020, 16712
pause-pod-2-31, 1764590908364, 1764590925205, 16841
pause-pod-2-32, 1764590908394, 1764590925410, 17016
pause-pod-2-33, 1764590908424, 1764590925594, 17170
pause-pod-2-34, 1764590908463, 1764590925781, 17318
pause-pod-2-35, 1764590908553, 1764590926013, 17460
pause-pod-2-36, 1764590908673, 1764590926179, 17506
pause-pod-2-37, 1764590908850, 1764590926396, 17546
pause-pod-2-38, 1764590908882, 1764590926552, 17670
pause-pod-2-39, 1764590908888, 1764590926706, 17818
pause-pod-2-40, 1764590908892, 1764590926874, 17982
pause-pod-2-41, 1764590908984, 1764590927033, 18049
pause-pod-2-42, 1764590909026, 1764590927191, 18165
pause-pod-2-43, 1764590909100, 1764590927371, 18271
pause-pod-2-44, 1764590909136, 1764590927535, 18399
pause-pod-2-45, 1764590909177, 1764590927687, 18510
pause-pod-2-46, 1764590909180, 1764590927841, 18661
pause-pod-2-47, 1764590909184, 1764590927996, 18812
pause-pod-2-48, 1764590909394, 1764590928149, 18755
pause-pod-2-49, 1764590909517, 1764590928352, 18835
pause-pod-2-50, 1764590909590, 1764590928516, 18926
pause-pod-2-51, 1764590909640, 1764590928740, 19100
pause-pod-2-52, 1764590909715, 1764590928894, 19179
pause-pod-2-53, 1764590909846, 1764590929050, 19204
pause-pod-2-54, 1764590910095, 1764590929217, 19122
pause-pod-2-55, 1764590910169, 1764590929368, 19199
pause-pod-2-56, 1764590910221, 1764590929535, 19314
pause-pod-2-57, 1764590910403, 1764590929702, 19299
pause-pod-2-58, 1764590910434, 1764590929860, 19426
pause-pod-2-59, 1764590910573, 1764590930028, 19455
pause-pod-2-60, 1764590910670, 1764590930193, 19523
pause-pod-2-61, 1764590910703, 1764590930361, 19658
pause-pod-2-62, 1764590910787, 1764590930521, 19734
pause-pod-2-63, 1764590910879, 1764590930682, 19803
pause-pod-2-64, 1764590910926, 1764590930852, 19926
pause-pod-2-65, 1764590911007, 1764590931009, 20002
pause-pod-2-66, 1764590911119, 1764590931179, 20060
pause-pod-2-67, 1764590911276, 1764590931332, 20056
pause-pod-2-68, 1764590911330, 1764590931491, 20161
pause-pod-2-69, 1764590911435, 1764590931674, 20239
pause-pod-2-70, 1764590911500, 1764590931834, 20334
pause-pod-2-71, 1764590911600, 1764590932013, 20413
pause-pod-2-72, 1764590911621, 1764590932162, 20541
pause-pod-2-73, 1764590911648, 1764590932314, 20666
pause-pod-2-74, 1764590911696, 1764590932488, 20792
pause-pod-2-75, 1764590911698, 1764590932648, 20950
pause-pod-2-76, 1764590911821, 1764590932817, 20996
pause-pod-2-77, 1764590911959, 1764590932975, 21016
pause-pod-2-78, 1764590912006, 1764590933136, 21130
pause-pod-2-79, 1764590912093, 1764590933288, 21195
pause-pod-2-80, 1764590912144, 1764590933451, 21307
pause-pod-2-81, 1764590912169, 1764590933699, 21530
pause-pod-2-82, 1764590912343, 1764590933857, 21514
pause-pod-2-83, 1764590912441, 1764590934014, 21573
pause-pod-2-84, 1764590912458, 1764590934175, 21717
pause-pod-2-85, 1764590912531, 1764590934333, 21802
pause-pod-2-86, 1764590912547, 1764590934488, 21941
pause-pod-2-87, 1764590912580, 1764590934644, 22064
pause-pod-2-88, 1764590912627, 1764590934793, 22166
pause-pod-2-89, 1764590912713, 1764590934955, 22242
pause-pod-2-90, 1764590912799, 1764590935102, 22303
pause-pod-2-91, 1764590912890, 1764590935265, 22375
pause-pod-2-92, 1764590912905, 1764590935438, 22533
pause-pod-2-93, 1764590912975, 1764590935597, 22622
pause-pod-2-94, 1764590912988, 1764590935766, 22778
pause-pod-2-95, 1764590913006, 1764590935925, 22919
pause-pod-2-96, 1764590913016, 1764590936080, 23064
pause-pod-2-97, 1764590913176, 1764590936231, 23055
pause-pod-2-98, 1764590913178, 1764590936396, 23218
pause-pod-2-99, 1764590913242, 1764590936578, 23336
pause-pod-2-100, 1764590913299, 1764590936749, 23450
pause-pod-2-101, 1764590913334, 1764590936901, 23567
pause-pod-2-102, 1764590913387, 1764590937073, 23686
pause-pod-2-103, 1764590913506, 1764590937224, 23718
pause-pod-2-104, 1764590913597, 1764590937379, 23782
pause-pod-2-105, 1764590913767, 1764590937557, 23790
pause-pod-2-106, 1764590913866, 1764590937709, 23843
pause-pod-2-107, 1764590913931, 1764590937868, 23937
pause-pod-2-108, 1764590914066, 1764590938025, 23959
pause-pod-2-109, 1764590914110, 1764590938191, 24081
pause-pod-2-110, 1764590914184, 1764590938357, 24173
pause-pod-2-111, 1764590914397, 1764590938533, 24136
pause-pod-2-112, 1764590914401, 1764590938705, 24304
pause-pod-2-113, 1764590914404, 1764590938861, 24457
pause-pod-2-114, 1764590914436, 1764590939016, 24580
pause-pod-2-115, 1764590914597, 1764590939169, 24572
pause-pod-2-116, 1764590914611, 1764590939330, 24719
pause-pod-2-117, 1764590914705, 1764590939492, 24787
pause-pod-2-118, 1764590914761, 1764590939641, 24880
pause-pod-2-119, 1764590914806, 1764590939825, 25019
pause-pod-2-120, 1764590914932, 1764590939979, 25047
pause-pod-2-121, 1764590914946, 1764590940145, 25199
pause-pod-2-122, 1764590914951, 1764590940312, 25361
pause-pod-2-123, 1764590914952, 1764590940511, 25559
pause-pod-2-124, 1764590914955, 1764590940669, 25714
pause-pod-2-125, 1764590914958, 1764590940841, 25883
pause-pod-2-126, 1764590914960, 1764590941026, 26066
pause-pod-2-127, 1764590915018, 1764590941186, 26168
pause-pod-2-128, 1764590915093, 1764590941349, 26256
pause-pod-2-129, 1764590915388, 1764590941507, 26119
pause-pod-2-130, 1764590915646, 1764590941673, 26027
pause-pod-2-131, 1764590915804, 1764590941835, 26031
pause-pod-2-132, 1764590915880, 1764590941984, 26104
pause-pod-2-133, 1764590915882, 1764590942136, 26254
pause-pod-2-134, 1764590915884, 1764590942287, 26403
pause-pod-2-135, 1764590915887, 1764590942439, 26552
pause-pod-2-136, 1764590915889, 1764590942595, 26706
pause-pod-2-137, 1764590915975, 1764590942745, 26770
pause-pod-2-138, 1764590916031, 1764590942896, 26865
pause-pod-2-139, 1764590916228, 1764590943054, 26826
pause-pod-2-140, 1764590916291, 1764590943217, 26926
pause-pod-2-141, 1764590916469, 1764590943369, 26900
pause-pod-2-142, 1764590916599, 1764590943519, 26920
pause-pod-2-143, 1764590916613, 1764590943672, 27059
pause-pod-2-144, 1764590916618, 1764590943854, 27236
pause-pod-2-145, 1764590916658, 1764590944022, 27364
pause-pod-2-146, 1764590916725, 1764590944192, 27467
pause-pod-2-147, 1764590916878, 1764590944362, 27484
pause-pod-2-148, 1764590916926, 1764590944521, 27595
pause-pod-2-149, 1764590916971, 1764590944673, 27702
pause-pod-2-150, 1764590916987, 1764590944823, 27836
pause-pod-3-1, 1764591023792, 1764591035936, 12144
pause-pod-3-2, 1764591023795, 1764591036135, 12340
pause-pod-3-3, 1764591023797, 1764591036330, 12533
pause-pod-3-4, 1764591023801, 1764591036519, 12718
pause-pod-3-5, 1764591023810, 1764591036720, 12910
pause-pod-3-6, 1764591023816, 1764591036897, 13081
pause-pod-3-7, 1764591023818, 1764591037088, 13270
pause-pod-3-8, 1764591023822, 1764591037251, 13429
pause-pod-3-9, 1764591023840, 1764591037444, 13604
pause-pod-3-10, 1764591023850, 1764591037620, 13770
pause-pod-3-11, 1764591023885, 1764591037804, 13919
pause-pod-3-12, 1764591023905, 1764591037962, 14057
pause-pod-3-13, 1764591023935, 1764591038224, 14289
pause-pod-3-14, 1764591023942, 1764591038516, 14574
pause-pod-3-15, 1764591023999, 1764591038716, 14717
pause-pod-3-16, 1764591024067, 1764591038898, 14831
pause-pod-3-17, 1764591024121, 1764591039101, 14980
pause-pod-3-18, 1764591024137, 1764591039283, 15146
pause-pod-3-19, 1764591024160, 1764591039440, 15280
pause-pod-3-20, 1764591024193, 1764591039783, 15590
pause-pod-3-21, 1764591024237, 1764591039983, 15746
pause-pod-3-22, 1764591024270, 1764591040142, 15872
pause-pod-3-23, 1764591024380, 1764591040323, 15943
pause-pod-3-24, 1764591024444, 1764591040499, 16055
pause-pod-3-25, 1764591024458, 1764591040663, 16205
pause-pod-3-26, 1764591024522, 1764591040827, 16305
pause-pod-3-27, 1764591024541, 1764591040989, 16448
pause-pod-3-28, 1764591024634, 1764591041139, 16505
pause-pod-3-29, 1764591024654, 1764591041324, 16670
pause-pod-3-30, 1764591024678, 1764591041501, 16823
pause-pod-3-31, 1764591024702, 1764591041686, 16984
pause-pod-3-32, 1764591024778, 1764591041878, 17100
pause-pod-3-33, 1764591024922, 1764591042029, 17107
pause-pod-3-34, 1764591024961, 1764591042200, 17239
pause-pod-3-35, 1764591024965, 1764591042510, 17545
pause-pod-3-36, 1764591025055, 1764591042671, 17616
pause-pod-3-37, 1764591025066, 1764591042852, 17786
pause-pod-3-38, 1764591025273, 1764591043013, 17740
pause-pod-3-39, 1764591025308, 1764591043179, 17871
pause-pod-3-40, 1764591025377, 1764591043337, 17960
pause-pod-3-41, 1764591025435, 1764591043498, 18063
pause-pod-3-42, 1764591025480, 1764591043648, 18168
pause-pod-3-43, 1764591025510, 1764591043805, 18295
pause-pod-3-44, 1764591025604, 1764591043958, 18354
pause-pod-3-45, 1764591025683, 1764591044128, 18445
pause-pod-3-46, 1764591025808, 1764591044291, 18483
pause-pod-3-47, 1764591025905, 1764591044455, 18550
pause-pod-3-48, 1764591025941, 1764591044630, 18689
pause-pod-3-49, 1764591026007, 1764591044790, 18783
pause-pod-3-50, 1764591026146, 1764591044948, 18802
pause-pod-3-51, 1764591026199, 1764591045107, 18908
pause-pod-3-52, 1764591026286, 1764591045277, 18991
pause-pod-3-53, 1764591026387, 1764591045433, 19046
pause-pod-3-54, 1764591026477, 1764591045596, 19119
pause-pod-3-55, 1764591026551, 1764591045764, 19213
pause-pod-3-56, 1764591026678, 1764591045913, 19235
pause-pod-3-57, 1764591026690, 1764591046067, 19377
pause-pod-3-58, 1764591026694, 1764591046249, 19555
pause-pod-3-59, 1764591026734, 1764591046403, 19669
pause-pod-3-60, 1764591026745, 1764591046562, 19817
pause-pod-3-61, 1764591026783, 1764591046722, 19939
pause-pod-3-62, 1764591026802, 1764591046885, 20083
pause-pod-3-63, 1764591026819, 1764591047038, 20219
pause-pod-3-64, 1764591026856, 1764591047199, 20343
pause-pod-3-65, 1764591027016, 1764591047357, 20341
pause-pod-3-66, 1764591027092, 1764591047513, 20421
pause-pod-3-67, 1764591027244, 1764591047669, 20425
pause-pod-3-68, 1764591027333, 1764591047828, 20495
pause-pod-3-69, 1764591027496, 1764591047979, 20483
pause-pod-3-70, 1764591027605, 1764591048129, 20524
pause-pod-3-71, 1764591027617, 1764591048307, 20690
pause-pod-3-72, 1764591027768, 1764591048458, 20690
pause-pod-3-73, 1764591027831, 1764591048629, 20798
pause-pod-3-74, 1764591027904, 1764591048789, 20885
pause-pod-3-75, 1764591027938, 1764591048944, 21006
pause-pod-3-76, 1764591027982, 1764591049098, 21116
pause-pod-3-77, 1764591027985, 1764591049255, 21270
pause-pod-3-78, 1764591028018, 1764591049410, 21392
pause-pod-3-79, 1764591028223, 1764591049563, 21340
pause-pod-3-80, 1764591028416, 1764591049737, 21321
pause-pod-3-81, 1764591028444, 1764591049894, 21450
pause-pod-3-82, 1764591028587, 1764591050054, 21467
pause-pod-3-83, 1764591028638, 1764591050212, 21574
pause-pod-3-84, 1764591028745, 1764591050371, 21626
pause-pod-3-85, 1764591028769, 1764591050550, 21781
pause-pod-3-86, 1764591028859, 1764591050709, 21850
pause-pod-3-87, 1764591028863, 1764591050868, 22005
pause-pod-3-88, 1764591028961, 1764591051033, 22072
pause-pod-3-89, 1764591029079, 1764591051183, 22104
pause-pod-3-90, 1764591029129, 1764591051340, 22211
pause-pod-3-91, 1764591029260, 1764591051586, 22326
pause-pod-3-92, 1764591029395, 1764591051740, 22345
pause-pod-3-93, 1764591029479, 1764591051895, 22416
pause-pod-3-94, 1764591029541, 1764591052163, 22622
pause-pod-3-95, 1764591029607, 1764591052325, 22718
pause-pod-3-96, 1764591029734, 1764591052475, 22741
pause-pod-3-97, 1764591029811, 1764591052640, 22829
pause-pod-3-98, 1764591029835, 1764591052792, 22957
pause-pod-3-99, 1764591029838, 1764591052947, 23109
pause-pod-3-100, 1764591029847, 1764591053096, 23249
pause-pod-3-101, 1764591029851, 1764591053255, 23404
pause-pod-3-102, 1764591029853, 1764591053427, 23574
pause-pod-3-103, 1764591029918, 1764591053577, 23659
pause-pod-3-104, 1764591030012, 1764591053735, 23723
pause-pod-3-105, 1764591030146, 1764591053893, 23747
pause-pod-3-106, 1764591030161, 1764591054042, 23881
pause-pod-3-107, 1764591030275, 1764591054215, 23940
pause-pod-3-108, 1764591030518, 1764591054362, 23844
pause-pod-3-109, 1764591030532, 1764591054530, 23998
pause-pod-3-110, 1764591030606, 1764591054690, 24084
pause-pod-3-111, 1764591030666, 1764591054839, 24173
pause-pod-3-112, 1764591030752, 1764591054991, 24239
pause-pod-3-113, 1764591030787, 1764591055140, 24353
pause-pod-3-114, 1764591030851, 1764591055301, 24450
pause-pod-3-115, 1764591030919, 1764591055454, 24535
pause-pod-3-116, 1764591030994, 1764591055602, 24608
pause-pod-3-117, 1764591031112, 1764591055756, 24644
pause-pod-3-118, 1764591031263, 1764591055923, 24660
pause-pod-3-119, 1764591031302, 1764591056081, 24779
pause-pod-3-120, 1764591031314, 1764591056246, 24932
pause-pod-3-121, 1764591031570, 1764591056408, 24838
pause-pod-3-122, 1764591031626, 1764591056565, 24939
pause-pod-3-123, 1764591031669, 1764591056718, 25049
pause-pod-3-124, 1764591031678, 1764591056886, 25208
pause-pod-3-125, 1764591031760, 1764591057047, 25287
pause-pod-3-126, 1764591031865, 1764591057203, 25338
pause-pod-3-127, 1764591031920, 1764591057354, 25434
pause-pod-3-128, 1764591031967, 1764591057510, 25543
pause-pod-3-129, 1764591032004, 1764591057670, 25666
pause-pod-3-130, 1764591032043, 1764591057821, 25778
pause-pod-3-131, 1764591032124, 1764591057978, 25854
pause-pod-3-132, 1764591032151, 1764591058134, 25983
pause-pod-3-133, 1764591032156, 1764591058287, 26131
pause-pod-3-134, 1764591032321, 1764591058447, 26126
pause-pod-3-135, 1764591032419, 1764591058609, 26190
pause-pod-3-136, 1764591032510, 1764591058772, 26262
pause-pod-3-137, 1764591032628, 1764591058926, 26298
pause-pod-3-138, 1764591032659, 1764591059082, 26423
pause-pod-3-139, 1764591032686, 1764591059235, 26549
pause-pod-3-140, 1764591032916, 1764591059390, 26474
pause-pod-3-141, 1764591032933, 1764591059549, 26616
pause-pod-3-142, 1764591033067, 1764591059706, 26639
pause-pod-3-143, 1764591033196, 1764591059871, 26675
pause-pod-3-144, 1764591033250, 1764591060034, 26784
pause-pod-3-145, 1764591033264, 1764591060193, 26929
pause-pod-3-146, 1764591033377, 1764591060365, 26988
pause-pod-3-147, 1764591033467, 1764591060528, 27061
pause-pod-3-148, 1764591033541, 1764591060687, 27146
pause-pod-3-149, 1764591033570, 1764591060845, 27275
pause-pod-3-150, 1764591033624, 1764591061001, 27377
pause-pod-4-1, 1764591141910, 1764591154923, 13013
pause-pod-4-2, 1764591141912, 1764591155115, 13203
pause-pod-4-3, 1764591141913, 1764591155349, 13436
pause-pod-4-4, 1764591141917, 1764591155529, 13612
pause-pod-4-5, 1764591141921, 1764591155763, 13842
pause-pod-4-6, 1764591141928, 1764591156001, 14073
pause-pod-4-7, 1764591141932, 1764591156211, 14279
pause-pod-4-8, 1764591141933, 1764591156401, 14468
pause-pod-4-9, 1764591141938, 1764591156563, 14625
pause-pod-4-10, 1764591141951, 1764591156791, 14840
pause-pod-4-11, 1764591141956, 1764591156978, 15022
pause-pod-4-12, 1764591141975, 1764591157217, 15242
pause-pod-4-13, 1764591141999, 1764591157385, 15386
pause-pod-4-14, 1764591142025, 1764591157559, 15534
pause-pod-4-15, 1764591142029, 1764591157714, 15685
pause-pod-4-16, 1764591142053, 1764591157882, 15829
pause-pod-4-17, 1764591142080, 1764591158066, 15986
pause-pod-4-18, 1764591142125, 1764591158246, 16121
pause-pod-4-19, 1764591142143, 1764591158434, 16291
pause-pod-4-20, 1764591142190, 1764591158741, 16551
pause-pod-4-21, 1764591142251, 1764591158946, 16695
pause-pod-4-22, 1764591142264, 1764591159140, 16876
pause-pod-4-23, 1764591142427, 1764591159587, 17160
pause-pod-4-24, 1764591142454, 1764591159771, 17317
pause-pod-4-25, 1764591142482, 1764591159941, 17459
pause-pod-4-26, 1764591142518, 1764591160176, 17658
pause-pod-4-27, 1764591142532, 1764591160458, 17926
pause-pod-4-28, 1764591142557, 1764591160630, 18073
pause-pod-4-29, 1764591142566, 1764591160787, 18221
pause-pod-4-30, 1764591142574, 1764591160958, 18384
pause-pod-4-31, 1764591142577, 1764591161123, 18546
pause-pod-4-32, 1764591142614, 1764591161272, 18658
pause-pod-4-33, 1764591142660, 1764591161430, 18770
pause-pod-4-34, 1764591142664, 1764591161598, 18934
pause-pod-4-35, 1764591142674, 1764591161772, 19098
pause-pod-4-36, 1764591142748, 1764591161945, 19197
pause-pod-4-37, 1764591142822, 1764591162102, 19280
pause-pod-4-38, 1764591142958, 1764591162263, 19305
pause-pod-4-39, 1764591143080, 1764591162425, 19345
pause-pod-4-40, 1764591143134, 1764591162585, 19451
pause-pod-4-41, 1764591143224, 1764591162740, 19516
pause-pod-4-42, 1764591143309, 1764591162891, 19582
pause-pod-4-43, 1764591143411, 1764591163048, 19637
pause-pod-4-44, 1764591143519, 1764591163210, 19691
pause-pod-4-45, 1764591143592, 1764591163367, 19775
pause-pod-4-46, 1764591143800, 1764591163527, 19727
pause-pod-4-47, 1764591143835, 1764591163683, 19848
pause-pod-4-48, 1764591143941, 1764591163840, 19899
pause-pod-4-49, 1764591144053, 1764591163998, 19945
pause-pod-4-50, 1764591144157, 1764591164190, 20033
pause-pod-4-51, 1764591144286, 1764591164352, 20066
pause-pod-4-52, 1764591144408, 1764591164522, 20114
pause-pod-4-53, 1764591144704, 1764591164682, 19978
pause-pod-4-54, 1764591144733, 1764591164837, 20104
pause-pod-4-55, 1764591144917, 1764591165042, 20125
pause-pod-4-56, 1764591145042, 1764591165220, 20178
pause-pod-4-57, 1764591145293, 1764591165377, 20084
pause-pod-4-58, 1764591145318, 1764591165534, 20216
pause-pod-4-59, 1764591145325, 1764591165694, 20369
pause-pod-4-60, 1764591145327, 1764591165857, 20530
pause-pod-4-61, 1764591145354, 1764591166017, 20663
pause-pod-4-62, 1764591145363, 1764591166176, 20813
pause-pod-4-63, 1764591145370, 1764591166326, 20956
pause-pod-4-64, 1764591145373, 1764591166482, 21109
pause-pod-4-65, 1764591145425, 1764591166644, 21219
pause-pod-4-66, 1764591145464, 1764591166799, 21335
pause-pod-4-67, 1764591145538, 1764591166959, 21421
pause-pod-4-68, 1764591145710, 1764591167118, 21408
pause-pod-4-69, 1764591145714, 1764591167273, 21559
pause-pod-4-70, 1764591145951, 1764591167431, 21480
pause-pod-4-71, 1764591146030, 1764591167590, 21560
pause-pod-4-72, 1764591146086, 1764591167749, 21663
pause-pod-4-73, 1764591146203, 1764591167910, 21707
pause-pod-4-74, 1764591146280, 1764591168070, 21790
pause-pod-4-75, 1764591146340, 1764591168245, 21905
pause-pod-4-76, 1764591146343, 1764591168404, 22061
pause-pod-4-77, 1764591146486, 1764591168563, 22077
pause-pod-4-78, 1764591146493, 1764591168725, 22232
pause-pod-4-79, 1764591146561, 1764591168890, 22329
pause-pod-4-80, 1764591146667, 1764591169078, 22411
pause-pod-4-81, 1764591146675, 1764591169231, 22556
pause-pod-4-82, 1764591146734, 1764591169394, 22660
pause-pod-4-83, 1764591146845, 1764591169551, 22706
pause-pod-4-84, 1764591147023, 1764591169702, 22679
pause-pod-4-85, 1764591147104, 1764591169861, 22757
pause-pod-4-86, 1764591147168, 1764591170014, 22846
pause-pod-4-87, 1764591147221, 1764591170176, 22955
pause-pod-4-88, 1764591147285, 1764591170383, 23098
pause-pod-4-89, 1764591147308, 1764591170538, 23230
pause-pod-4-90, 1764591147371, 1764591170696, 23325
pause-pod-4-91, 1764591147523, 1764591170857, 23334
pause-pod-4-92, 1764591147536, 1764591171014, 23478
pause-pod-4-93, 1764591147543, 1764591171164, 23621
pause-pod-4-94, 1764591147554, 1764591171312, 23758
pause-pod-4-95, 1764591147572, 1764591171476, 23904
pause-pod-4-96, 1764591147586, 1764591171634, 24048
pause-pod-4-97, 1764591147593, 1764591171793, 24200
pause-pod-4-98, 1764591147651, 1764591171945, 24294
pause-pod-4-99, 1764591147731, 1764591172102, 24371
pause-pod-4-100, 1764591147925, 1764591172260, 24335
pause-pod-4-101, 1764591147978, 1764591172425, 24447
pause-pod-4-102, 1764591148116, 1764591172583, 24467
pause-pod-4-103, 1764591148139, 1764591172744, 24605
pause-pod-4-104, 1764591148162, 1764591172899, 24737
pause-pod-4-105, 1764591148167, 1764591173057, 24890
pause-pod-4-106, 1764591148170, 1764591173210, 25040
pause-pod-4-107, 1764591148273, 1764591173360, 25087
pause-pod-4-108, 1764591148289, 1764591173511, 25222
pause-pod-4-109, 1764591148321, 1764591173687, 25366
pause-pod-4-110, 1764591148395, 1764591173843, 25448
pause-pod-4-111, 1764591148482, 1764591173999, 25517
pause-pod-4-112, 1764591148495, 1764591174154, 25659
pause-pod-4-113, 1764591148658, 1764591174316, 25658
pause-pod-4-114, 1764591148886, 1764591174479, 25593
pause-pod-4-115, 1764591148900, 1764591174635, 25735
pause-pod-4-116, 1764591148918, 1764591174792, 25874
pause-pod-4-117, 1764591148991, 1764591174968, 25977
pause-pod-4-118, 1764591149019, 1764591175137, 26118
pause-pod-4-119, 1764591149193, 1764591175303, 26110
pause-pod-4-120, 1764591149351, 1764591175459, 26108
pause-pod-4-121, 1764591149412, 1764591175620, 26208
pause-pod-4-122, 1764591149561, 1764591175784, 26223
pause-pod-4-123, 1764591149618, 1764591175939, 26321
pause-pod-4-124, 1764591149637, 1764591176096, 26459
pause-pod-4-125, 1764591149666, 1764591176247, 26581
pause-pod-4-126, 1764591149669, 1764591176401, 26732
pause-pod-4-127, 1764591149682, 1764591176566, 26884
pause-pod-4-128, 1764591149697, 1764591176717, 27020
pause-pod-4-129, 1764591149867, 1764591176875, 27008
pause-pod-4-130, 1764591149944, 1764591177031, 27087
pause-pod-4-131, 1764591150048, 1764591177190, 27142
pause-pod-4-132, 1764591150298, 1764591177374, 27076
pause-pod-4-133, 1764591150413, 1764591177538, 27125
pause-pod-4-134, 1764591150690, 1764591177691, 27001
pause-pod-4-135, 1764591150697, 1764591177848, 27151
pause-pod-4-136, 1764591150850, 1764591178004, 27154
pause-pod-4-137, 1764591150970, 1764591178162, 27192
pause-pod-4-138, 1764591151058, 1764591178330, 27272
pause-pod-4-139, 1764591151061, 1764591178501, 27440
pause-pod-4-140, 1764591151159, 1764591178680, 27521
pause-pod-4-141, 1764591151275, 1764591178846, 27571
pause-pod-4-142, 1764591151284, 1764591179007, 27723
pause-pod-4-143, 1764591151471, 1764591179165, 27694
pause-pod-4-144, 1764591151631, 1764591179322, 27691
pause-pod-4-145, 1764591151683, 1764591179484, 27801
pause-pod-4-146, 1764591151743, 1764591179639, 27896
pause-pod-4-147, 1764591152042, 1764591179789, 27747
pause-pod-4-148, 1764591152051, 1764591179941, 27890
pause-pod-4-149, 1764591152119, 1764591180110, 27991
pause-pod-4-150, 1764591152244, 1764591180264, 28020
pause-pod-5-1, 1764591259850, 1764591273146, 13296
pause-pod-5-2, 1764591259852, 1764591273354, 13502
pause-pod-5-3, 1764591259854, 1764591273648, 13794
pause-pod-5-4, 1764591259861, 1764591273846, 13985
pause-pod-5-5, 1764591259863, 1764591274024, 14161
pause-pod-5-6, 1764591259868, 1764591274235, 14367
pause-pod-5-7, 1764591259880, 1764591274457, 14577
pause-pod-5-8, 1764591259898, 1764591274625, 14727
pause-pod-5-9, 1764591259932, 1764591274831, 14899
pause-pod-5-10, 1764591259945, 1764591274995, 15050
pause-pod-5-11, 1764591259999, 1764591275264, 15265
pause-pod-5-12, 1764591260041, 1764591275430, 15389
pause-pod-5-13, 1764591260063, 1764591275612, 15549
pause-pod-5-14, 1764591260085, 1764591275765, 15680
pause-pod-5-15, 1764591260088, 1764591275960, 15872
pause-pod-5-16, 1764591260096, 1764591276160, 16064
pause-pod-5-17, 1764591260137, 1764591276323, 16186
pause-pod-5-18, 1764591260145, 1764591276517, 16372
pause-pod-5-19, 1764591260179, 1764591276689, 16510
pause-pod-5-20, 1764591260187, 1764591276853, 16666
pause-pod-5-21, 1764591260318, 1764591277065, 16747
pause-pod-5-22, 1764591260381, 1764591277290, 16909
pause-pod-5-23, 1764591260504, 1764591277448, 16944
pause-pod-5-24, 1764591260540, 1764591277625, 17085
pause-pod-5-25, 1764591260566, 1764591277781, 17215
pause-pod-5-26, 1764591260621, 1764591277949, 17328
pause-pod-5-27, 1764591260733, 1764591278110, 17377
pause-pod-5-28, 1764591260817, 1764591278285, 17468
pause-pod-5-29, 1764591260885, 1764591278442, 17557
pause-pod-5-30, 1764591260931, 1764591278623, 17692
pause-pod-5-31, 1764591260933, 1764591278778, 17845
pause-pod-5-32, 1764591260998, 1764591278941, 17943
pause-pod-5-33, 1764591261147, 1764591279098, 17951
pause-pod-5-34, 1764591261227, 1764591279255, 18028
pause-pod-5-35, 1764591261357, 1764591279418, 18061
pause-pod-5-36, 1764591261361, 1764591279582, 18221
pause-pod-5-37, 1764591261363, 1764591279737, 18374
pause-pod-5-38, 1764591261452, 1764591279894, 18442
pause-pod-5-39, 1764591261546, 1764591280052, 18506
pause-pod-5-40, 1764591261610, 1764591280221, 18611
pause-pod-5-41, 1764591261716, 1764591280382, 18666
pause-pod-5-42, 1764591261786, 1764591280538, 18752
pause-pod-5-43, 1764591261935, 1764591280694, 18759
pause-pod-5-44, 1764591262094, 1764591280862, 18768
pause-pod-5-45, 1764591262114, 1764591281018, 18904
pause-pod-5-46, 1764591262219, 1764591281202, 18983
pause-pod-5-47, 1764591262237, 1764591281360, 19123
pause-pod-5-48, 1764591262291, 1764591281511, 19220
pause-pod-5-49, 1764591262364, 1764591281661, 19297
pause-pod-5-50, 1764591262379, 1764591281813, 19434
pause-pod-5-51, 1764591262444, 1764591281963, 19519
pause-pod-5-52, 1764591262634, 1764591282123, 19489
pause-pod-5-53, 1764591262698, 1764591282284, 19586
pause-pod-5-54, 1764591262713, 1764591282445, 19732
pause-pod-5-55, 1764591262857, 1764591282613, 19756
pause-pod-5-56, 1764591262927, 1764591282771, 19844
pause-pod-5-57, 1764591262980, 1764591282934, 19954
pause-pod-5-58, 1764591263001, 1764591283085, 20084
pause-pod-5-59, 1764591263068, 1764591283247, 20179
pause-pod-5-60, 1764591263080, 1764591283400, 20320
pause-pod-5-61, 1764591263113, 1764591283558, 20445
pause-pod-5-62, 1764591263131, 1764591283706, 20575
pause-pod-5-63, 1764591263239, 1764591283860, 20621
pause-pod-5-64, 1764591263389, 1764591284033, 20644
pause-pod-5-65, 1764591263595, 1764591284202, 20607
pause-pod-5-66, 1764591263621, 1764591284360, 20739
pause-pod-5-67, 1764591263696, 1764591284513, 20817
pause-pod-5-68, 1764591263791, 1764591284672, 20881
pause-pod-5-69, 1764591263861, 1764591284824, 20963
pause-pod-5-70, 1764591263994, 1764591284989, 20995
pause-pod-5-71, 1764591264072, 1764591285152, 21080
pause-pod-5-72, 1764591264204, 1764591285321, 21117
pause-pod-5-73, 1764591264396, 1764591285479, 21083
pause-pod-5-74, 1764591264398, 1764591285644, 21246
pause-pod-5-75, 1764591264401, 1764591285826, 21425
pause-pod-5-76, 1764591264541, 1764591285979, 21438
pause-pod-5-77, 1764591264936, 1764591286134, 21198
pause-pod-5-78, 1764591265177, 1764591286304, 21127
pause-pod-5-79, 1764591265300, 1764591286469, 21169
pause-pod-5-80, 1764591265367, 1764591286629, 21262
pause-pod-5-81, 1764591265409, 1764591286787, 21378
pause-pod-5-82, 1764591265443, 1764591286942, 21499
pause-pod-5-83, 1764591265498, 1764591287093, 21595
pause-pod-5-84, 1764591265536, 1764591287248, 21712
pause-pod-5-85, 1764591265691, 1764591287467, 21776
pause-pod-5-86, 1764591265705, 1764591287626, 21921
pause-pod-5-87, 1764591265708, 1764591287797, 22089
pause-pod-5-88, 1764591265710, 1764591287957, 22247
pause-pod-5-89, 1764591265718, 1764591288111, 22393
pause-pod-5-90, 1764591265777, 1764591288265, 22488
pause-pod-5-91, 1764591265830, 1764591288452, 22622
pause-pod-5-92, 1764591265942, 1764591288614, 22672
pause-pod-5-93, 1764591266008, 1764591288774, 22766
pause-pod-5-94, 1764591266014, 1764591288930, 22916
pause-pod-5-95, 1764591266016, 1764591289085, 23069
pause-pod-5-96, 1764591266019, 1764591289242, 23223
pause-pod-5-97, 1764591266021, 1764591289405, 23384
pause-pod-5-98, 1764591266024, 1764591289568, 23544
pause-pod-5-99, 1764591266079, 1764591289737, 23658
pause-pod-5-100, 1764591266209, 1764591289893, 23684
pause-pod-5-101, 1764591266321, 1764591290054, 23733
pause-pod-5-102, 1764591266427, 1764591290245, 23818
pause-pod-5-103, 1764591266521, 1764591290411, 23890
pause-pod-5-104, 1764591266654, 1764591290585, 23931
pause-pod-5-105, 1764591266925, 1764591290736, 23811
pause-pod-5-106, 1764591267354, 1764591290895, 23541
pause-pod-5-107, 1764591267450, 1764591291048, 23598
pause-pod-5-108, 1764591267517, 1764591291206, 23689
pause-pod-5-109, 1764591267558, 1764591291362, 23804
pause-pod-5-110, 1764591267632, 1764591291524, 23892
pause-pod-5-111, 1764591267705, 1764591291677, 23972
pause-pod-5-112, 1764591267857, 1764591291853, 23996
pause-pod-5-113, 1764591267916, 1764591292007, 24091
pause-pod-5-114, 1764591268028, 1764591292163, 24135
pause-pod-5-115, 1764591268133, 1764591292319, 24186
pause-pod-5-116, 1764591268224, 1764591292478, 24254
pause-pod-5-117, 1764591268310, 1764591292639, 24329
pause-pod-5-118, 1764591268446, 1764591292803, 24357
pause-pod-5-119, 1764591268458, 1764591292964, 24506
pause-pod-5-120, 1764591268540, 1764591293116, 24576
pause-pod-5-121, 1764591268637, 1764591293272, 24635
pause-pod-5-122, 1764591268646, 1764591293435, 24789
pause-pod-5-123, 1764591268731, 1764591293602, 24871
pause-pod-5-124, 1764591268853, 1764591293754, 24901
pause-pod-5-125, 1764591269061, 1764591293925, 24864
pause-pod-5-126, 1764591269094, 1764591294095, 25001
pause-pod-5-127, 1764591269131, 1764591294244, 25113
pause-pod-5-128, 1764591269185, 1764591294405, 25220
pause-pod-5-129, 1764591269187, 1764591294556, 25369
pause-pod-5-130, 1764591269523, 1764591294711, 25188
pause-pod-5-131, 1764591269838, 1764591294867, 25029
pause-pod-5-132, 1764591269841, 1764591295020, 25179
pause-pod-5-133, 1764591270067, 1764591295181, 25114
pause-pod-5-134, 1764591270127, 1764591295339, 25212
pause-pod-5-135, 1764591270133, 1764591295494, 25361
pause-pod-5-136, 1764591270234, 1764591295651, 25417
pause-pod-5-137, 1764591270457, 1764591295810, 25353
pause-pod-5-138, 1764591270625, 1764591295967, 25342
pause-pod-5-139, 1764591270641, 1764591296117, 25476
pause-pod-5-140, 1764591270671, 1764591296278, 25607
pause-pod-5-141, 1764591270767, 1764591296430, 25663
pause-pod-5-142, 1764591270879, 1764591296612, 25733
pause-pod-5-143, 1764591270915, 1764591296772, 25857
pause-pod-5-144, 1764591270938, 1764591296928, 25990
pause-pod-5-145, 1764591271032, 1764591297081, 26049
pause-pod-5-146, 1764591271123, 1764591297246, 26123
pause-pod-5-147, 1764591271141, 1764591297400, 26259
pause-pod-5-148, 1764591271180, 1764591297557, 26377
pause-pod-5-149, 1764591271279, 1764591297706, 26427
pause-pod-5-150, 1764591271477, 1764591297857, 26380
pause-pod-6-1, 1764591378545, 1764591390855, 12310
pause-pod-6-2, 1764591378547, 1764591391042, 12495
pause-pod-6-3, 1764591378549, 1764591391218, 12669
pause-pod-6-4, 1764591378552, 1764591391376, 12824
pause-pod-6-5, 1764591378558, 1764591391570, 13012
pause-pod-6-6, 1764591378562, 1764591392236, 13674
pause-pod-6-7, 1764591378581, 1764591392410, 13829
pause-pod-6-8, 1764591378590, 1764591392625, 14035
pause-pod-6-9, 1764591378618, 1764591392807, 14189
pause-pod-6-10, 1764591378626, 1764591392980, 14354
pause-pod-6-11, 1764591378670, 1764591393139, 14469
pause-pod-6-12, 1764591378690, 1764591393294, 14604
pause-pod-6-13, 1764591378693, 1764591393455, 14762
pause-pod-6-14, 1764591378734, 1764591393639, 14905
pause-pod-6-15, 1764591378756, 1764591393811, 15055
pause-pod-6-16, 1764591378767, 1764591394005, 15238
pause-pod-6-17, 1764591378783, 1764591394253, 15470
pause-pod-6-18, 1764591378804, 1764591394440, 15636
pause-pod-6-19, 1764591378806, 1764591394617, 15811
pause-pod-6-20, 1764591378832, 1764591394908, 16076
pause-pod-6-21, 1764591378942, 1764591395076, 16134
pause-pod-6-22, 1764591378988, 1764591395258, 16270
pause-pod-6-23, 1764591379002, 1764591395430, 16428
pause-pod-6-24, 1764591379034, 1764591395602, 16568
pause-pod-6-25, 1764591379073, 1764591395807, 16734
pause-pod-6-26, 1764591379164, 1764591395994, 16830
pause-pod-6-27, 1764591379210, 1764591396180, 16970
pause-pod-6-28, 1764591379334, 1764591396364, 17030
pause-pod-6-29, 1764591379399, 1764591396549, 17150
pause-pod-6-30, 1764591379408, 1764591396732, 17324
pause-pod-6-31, 1764591379446, 1764591396894, 17448
pause-pod-6-32, 1764591379561, 1764591397075, 17514
pause-pod-6-33, 1764591379569, 1764591397265, 17696
pause-pod-6-34, 1764591379688, 1764591397426, 17738
pause-pod-6-35, 1764591379703, 1764591397578, 17875
pause-pod-6-36, 1764591379713, 1764591397735, 18022
pause-pod-6-37, 1764591379780, 1764591397902, 18122
pause-pod-6-38, 1764591379842, 1764591398056, 18214
pause-pod-6-39, 1764591379876, 1764591398220, 18344
pause-pod-6-40, 1764591379920, 1764591398373, 18453
pause-pod-6-41, 1764591379957, 1764591398524, 18567
pause-pod-6-42, 1764591380056, 1764591398681, 18625
pause-pod-6-43, 1764591380148, 1764591398837, 18689
pause-pod-6-44, 1764591380191, 1764591398994, 18803
pause-pod-6-45, 1764591380263, 1764591399150, 18887
pause-pod-6-46, 1764591380354, 1764591399313, 18959
pause-pod-6-47, 1764591380462, 1764591399469, 19007
pause-pod-6-48, 1764591380548, 1764591399631, 19083
pause-pod-6-49, 1764591380721, 1764591399795, 19074
pause-pod-6-50, 1764591380759, 1764591399956, 19197
pause-pod-6-51, 1764591380921, 1764591400118, 19197
pause-pod-6-52, 1764591380950, 1764591400297, 19347
pause-pod-6-53, 1764591380975, 1764591400447, 19472
pause-pod-6-54, 1764591381154, 1764591400601, 19447
pause-pod-6-55, 1764591381177, 1764591400756, 19579
pause-pod-6-56, 1764591381258, 1764591400913, 19655
pause-pod-6-57, 1764591381294, 1764591401070, 19776
pause-pod-6-58, 1764591381333, 1764591401223, 19890
pause-pod-6-59, 1764591381372, 1764591401397, 20025
pause-pod-6-60, 1764591381415, 1764591401546, 20131
pause-pod-6-61, 1764591381463, 1764591401705, 20242
pause-pod-6-62, 1764591381480, 1764591401861, 20381
pause-pod-6-63, 1764591381547, 1764591402052, 20505
pause-pod-6-64, 1764591381638, 1764591402208, 20570
pause-pod-6-65, 1764591381678, 1764591402449, 20771
pause-pod-6-66, 1764591381719, 1764591402608, 20889
pause-pod-6-67, 1764591381721, 1764591402776, 21055
pause-pod-6-68, 1764591381829, 1764591402929, 21100
pause-pod-6-69, 1764591381933, 1764591403148, 21215
pause-pod-6-70, 1764591381983, 1764591403299, 21316
pause-pod-6-71, 1764591381989, 1764591403498, 21509
pause-pod-6-72, 1764591381992, 1764591403654, 21662
pause-pod-6-73, 1764591381994, 1764591403847, 21853
pause-pod-6-74, 1764591382174, 1764591404012, 21838
pause-pod-6-75, 1764591382197, 1764591404181, 21984
pause-pod-6-76, 1764591382201, 1764591404354, 22153
pause-pod-6-77, 1764591382356, 1764591404519, 22163
pause-pod-6-78, 1764591382445, 1764591404681, 22236
pause-pod-6-79, 1764591382493, 1764591404839, 22346
pause-pod-6-80, 1764591382548, 1764591404998, 22450
pause-pod-6-81, 1764591382631, 1764591405179, 22548
pause-pod-6-82, 1764591382749, 1764591405342, 22593
pause-pod-6-83, 1764591382772, 1764591405506, 22734
pause-pod-6-84, 1764591382783, 1764591405661, 22878
pause-pod-6-85, 1764591382901, 1764591405813, 22912
pause-pod-6-86, 1764591382965, 1764591405973, 23008
pause-pod-6-87, 1764591383060, 1764591406128, 23068
pause-pod-6-88, 1764591383209, 1764591406287, 23078
pause-pod-6-89, 1764591383217, 1764591406445, 23228
pause-pod-6-90, 1764591383477, 1764591406602, 23125
pause-pod-6-91, 1764591383503, 1764591406762, 23259
pause-pod-6-92, 1764591383632, 1764591406918, 23286
pause-pod-6-93, 1764591383677, 1764591407081, 23404
pause-pod-6-94, 1764591383716, 1764591407230, 23514
pause-pod-6-95, 1764591383848, 1764591407382, 23534
pause-pod-6-96, 1764591383921, 1764591407532, 23611
pause-pod-6-97, 1764591384259, 1764591407684, 23425
pause-pod-6-98, 1764591384391, 1764591407831, 23440
pause-pod-6-99, 1764591384519, 1764591407989, 23470
pause-pod-6-100, 1764591384567, 1764591408138, 23571
pause-pod-6-101, 1764591384584, 1764591408292, 23708
pause-pod-6-102, 1764591384654, 1764591408441, 23787
pause-pod-6-103, 1764591384762, 1764591408603, 23841
pause-pod-6-104, 1764591384798, 1764591408757, 23959
pause-pod-6-105, 1764591384984, 1764591408912, 23928
pause-pod-6-106, 1764591385056, 1764591409065, 24009
pause-pod-6-107, 1764591385091, 1764591409221, 24130
pause-pod-6-108, 1764591385216, 1764591409379, 24163
pause-pod-6-109, 1764591385380, 1764591409542, 24162
pause-pod-6-110, 1764591385534, 1764591409702, 24168
pause-pod-6-111, 1764591385695, 1764591409857, 24162
pause-pod-6-112, 1764591385699, 1764591410014, 24315
pause-pod-6-113, 1764591385719, 1764591410178, 24459
pause-pod-6-114, 1764591385741, 1764591410344, 24603
pause-pod-6-115, 1764591385744, 1764591410501, 24757
pause-pod-6-116, 1764591385857, 1764591410672, 24815
pause-pod-6-117, 1764591385987, 1764591410830, 24843
pause-pod-6-118, 1764591386026, 1764591411002, 24976
pause-pod-6-119, 1764591386052, 1764591411168, 25116
pause-pod-6-120, 1764591386093, 1764591411330, 25237
pause-pod-6-121, 1764591386158, 1764591411490, 25332
pause-pod-6-122, 1764591386234, 1764591411652, 25418
pause-pod-6-123, 1764591386370, 1764591411828, 25458
pause-pod-6-124, 1764591386448, 1764591411988, 25540
pause-pod-6-125, 1764591386556, 1764591412150, 25594
pause-pod-6-126, 1764591386716, 1764591412315, 25599
pause-pod-6-127, 1764591386882, 1764591412475, 25593
pause-pod-6-128, 1764591386961, 1764591412642, 25681
pause-pod-6-129, 1764591387085, 1764591412800, 25715
pause-pod-6-130, 1764591387134, 1764591412962, 25828
pause-pod-6-131, 1764591387172, 1764591413131, 25959
pause-pod-6-132, 1764591387344, 1764591413295, 25951
pause-pod-6-133, 1764591387421, 1764591413451, 26030
pause-pod-6-134, 1764591387502, 1764591413694, 26192
pause-pod-6-135, 1764591387559, 1764591413855, 26296
pause-pod-6-136, 1764591387599, 1764591414037, 26438
pause-pod-6-137, 1764591387914, 1764591414210, 26296
pause-pod-6-138, 1764591388010, 1764591414366, 26356
pause-pod-6-139, 1764591388125, 1764591414530, 26405
pause-pod-6-140, 1764591388128, 1764591414690, 26562
pause-pod-6-141, 1764591388141, 1764591414846, 26705
pause-pod-6-142, 1764591388278, 1764591415011, 26733
pause-pod-6-143, 1764591388356, 1764591415180, 26824
pause-pod-6-144, 1764591388379, 1764591415333, 26954
pause-pod-6-145, 1764591388417, 1764591415487, 27070
pause-pod-6-146, 1764591388463, 1764591415667, 27204
pause-pod-6-147, 1764591388495, 1764591415821, 27326
pause-pod-6-148, 1764591388710, 1764591415990, 27280
pause-pod-6-149, 1764591388789, 1764591416159, 27370
pause-pod-6-150, 1764591388851, 1764591416313, 27462
