Pod Name, Creation Timestamp, Ready Timestamp, Latency (milliseconds)
pause-pod-1-1, 1764589693808, 1764589703598, 9790
pause-pod-1-2, 1764589693811, 1764589703794, 9983
pause-pod-1-3, 1764589693813, 1764589703983, 10170
pause-pod-1-4, 1764589693816, 1764589704204, 10388
pause-pod-1-5, 1764589693818, 1764589704360, 10542
pause-pod-1-6, 1764589693821, 1764589704565, 10744
pause-pod-1-7, 1764589693825, 1764589704790, 10965
pause-pod-1-8, 1764589693849, 1764589705007, 11158
pause-pod-1-9, 1764589693905, 1764589705186, 11281
pause-pod-1-10, 1764589693919, 1764589705356, 11437
pause-pod-1-11, 1764589693930, 1764589705544, 11614
pause-pod-1-12, 1764589693948, 1764589705717, 11769
pause-pod-1-13, 1764589693995, 1764589705905, 11910
pause-pod-1-14, 1764589694056, 1764589706061, 12005
pause-pod-1-15, 1764589694097, 1764589706226, 12129
pause-pod-1-16, 1764589694174, 1764589706396, 12222
pause-pod-1-17, 1764589694188, 1764589706554, 12366
pause-pod-1-18, 1764589694191, 1764589706712, 12521
pause-pod-1-19, 1764589694223, 1764589706870, 12647
pause-pod-1-20, 1764589694261, 1764589707031, 12770
pause-pod-1-21, 1764589694305, 1764589707191, 12886
pause-pod-1-22, 1764589694312, 1764589707343, 13031
pause-pod-1-23, 1764589694448, 1764589707500, 13052
pause-pod-1-24, 1764589694452, 1764589707660, 13208
pause-pod-1-25, 1764589694454, 1764589707819, 13365
pause-pod-1-26, 1764589694461, 1764589707978, 13517
pause-pod-1-27, 1764589694463, 1764589708136, 13673
pause-pod-1-28, 1764589694466, 1764589708292, 13826
pause-pod-1-29, 1764589694468, 1764589708442, 13974
pause-pod-1-30, 1764589694471, 1764589708626, 14155
pause-pod-1-31, 1764589694473, 1764589708791, 14318
pause-pod-1-32, 1764589694474, 1764589708945, 14471
pause-pod-1-33, 1764589694476, 1764589709106, 14630
pause-pod-1-34, 1764589694478, 1764589709266, 14788
pause-pod-1-35, 1764589694479, 1764589709426, 14947
pause-pod-1-36, 1764589694485, 1764589709687, 15202
pause-pod-1-37, 1764589694490, 1764589709841, 15351
pause-pod-1-38, 1764589694494, 1764589710000, 15506
pause-pod-1-39, 1764589694496, 1764589710159, 15663
pause-pod-1-40, 1764589694498, 1764589710327, 15829
pause-pod-1-41, 1764589694512, 1764589710485, 15973
pause-pod-1-42, 1764589694513, 1764589710657, 16144
pause-pod-1-43, 1764589694536, 1764589710821, 16285
pause-pod-1-44, 1764589694544, 1764589710980, 16436
pause-pod-1-45, 1764589694716, 1764589711138, 16422
pause-pod-1-46, 1764589694730, 1764589711294, 16564
pause-pod-1-47, 1764589694733, 1764589711452, 16719
pause-pod-1-48, 1764589694736, 1764589711611, 16875
pause-pod-1-49, 1764589694745, 1764589711766, 17021
pause-pod-1-50, 1764589694748, 1764589711915, 17167
pause-pod-2-1, 1764589778962, 1764589785350, 6388
pause-pod-2-2, 1764589778963, 1764589785567, 6604
pause-pod-2-3, 1764589778970, 1764589785786, 6816
pause-pod-2-4, 1764589778972, 1764589785995, 7023
pause-pod-2-5, 1764589778974, 1764589786149, 7175
pause-pod-2-6, 1764589778975, 1764589786321, 7346
pause-pod-2-7, 1764589778977, 1764589786479, 7502
pause-pod-2-8, 1764589778984, 1764589786630, 7646
pause-pod-2-9, 1764589778986, 1764589786787, 7801
pause-pod-2-10, 1764589779007, 1764589786948, 7941
pause-pod-2-11, 1764589779021, 1764589787099, 8078
pause-pod-2-12, 1764589779026, 1764589787257, 8231
pause-pod-2-13, 1764589779029, 1764589787424, 8395
pause-pod-2-14, 1764589779032, 1764589787573, 8541
pause-pod-2-15, 1764589779035, 1764589787729, 8694
pause-pod-2-16, 1764589779075, 1764589787884, 8809
pause-pod-2-17, 1764589779159, 1764589788040, 8881
pause-pod-2-18, 1764589779171, 1764589788211, 9040
pause-pod-2-19, 1764589779222, 1764589788367, 9145
pause-pod-2-20, 1764589779245, 1764589788522, 9277
pause-pod-2-21, 1764589779259, 1764589788678, 9419
pause-pod-2-22, 1764589779344, 1764589788845, 9501
pause-pod-2-23, 1764589779574, 1764589789012, 9438
pause-pod-2-24, 1764589779655, 1764589789174, 9519
pause-pod-2-25, 1764589779734, 1764589789326, 9592
pause-pod-2-26, 1764589779746, 1764589789484, 9738
pause-pod-2-27, 1764589779753, 1764589789644, 9891
pause-pod-2-28, 1764589779755, 1764589789801, 10046
pause-pod-2-29, 1764589779835, 1764589789955, 10120
pause-pod-2-30, 1764589779920, 1764589790117, 10197
pause-pod-2-31, 1764589779961, 1764589790265, 10304
pause-pod-2-32, 1764589780014, 1764589790428, 10414
pause-pod-2-33, 1764589780087, 1764589790584, 10497
pause-pod-2-34, 1764589780124, 1764589790749, 10625
pause-pod-2-35, 1764589780176, 1764589790907, 10731
pause-pod-2-36, 1764589780188, 1764589791057, 10869
pause-pod-2-37, 1764589780256, 1764589791207, 10951
pause-pod-2-38, 1764589780361, 1764589791369, 11008
pause-pod-2-39, 1764589780363, 1764589791530, 11167
pause-pod-2-40, 1764589780366, 1764589791687, 11321
pause-pod-2-41, 1764589780466, 1764589791852, 11386
pause-pod-2-42, 1764589780731, 1764589792014, 11283
pause-pod-2-43, 1764589780921, 1764589792163, 11242
pause-pod-2-44, 1764589781085, 1764589792316, 11231
pause-pod-2-45, 1764589781104, 1764589792504, 11400
pause-pod-2-46, 1764589781159, 1764589792653, 11494
pause-pod-2-47, 1764589781233, 1764589792804, 11571
pause-pod-2-48, 1764589781261, 1764589792958, 11697
pause-pod-2-49, 1764589781343, 1764589793120, 11777
pause-pod-2-50, 1764589781371, 1764589793271, 11900
pause-pod-3-1, 1764589861214, 1764589865478, 4264
pause-pod-3-2, 1764589861216, 1764589866469, 5253
pause-pod-3-3, 1764589861218, 1764589866657, 5439
pause-pod-3-4, 1764589861223, 1764589866888, 5665
pause-pod-3-5, 1764589861229, 1764589867062, 5833
pause-pod-3-6, 1764589861233, 1764589867210, 5977
pause-pod-3-7, 1764589861243, 1764589867370, 6127
pause-pod-3-8, 1764589861246, 1764589867558, 6312
pause-pod-3-9, 1764589861248, 1764589867740, 6492
pause-pod-3-10, 1764589861252, 1764589867909, 6657
pause-pod-3-11, 1764589861321, 1764589868067, 6746
pause-pod-3-12, 1764589861358, 1764589868227, 6869
pause-pod-3-13, 1764589861451, 1764589868395, 6944
pause-pod-3-14, 1764589861507, 1764589868551, 7044
pause-pod-3-15, 1764589861534, 1764589868705, 7171
pause-pod-3-16, 1764589861582, 1764589868860, 7278
pause-pod-3-17, 1764589861608, 1764589869014, 7406
pause-pod-3-18, 1764589861629, 1764589869168, 7539
pause-pod-3-19, 1764589861659, 1764589869330, 7671
pause-pod-3-20, 1764589861712, 1764589869486, 7774
pause-pod-3-21, 1764589861750, 1764589869651, 7901
pause-pod-3-22, 1764589861794, 1764589869805, 8011
pause-pod-3-23, 1764589861856, 1764589869956, 8100
pause-pod-3-24, 1764589861906, 1764589870111, 8205
pause-pod-3-25, 1764589861958, 1764589870285, 8327
pause-pod-3-26, 1764589862014, 1764589870444, 8430
pause-pod-3-27, 1764589862035, 1764589870607, 8572
pause-pod-3-28, 1764589862084, 1764589870764, 8680
pause-pod-3-29, 1764589862123, 1764589870918, 8795
pause-pod-3-30, 1764589862144, 1764589871079, 8935
pause-pod-3-31, 1764589862183, 1764589871236, 9053
pause-pod-3-32, 1764589862286, 1764589871397, 9111
pause-pod-3-33, 1764589862321, 1764589871552, 9231
pause-pod-3-34, 1764589862347, 1764589871720, 9373
pause-pod-3-35, 1764589862420, 1764589871872, 9452
pause-pod-3-36, 1764589862497, 1764589872035, 9538
pause-pod-3-37, 1764589862514, 1764589872188, 9674
pause-pod-3-38, 1764589862618, 1764589872355, 9737
pause-pod-3-39, 1764589862683, 1764589872521, 9838
pause-pod-3-40, 1764589862716, 1764589872683, 9967
pause-pod-3-41, 1764589862866, 1764589872842, 9976
pause-pod-3-42, 1764589862907, 1764589872991, 10084
pause-pod-3-43, 1764589862953, 1764589873146, 10193
pause-pod-3-44, 1764589862999, 1764589873298, 10299
pause-pod-3-45, 1764589863052, 1764589873453, 10401
pause-pod-3-46, 1764589863165, 1764589873609, 10444
pause-pod-3-47, 1764589863178, 1764589873765, 10587
pause-pod-3-48, 1764589863180, 1764589873921, 10741
pause-pod-3-49, 1764589863264, 1764589874082, 10818
pause-pod-3-50, 1764589863285, 1764589874240, 10955
pause-pod-4-1, 1764589943126, 1764589948072, 4946
pause-pod-4-2, 1764589943129, 1764589948833, 5704
pause-pod-4-3, 1764589943132, 1764589949003, 5871
pause-pod-4-4, 1764589943140, 1764589949216, 6076
pause-pod-4-5, 1764589943147, 1764589949379, 6232
pause-pod-4-6, 1764589943153, 1764589949547, 6394
pause-pod-4-7, 1764589943163, 1764589949765, 6602
pause-pod-4-8, 1764589943168, 1764589949958, 6790
pause-pod-4-9, 1764589943171, 1764589950129, 6958
pause-pod-4-10, 1764589943203, 1764589950319, 7116
pause-pod-4-11, 1764589943225, 1764589950572, 7347
pause-pod-4-12, 1764589943234, 1764589950744, 7510
pause-pod-4-13, 1764589943252, 1764589950895, 7643
pause-pod-4-14, 1764589943314, 1764589951047, 7733
pause-pod-4-15, 1764589943329, 1764589951221, 7892
pause-pod-4-16, 1764589943385, 1764589951385, 8000
pause-pod-4-17, 1764589943400, 1764589951539, 8139
pause-pod-4-18, 1764589943414, 1764589951694, 8280
pause-pod-4-19, 1764589943447, 1764589951852, 8405
pause-pod-4-20, 1764589943492, 1764589952006, 8514
pause-pod-4-21, 1764589943529, 1764589952171, 8642
pause-pod-4-22, 1764589943571, 1764589952334, 8763
pause-pod-4-23, 1764589943605, 1764589952489, 8884
pause-pod-4-24, 1764589943664, 1764589952645, 8981
pause-pod-4-25, 1764589943725, 1764589952798, 9073
pause-pod-4-26, 1764589943800, 1764589952969, 9169
pause-pod-4-27, 1764589943813, 1764589953124, 9311
pause-pod-4-28, 1764589943829, 1764589953282, 9453
pause-pod-4-29, 1764589943846, 1764589953445, 9599
pause-pod-4-30, 1764589943902, 1764589953616, 9714
pause-pod-4-31, 1764589943951, 1764589953767, 9816
pause-pod-4-32, 1764589944073, 1764589953927, 9854
pause-pod-4-33, 1764589944231, 1764589954087, 9856
pause-pod-4-34, 1764589944325, 1764589954240, 9915
pause-pod-4-35, 1764589944355, 1764589954412, 10057
pause-pod-4-36, 1764589944374, 1764589954575, 10201
pause-pod-4-37, 1764589944377, 1764589954737, 10360
pause-pod-4-38, 1764589944379, 1764589954917, 10538
pause-pod-4-39, 1764589944440, 1764589955093, 10653
pause-pod-4-40, 1764589944483, 1764589955253, 10770
pause-pod-4-41, 1764589944486, 1764589955409, 10923
pause-pod-4-42, 1764589944487, 1764589955563, 11076
pause-pod-4-43, 1764589944641, 1764589955732, 11091
pause-pod-4-44, 1764589944732, 1764589955900, 11168
pause-pod-4-45, 1764589944789, 1764589956061, 11272
pause-pod-4-46, 1764589944962, 1764589956216, 11254
pause-pod-4-47, 1764589945071, 1764589956388, 11317
pause-pod-4-48, 1764589945189, 1764589956553, 11364
pause-pod-4-49, 1764589945235, 1764589956713, 11478
pause-pod-4-50, 1764589945614, 1764589956874, 11260
pause-pod-5-1, 1764590024281, 1764590030554, 6273
pause-pod-5-2, 1764590024282, 1764590030756, 6474
pause-pod-5-3, 1764590024285, 1764590030934, 6649
pause-pod-5-4, 1764590024292, 1764590031134, 6842
pause-pod-5-5, 1764590024299, 1764590031305, 7006
pause-pod-5-6, 1764590024300, 1764590031461, 7161
pause-pod-5-7, 1764590024312, 1764590031617, 7305
pause-pod-5-8, 1764590024323, 1764590031776, 7453
pause-pod-5-9, 1764590024348, 1764590031931, 7583
pause-pod-5-10, 1764590024351, 1764590032090, 7739
pause-pod-5-11, 1764590024352, 1764590032251, 7899
pause-pod-5-12, 1764590024353, 1764590032414, 8061
pause-pod-5-13, 1764590024357, 1764590032569, 8212
pause-pod-5-14, 1764590024359, 1764590032722, 8363
pause-pod-5-15, 1764590024386, 1764590032877, 8491
pause-pod-5-16, 1764590024415, 1764590033029, 8614
pause-pod-5-17, 1764590024426, 1764590033180, 8754
pause-pod-5-18, 1764590024460, 1764590033334, 8874
pause-pod-5-19, 1764590024490, 1764590033482, 8992
pause-pod-5-20, 1764590024520, 1764590033648, 9128
pause-pod-5-21, 1764590024550, 1764590033804, 9254
pause-pod-5-22, 1764590024608, 1764590033968, 9360
pause-pod-5-23, 1764590024682, 1764590042577, 17895
pause-pod-5-24, 1764590024703, 1764590042738, 18035
pause-pod-5-25, 1764590024746, 1764590042895, 18149
pause-pod-5-26, 1764590024840, 1764590043049, 18209
pause-pod-5-27, 1764590024879, 1764590043213, 18334
pause-pod-5-28, 1764590024947, 1764590043377, 18430
pause-pod-5-29, 1764590024971, 1764590043537, 18566
pause-pod-5-30, 1764590025035, 1764590043692, 18657
pause-pod-5-31, 1764590025037, 1764590043851, 18814
pause-pod-5-32, 1764590025049, 1764590044004, 18955
pause-pod-5-33, 1764590025053, 1764590044158, 19105
pause-pod-5-34, 1764590025101, 1764590044318, 19217
pause-pod-5-35, 1764590025104, 1764590044475, 19371
pause-pod-5-36, 1764590025114, 1764590044630, 19516
pause-pod-5-37, 1764590025119, 1764590044794, 19675
pause-pod-5-38, 1764590025231, 1764590044956, 19725
pause-pod-5-39, 1764590025284, 1764590045128, 19844
pause-pod-5-40, 1764590025334, 1764590045290, 19956
pause-pod-5-41, 1764590025400, 1764590045457, 20057
pause-pod-5-42, 1764590025522, 1764590045621, 20099
pause-pod-5-43, 1764590025531, 1764590045783, 20252
pause-pod-5-44, 1764590025533, 1764590045942, 20409
pause-pod-5-45, 1764590025545, 1764590046113, 20568
pause-pod-5-46, 1764590025547, 1764590046270, 20723
pause-pod-5-47, 1764590025655, 1764590046441, 20786
pause-pod-5-48, 1764590025710, 1764590046634, 20924
pause-pod-5-49, 1764590025798, 1764590046797, 20999
pause-pod-5-50, 1764590025859, 1764590046970, 21111
pause-pod-6-1, 1764590115832, 1764590121799, 5967
pause-pod-6-2, 1764590115834, 1764590122161, 6327
pause-pod-6-3, 1764590115837, 1764590122682, 6845
pause-pod-6-4, 1764590115849, 1764590122850, 7001
pause-pod-6-5, 1764590115851, 1764590123038, 7187
pause-pod-6-6, 1764590115867, 1764590123217, 7350
pause-pod-6-7, 1764590115875, 1764590123396, 7521
pause-pod-6-8, 1764590115881, 1764590123578, 7697
pause-pod-6-9, 1764590115886, 1764590123766, 7880
pause-pod-6-10, 1764590115895, 1764590123958, 8063
pause-pod-6-11, 1764590115903, 1764590124158, 8255
pause-pod-6-12, 1764590115905, 1764590124329, 8424
pause-pod-6-13, 1764590115926, 1764590124493, 8567
pause-pod-6-14, 1764590115988, 1764590124655, 8667
pause-pod-6-15, 1764590116009, 1764590124815, 8806
pause-pod-6-16, 1764590116012, 1764590124994, 8982
pause-pod-6-17, 1764590116014, 1764590125157, 9143
pause-pod-6-18, 1764590116061, 1764590125321, 9260
pause-pod-6-19, 1764590116148, 1764590125478, 9330
pause-pod-6-20, 1764590116175, 1764590125648, 9473
pause-pod-6-21, 1764590116185, 1764590125801, 9616
pause-pod-6-22, 1764590116187, 1764590125959, 9772
pause-pod-6-23, 1764590116220, 1764590126118, 9898
pause-pod-6-24, 1764590116261, 1764590126275, 10014
pause-pod-6-25, 1764590116285, 1764590126431, 10146
pause-pod-6-26, 1764590116368, 1764590126597, 10229
pause-pod-6-27, 1764590116372, 1764590126764, 10392
pause-pod-6-28, 1764590116374, 1764590126939, 10565
pause-pod-6-29, 1764590116416, 1764590127098, 10682
pause-pod-6-30, 1764590116462, 1764590127258, 10796
pause-pod-6-31, 1764590116524, 1764590127424, 10900
pause-pod-6-32, 1764590116659, 1764590127590, 10931
pause-pod-6-33, 1764590116690, 1764590127762, 11072
pause-pod-6-34, 1764590116909, 1764590127922, 11013
pause-pod-6-35, 1764590116946, 1764590128079, 11133
pause-pod-6-36, 1764590117056, 1764590128238, 11182
pause-pod-6-37, 1764590117130, 1764590128405, 11275
pause-pod-6-38, 1764590117173, 1764590128563, 11390
pause-pod-6-39, 1764590117238, 1764590128723, 11485
pause-pod-6-40, 1764590117277, 1764590128874, 11597
pause-pod-6-41, 1764590117406, 1764590129027, 11621
pause-pod-6-42, 1764590117553, 1764590129185, 11632
pause-pod-6-43, 1764590117655, 1764590129352, 11697
pause-pod-6-44, 1764590117738, 1764590129509, 11771
pause-pod-6-45, 1764590117805, 1764590129668, 11863
pause-pod-6-46, 1764590117843, 1764590129819, 11976
pause-pod-6-47, 1764590117945, 1764590129970, 12025
pause-pod-6-48, 1764590117980, 1764590130131, 12151
pause-pod-6-49, 1764590117984, 1764590130297, 12313
pause-pod-6-50, 1764590117986, 1764590130465, 12479
